15 0.72907646875 0.639070090625 0.8381255937500001 0.5647473921875 0.9109375 0.4125329875 0.9109375 0.406647753125 0.884471665625 0.2664097328125 0.8190420796875 0.17429140781250002 0.7817835734374999 0.1146237484375 0.5998106109375 0.0796875 0.59028289375 0.0796875 0.3910242078125 0.10101549218749999 0.2020056953125 0.19208703437500002 0.130215078125 0.320843240625 0.1234375 0.46039690312500003 0.1234375 0.47247063437500003 0.15384244375 0.591964146875 0.2679781265625 0.69375 0.28350121562499997 0.69375 0.5491455234375 0.681988784375 0.72907646875 0.639070090625
8 0.22109375 0.24140625 0.0609375 0.0669921875
8 0.1875 0.31796875 0.046484375 0.038671875
8 0.26640625 0.34375 0.0642578125 0.0439453125
8 0.30625 0.234375 0.037890625 0.0689453125
8 0.5453125 0.50390625 0.0595703125 0.0642578125
8 0.66171875 0.2375 0.0611328125 0.05625
8 0.36796875 0.31015625 0.0423828125 0.0705078125
8 0.3234375 0.428125 0.074609375 0.115625
8 0.45234375 0.44453125 0.0640625 0.0861328125
8 0.4375 0.20859375 0.0904296875 0.0736328125
8 0.55625 0.2359375 0.055859375 0.059375
8 0.6875 0.378125 0.0626953125 0.0591796875
8 0.74296875 0.44453125 0.0625 0.0390625
8 0.64609375 0.4921875 0.0984375 0.065234375
8 0.65859375 0.4375 0.0640625 0.04375
8 0.565625 0.3203125 0.049609375 0.0658203125
8 0.46796875 0.3421875 0.0705078125 0.1029296875
8 0.3375 0.51640625 0.0779296875 0.0453125
8 0.44609375 0.54296875 0.0484375 0.0328125
8 0.80703125 0.478125 0.032421875 0.0625
8 0.78125 0.3109375 0.127734375 0.08125
8 0.646875 0.1828125 0.23828125 0.05625
8 0.425 0.11171875 0.052734375 0.046875
8 0.33984375 0.1484375 0.0484375 0.0626953125