15 0.6999961609375001 0.6690842265625 0.8105528765625 0.59397504375 0.884375 0.440142403125 0.884375 0.43422140625 0.8575396796874999 0.29248037031249996 0.7912055359375 0.19938725156249998 0.753431934375 0.1390881859375 0.5655088515625 0.103125 0.565443821875 0.103125 0.357270365625 0.1253359265625 0.1656386953125 0.217371190625 0.0928555796875 0.34748989531249996 0.0859375 0.4894809203125 0.0859375 0.5005384625 0.1168095921875 0.6214798046875 0.23326253593750002 0.725 0.23336848593749998 0.725 0.517577690625 0.7124570859375 0.6999961609375001 0.6690842265625
8 0.18515625 0.26796875 0.0611328125 0.0671875
8 0.15078125 0.3453125 0.046875 0.040234375
8 0.23125 0.37109375 0.065625 0.0451171875
8 0.27109375 0.2609375 0.0390625 0.071484375
8 0.51328125 0.5328125 0.0609375 0.065625
8 0.63203125 0.2640625 0.0625 0.0564453125
8 0.33359375 0.3375 0.04375 0.071875
8 0.2890625 0.45703125 0.075 0.116796875
8 0.41875 0.4734375 0.0654296875 0.0875
8 0.4046875 0.234375 0.090625 0.075
8 0.525 0.2625 0.055859375 0.059765625
8 0.6578125 0.40625 0.065234375 0.059375
8 0.7140625 0.4734375 0.0626953125 0.040234375
8 0.61640625 0.52109375 0.1 0.064453125
8 0.62890625 0.465625 0.0642578125 0.04375
8 0.534375 0.346875 0.049609375 0.06796875
8 0.43515625 0.36953125 0.071875 0.104296875
8 0.303125 0.54609375 0.0783203125 0.0455078125
8 0.41328125 0.57265625 0.0486328125 0.0328125
8 0.77890625 0.50703125 0.032421875 0.063671875
8 0.75234375 0.33828125 0.129296875 0.082421875
8 0.61640625 0.20859375 0.2423828125 0.0576171875
8 0.39140625 0.13671875 0.053125 0.046875
8 0.30546875 0.1734375 0.0486328125 0.065234375