15 0.24970519531250002 0.6055725890625 0.412142978125 0.68357556875 0.5886378999999999 0.7024038515625 0.7479518078125 0.6719200671875 0.7799708375 0.6208145828125 0.8361993890624999 0.5419150312500001 0.8596279125 0.41818620156249997 0.7963707328125 0.28638815625 0.702656640625 0.2227305984375 0.548028484375 0.185970640625 0.3070312140625 0.17533632500000002 0.20831490000000003 0.263076946875 0.1817625015625 0.3670808546875 0.1880101328125 0.495292609375 0.24970519531250002 0.6055725890625
8 0.26640625 0.3140625 0.05234375 0.05703125
8 0.2375 0.38046875 0.03984375 0.0328125
8 0.30546875 0.40234375 0.05546875 0.03828125
8 0.3390625 0.30859375 0.03359375 0.059375
8 0.54453125 0.5390625 0.0515625 0.05546875
8 0.6453125 0.3109375 0.053125 0.0484375
8 0.3921875 0.3734375 0.03671875 0.0609375
8 0.35390625 0.475 0.06328125 0.0984375
8 0.46484375 0.48828125 0.0546875 0.07421875
8 0.45234375 0.2859375 0.07734375 0.0640625
8 0.5546875 0.31015625 0.046875 0.05078125
8 0.6671875 0.43203125 0.05390625 0.05
8 0.71484375 0.48828125 0.053125 0.03359375
8 0.63125 0.5296875 0.084375 0.0546875
8 0.6421875 0.48203125 0.05546875 0.0375
8 0.56171875 0.38203125 0.04140625 0.05703125
8 0.478125 0.40078125 0.0609375 0.0875
8 0.36640625 0.55 0.06640625 0.0390625
8 0.459375 0.57265625 0.04140625 0.028125
8 0.76953125 0.5171875 0.02734375 0.05390625
8 0.746875 0.37421875 0.109375 0.06953125
8 0.63203125 0.26484375 0.20546875 0.0484375
8 0.44140625 0.203125 0.0453125 0.03984375
8 0.36875 0.234375 0.04140625 0.05390625