15 1 0.34126344531249997 0.9061734734375 0.26044573125000003 0.78500784375 0.1826308109375 0.5695256484375 0.12495619531249999 0.269365134375 0.1743915 0.2308124765625 0.22565785468750002 0.173671815625 0.30621921093750004 0.0463101484375 0.300726409375 0 0.36127154687499996 0 0.7980043546875 0.07178235468750001 0.839937975 0.1874406453125 0.8783877421874999 0.3333902109375 0.8948661187500001 0.47245536093749996 0.922330209375 0.50618905625 0.9104291812499999 0.58576854375 0.9375 0.5985697453125 0.9375 0.635615965625 0.9049363406250001 0.7258018374999999 0.8829650906250001 0.8462790890624999 0.876556725 0.9583333656249999 0.81415495 1 0.7627237109375 1 0.34126344531249997
0 0.34296875 0.33359375 0.0859375 0.060546875
0 0.30234375 0.43984375 0.1607421875 0.0705078125
0 0.459375 0.44453125 0.1341796875 0.0482421875
0 0.475 0.29765625 0.08125 0.092578125
0 0.6 0.4453125 0.0751953125 0.0591796875
0 0.67734375 0.52890625 0.063671875 0.0515625
0 0.778125 0.27890625 0.046875 0.055078125
0 0.58125 0.26875 0.115625 0.0470703125
0 0.53359375 0.3328125 0.0232421875 0.047265625
0 0.671875 0.32421875 0.03125 0.0359375
2 0.75390625 0.4390625 0.1482421875 0.1001953125
2 0.50234375 0.39375 0.115625 0.0654296875
2 0.36171875 0.2609375 0.1044921875 0.0595703125
2 0.69453125 0.27578125 0.096875 0.0578125