15 1 0.298228825 0.9607240765625 0.24961500781249998 0.8495882765625 0.1875542265625 0.7300985437499999 0.18118087968750002 0.6406519 0.159329690625 0.6003668296875 0.1238215296875 0.5122858671875 0.15386686562500002 0.478828678125 0.1420308703125 0.34090340625 0.169344884375 0.19615014687500001 0.185733215625 0.0814398765625 0.2239728734375 0 0.27167925937500004 0 0.6865914125 0.056176459375 0.760237928125 0.182494178125 0.754775140625 0.2391664734375 0.8348962734375001 0.27740312500000003 0.885882484375 0.5710303421875 0.934375 0.5776095390625 0.934375 0.7888192546874999 0.8776881968750001 0.9089917234374999 0.8002984953125001 1 0.7216923359375 1 0.298228825
0 0.33828125 0.33203125 0.085546875 0.059375
0 0.2984375 0.4375 0.159375 0.069140625
0 0.45390625 0.4421875 0.1326171875 0.046875
0 0.46875 0.29609375 0.08125 0.092578125
0 0.59296875 0.44296875 0.0763671875 0.0578125
0 0.66953125 0.5265625 0.0638671875 0.052734375
0 0.76953125 0.27734375 0.046875 0.055078125
0 0.575 0.2671875 0.112890625 0.0470703125
0 0.52734375 0.33125 0.0232421875 0.049609375
0 0.66484375 0.32265625 0.03125 0.0357421875
2 0.74609375 0.43671875 0.1455078125 0.1
2 0.49609375 0.39140625 0.1140625 0.064453125
2 0.35703125 0.259375 0.103125 0.059375
2 0.68671875 0.27421875 0.0955078125 0.0576171875