15 0.09846101406249999 0.7813806171875 0.21300039843750002 0.8551426765624999 0.416698409375 0.90981340625 0.700443896875 0.8629528562500001 0.7368882046875 0.814356625 0.7909039859375 0.737991171875 0.9113005624999999 0.7431978906250001 1 0.6269142265625 0.99980835625 0.29802220625000003 0.8872213671875 0.2320702609375 0.777888140625 0.1956230859375 0.6399201921875 0.1800029578125 0.5084601656250001 0.15396928906250001 0.47657128281250005 0.165250471875 0.39261911562499996 0.13661351093750002 0.3542224078125 0.1704572265625 0.2689685765625 0.19128414062500002 0.1550799234375 0.1973587375 0.049153615625 0.25651041874999997 0.000191334375 0.3171135359375 0 0.696337340625 0.09846101406249999 0.7813806171875
0 0.33359375 0.33515625 0.08125 0.05703125
0 0.29609375 0.43515625 0.1515625 0.0671875
0 0.44453125 0.43984375 0.12578125 0.0453125
0 0.45859375 0.30078125 0.07734375 0.08828125
0 0.5765625 0.440625 0.071875 0.05546875
0 0.65 0.51953125 0.06015625 0.04921875
0 0.7453125 0.2828125 0.04453125 0.053125
0 0.559375 0.27265625 0.109375 0.0453125
0 0.5140625 0.33359375 0.021875 0.04609375
0 0.6453125 0.32578125 0.0296875 0.03359375
2 0.72265625 0.434375 0.1390625 0.0953125
2 0.484375 0.39140625 0.109375 0.06171875
2 0.35234375 0.265625 0.09765625 0.05703125
2 0.66640625 0.2796875 0.09140625 0.0546875