15 0.2705204015625 0 0 0.1366387796875 0 0.9356027984375 0.0637684390625 1 1 1 1 0.1088674671875 0.8560766046875001 0.029244226562499996 0.731686434375 0 0.2705204015625 0
13 0.5765625 0.646875 0.265234375 0.203125
13 0.6640625 0.85078125 0.283984375 0.2169921875
13 0.1953125 0.81640625 0.2064453125 0.2201171875
13 0.27890625 0.63984375 0.2236328125 0.209375
13 0.12734375 0.46875 0.2169921875 0.2216796875
13 0.12578125 0.28515625 0.2044921875 0.1392578125
13 0.0546875 0.2328125 0.109375 0.153125
13 0.28203125 0.096875 0.1736328125 0.1095703125
13 0.33046875 0.2203125 0.1732421875 0.108984375
13 0.53515625 0.21953125 0.1765625 0.1638671875
13 0.61328125 0.12109375 0.176953125 0.133203125
13 0.75546875 0.48515625 0.1798828125 0.1859375
13 0.92734375 0.5265625 0.1451171875 0.221875
13 0.72109375 0.303125 0.16875 0.1591796875
13 0.9 0.22734375 0.16875 0.2