15 1 0.13574566875 0.7312478 0 0.5429519203125001 0.0073129125 0.5342881546875 0.0069444453125 0.4553118359375 0 0.2765609625 0.0420244703125 0.03186308125 0.17739953125000002 0 0.2051687828125 0 0.7900585078125 0.095206759375 0.8751018500000001 0.2921800046875 0.91502019375 0.45444419375 0.934979234375 0.50043354375 0.918491296875 0.525597459375 0.9662196875 0.733850996875 0.9289047375000001 0.8865701781249999 0.9063423046875 1 0.7917940578125 1 0.13574566875
13 0.63828125 0.55859375 0.22109375 0.16953125
13 0.7109375 0.72890625 0.23671875 0.18125
13 0.31953125 0.7 0.1734375 0.18359375
13 0.3890625 0.55234375 0.1875 0.175
13 0.2625 0.409375 0.18125 0.184375
13 0.0828125 0.46484375 0.165625 0.1484375
13 0.26171875 0.25625 0.1703125 0.11640625
13 0.1828125 0.2140625 0.134375 0.128125
13 0.3921875 0.0984375 0.1453125 0.0921875
13 0.4328125 0.2015625 0.14375 0.08984375
13 0.60390625 0.20078125 0.14765625 0.13671875
13 0.66953125 0.11875 0.1484375 0.11171875
13 0.7875 0.4234375 0.15078125 0.15546875
13 0.9359375 0.45859375 0.128125 0.1859375
13 0.75859375 0.27109375 0.140625 0.1328125
13 0.90859375 0.2078125 0.14140625 0.1671875