15 1 0.1758386890625 0.908140840625 0.0937855890625 0.705630196875 0.0527450421875 0.5388043640625 0.032224903124999996 0.491522140625 0.0491763578125 0.46565080468750003 0.0001062046875 0.2515427515625 0.03847016875 0.09453025937500001 0.0616668875 0 0.15712921875000002 0 0.865083621875 0.23926910937499998 0.9859375 0.5700312984375 0.9859375 0.7216883265625 0.9502828140625 0.973265265625 0.8111020281249999 1 0.7878022234375 1 0.1758386890625
13 0.65 0.56796875 0.2279296875 0.175
13 0.725 0.74375 0.2435546875 0.187109375
13 0.321875 0.71328125 0.178125 0.1890625
13 0.39453125 0.56171875 0.1923828125 0.1796875
13 0.2640625 0.41484375 0.184765625 0.1892578125
13 0.08203125 0.47109375 0.1640625 0.1515625
13 0.2625 0.25703125 0.1751953125 0.1201171875
13 0.18203125 0.2140625 0.138671875 0.13125
13 0.396875 0.0953125 0.1498046875 0.0939453125
13 0.4390625 0.2015625 0.147265625 0.0935546875
13 0.61484375 0.20078125 0.1515625 0.140625
13 0.68203125 0.11640625 0.151953125 0.114453125
13 0.80390625 0.42890625 0.1548828125 0.1607421875
13 0.94453125 0.46484375 0.1107421875 0.190625
13 0.77421875 0.27265625 0.1451171875 0.1361328125
13 0.92734375 0.20703125 0.1451171875 0.1732421875