15 0.350968446875 0.9957244578125 0.5611742828125 1 0.6373170625 0.6859238359375001 0.6229995515625 0.405628046875 0.5885076390624999 0.32926259375 0.4993490140625 0.3309981453125 0.3925780953125 0.4040798625 0.34055573125 0.6902627781249999 0.304111321875 0.8768374015625 0.350968446875 0.9957244578125
15 0.85 0.7015625 0.284375 0.596875
15 0.675 0.7 0.08125 0.6
15 0.1546875 0.68984375 0.309375 0.61796875
15 0.8546875 0.19296875 0.290625 0.3859375
15 0.503125 0.1703125 0.309375 0.340625
15 0.16328125 0.15234375 0.3265625 0.3046875
11 0.8453125 0.6828125 0.11796875 0.11484375
11 0.47421875 0.60546875 0.06484375 0.0515625
11 0.18203125 0.6109375 0.05703125 0.0484375
11 0.18125 0.10234375 0.03359375 0.03515625
11 0.59921875 0.0484375 0.05859375 0.04453125
11 0.83125 0.06328125 0.0578125 0.04765625
11 0.95234375 0.14765625 0.04609375 0.04609375
11 0.428125 0.015625 0.06171875 0.03125