15 0.6484375 0.6094624546875 0.576347021875 0.312101346875 0.32498015625 0.312101346875 0.287911275 0.40615343125000003 0.3274441890625 0.6085394625 0.38387523125 0.91897516875 0.4976853171875 0.996875 0.59788045625 0.996875 0.6338239265625 0.91729578125 0.6484375 0.6312039703125001 0.6484375 0.6094624546875
15 0.86171875 0.6953125 0.2765625 0.60625
15 0.690625 0.69453125 0.087890625 0.6107421875
15 0.14609375 0.68359375 0.2921875 0.6328125
15 0.86328125 0.18671875 0.2734375 0.3732421875
15 0.503125 0.1625 0.331640625 0.325
15 0.15546875 0.1421875 0.3109375 0.284375
11 0.87421875 0.69609375 0.1267578125 0.125
11 0.471875 0.61171875 0.069140625 0.0548828125
11 0.1546875 0.6171875 0.0623046875 0.0529296875
11 0.1546875 0.06640625 0.03515625 0.038671875
11 0.60625 0.015625 0.062890625 0.03125
11 0.859375 0.02421875 0.0623046875 0.0482421875
11 0.9828125 0.11328125 0.0341796875 0.0513671875