15 0.6578125 0.622158415625 0.58561839375 0.3251879609375 0.3439910109375 0.3251879609375 0.30566967031250003 0.42215070312499997 0.3442224328125 0.6189766796875 0.39925435625 0.92088393125 0.512202103125 0.9979811265625 0.606518665625 0.9998120390624999 0.6430059781249999 0.91925068125 0.6578125 0.6301778078125 0.6578125 0.622158415625
15 0.865625 0.7015625 0.26875 0.5966796875
15 0.69765625 0.7 0.0859375 0.6
15 0.1546875 0.6890625 0.309375 0.621875
15 0.86640625 0.1921875 0.266796875 0.384375
15 0.51484375 0.16875 0.3234375 0.3375
15 0.1640625 0.15 0.328125 0.299609375
11 0.87734375 0.6984375 0.1236328125 0.1216796875
11 0.48515625 0.6171875 0.06875 0.0533203125
11 0.17578125 0.621875 0.0607421875 0.0501953125
11 0.175 0.0859375 0.0345703125 0.0373046875
11 0.6171875 0.02890625 0.0623046875 0.046875
11 0.86328125 0.04453125 0.0609375 0.05
11 0.98359375 0.13203125 0.0328125 0.0486328125
11 0.4359375 0.00546875 0.066015625 0.0109375