15 1 0.1996522515625 0.7393087671874999 0.058611935937500005 0.5261368953125001 0.0068092859374999995 0.182471865625 0.042672653125 0 0.12387884687499999 0 0.8204571875 0.1486033359375 0.9342771421875 0.33238195937500004 0.9984375 1 0.9984375 1 0.1996522515625
13 0.31953125 0.35859375 0.1767578125 0.1484375
13 0.346875 0.56875 0.200390625 0.1216796875
13 0.403125 0.74453125 0.21875 0.1734375
13 0.72265625 0.8671875 0.2263671875 0.1748046875
13 0.06875 0.51015625 0.1373046875 0.1640625
13 0.071875 0.21875 0.14375 0.1466796875
13 0.28515625 0.171875 0.1638671875 0.112890625
13 0.51796875 0.1859375 0.1701171875 0.108984375
13 0.71640625 0.14765625 0.11875 0.1263671875
13 0.77109375 0.28125 0.148828125 0.103125
13 0.9671875 0.3046875 0.065234375 0.125390625
13 0.84453125 0.44921875 0.164453125 0.141796875
13 0.9921875 0.51484375 0.015625 0.095703125
13 0.97265625 0.734375 0.0546875 0.175
13 0.58203125 0.37265625 0.071875 0.1375
13 0.63828125 0.496875 0.1611328125 0.0658203125
13 0.7484375 0.653125 0.177734375 0.15546875