15 1 0.059806034375 0.9350171875 0.01937165625 0.728069059375 0.0003841359375 0.45182157187499994 0.0450047765625 0.1907630078125 0.136144925 0 0.28225629375 0 0.8685717671875001 0.0331786515625 0.9013418734374999 0.22303942812500002 0.9858363828125001 0.2539540890625 0.9890625 0.6779165 0.9890625 0.753700234375 0.9706463828125 1 0.8373922 1 0.059806034375
13 0.35390625 0.30546875 0.16875 0.1419921875
13 0.3796875 0.50625 0.191015625 0.115625
13 0.4328125 0.6734375 0.208984375 0.165234375
13 0.73828125 0.78984375 0.215625 0.1669921875
13 0.08984375 0.45 0.1796875 0.15625
13 0.09609375 0.17265625 0.18125 0.1388671875
13 0.32109375 0.12734375 0.1548828125 0.109375
13 0.54296875 0.14140625 0.161328125 0.103125
13 0.73203125 0.1046875 0.1138671875 0.1189453125
13 0.784375 0.23125 0.143359375 0.099609375
13 0.96953125 0.253125 0.0609375 0.11875
13 0.85390625 0.3921875 0.1576171875 0.134375
13 0.99375 0.45390625 0.0125 0.0921875
13 0.975 0.6640625 0.05 0.165625
13 0.60390625 0.31875 0.0673828125 0.1310546875
13 0.6578125 0.4375 0.1533203125 0.0626953125
13 0.7625 0.5859375 0.16875 0.147265625