15 0.7104225 0.9558062484375001 0.8995860234374999 0.9384504687499999 1 0.8759696921875 0.998506665625 0.2121110875 0.733850996875 0.06892591406250001 0.5481583109375 0.02380095 0.24879385156249997 0.0550413046875 0.0752492359375 0.132274565625 0 0.20659722500000002 0.0006249984375 0.6642291109375 0.2192911875 0.8317124031249999 0.45791503125000005 0.91502019375 0.7104225 0.9558062484375001
13 0.36875 0.3296875 0.1546875 0.12890625
13 0.3921875 0.51328125 0.175 0.10546875
13 0.440625 0.66640625 0.190625 0.15078125
13 0.71953125 0.7734375 0.196875 0.15234375
13 0.1140625 0.46328125 0.1921875 0.14375
13 0.1328125 0.20859375 0.165625 0.12578125
13 0.33828125 0.1671875 0.1421875 0.1
13 0.540625 0.1796875 0.14765625 0.09375
13 0.7140625 0.14609375 0.10390625 0.109375
13 0.76171875 0.2625 0.1296875 0.08984375
13 0.95234375 0.284375 0.09453125 0.10859375
13 0.825 0.409375 0.14375 0.1234375
13 0.97421875 0.4671875 0.0515625 0.08203125
13 0.95703125 0.65859375 0.0859375 0.15234375
13 0.596875 0.3421875 0.0625 0.11953125
13 0.64609375 0.45078125 0.140625 0.0578125
13 0.74140625 0.58671875 0.1546875 0.134375