15 1 0.202464428125 0.8693720234375 0.1689142484375 0.193214834375 0.1689142484375 0 0.226108096875 0 0.7889231859375 0.134268925 0.898417603125 0.274525309375 0.9336034968750001 0.46592481562500004 0.9615451890625 0.6449260437500001 0.9853474312499999 0.838650265625 0.9998357515625 1 0.9626237234374999 1 0.202464428125
13 0.9796875 0.51015625 0.040625 0.0640625
13 0.8625 0.49453125 0.0626953125 0.0625
13 0.92578125 0.46875 0.0701171875 0.040625
13 0.975 0.43125 0.05 0.05
13 0.67265625 0.7359375 0.103125 0.0533203125
13 0.7328125 0.6859375 0.084375 0.072265625
13 0.0453125 0.65703125 0.090625 0.0642578125
13 0.1421875 0.36796875 0.052734375 0.0513671875
13 0.06484375 0.425 0.069921875 0.050390625
13 0.4453125 0.39453125 0.071484375 0.0544921875
13 0.77109375 0.484375 0.0828125 0.06796875
0 0.45859375 0.79921875 0.0544921875 0.071875
0 0.81484375 0.8078125 0.0375 0.072265625
0 0.38515625 0.47109375 0.1326171875 0.0482421875
0 0.54140625 0.38828125 0.0232421875 0.0265625
0 0.57109375 0.4640625 0.03125 0.074609375
0 0.7703125 0.3578125 0.034375 0.027734375
0 0.85703125 0.35859375 0.0296875 0.034375
0 0.71875 0.85 0.016015625 0.037890625
0 0.565625 0.7203125 0.06796875 0.031640625
0 0.47421875 0.6359375 0.028125 0.0345703125
0 0.57265625 0.68046875 0.0669921875 0.046875
0 0.6234375 0.43125 0.0435546875 0.0501953125
0 0.59921875 0.38515625 0.0388671875 0.0357421875
0 0.60625 0.33828125 0.0283203125 0.0455078125
0 0.76953125 0.3578125 0.040625 0.031640625