15 0.6535868687499999 1 0.9985066921874999 0.9115489578125 0.9991575234375001 0.3674453203125 0.9783322890624999 0.35703181562499997 0.9015386781249999 0.311906815625 0.739491434375 0.27459186406249997 0.5767933578125 0.28674092500000004 0.4264602953125 0.306700096875 0.265714615625 0.3301303703125 0.14792116718749998 0.35963520781249997 0.000842165625 0.47939010625 0.0035806984375000004 0.914062503125 0.29434943750000003 1 0.6535868687499999 1
13 0.8796875 0.56328125 0.07578125 0.053125
13 0.759375 0.54765625 0.053125 0.05234375
13 0.8125 0.52578125 0.05859375 0.034375
13 0.8625 0.49609375 0.053125 0.040625
13 0.6 0.75 0.08671875 0.0453125
13 0.65078125 0.7078125 0.0703125 0.06171875
13 0.06640625 0.68515625 0.0921875 0.05390625
13 0.1546875 0.44140625 0.04296875 0.0421875
13 0.08984375 0.4890625 0.05859375 0.0421875
13 0.409375 0.46328125 0.059375 0.0453125
13 0.6828125 0.5390625 0.06953125 0.05625
0 0.4203125 0.803125 0.0453125 0.06015625
0 0.71953125 0.81015625 0.03125 0.06171875
0 0.35859375 0.528125 0.1109375 0.03984375
0 0.48984375 0.45859375 0.01875 0.02265625
0 0.51484375 0.521875 0.0265625 0.0625
0 0.68203125 0.4328125 0.02890625 0.02265625
0 0.7546875 0.43359375 0.025 0.02890625
0 0.6390625 0.8453125 0.0140625 0.03203125
0 0.51015625 0.73671875 0.05625 0.02734375
0 0.43359375 0.66640625 0.0234375 0.02890625
0 0.51640625 0.70390625 0.05546875 0.0390625
0 0.55859375 0.49453125 0.0359375 0.0421875
0 0.5390625 0.45546875 0.03203125 0.0296875
0 0.54453125 0.4171875 0.02421875 0.03828125
0 0.68125 0.4328125 0.034375 0.02734375