15 1 0.22157164843750002 0.8101834421874999 0.17765984375 0.6182446984375 0.192058728125 0.4408932515625 0.21571404374999997 0.25125779531250003 0.24348325625 0.112294096875 0.2784519546875 0 0.370307528125 0 0.95276875 0.1590700625 1 0.8540220671875 1 1 0.9623921953125001 1 0.22157164843750002
13 0.965625 0.5171875 0.06875 0.0654296875
13 0.83359375 0.50078125 0.0625 0.0625
13 0.89609375 0.475 0.0701171875 0.040625
13 0.95546875 0.43984375 0.0625 0.0484375
13 0.64609375 0.740625 0.1017578125 0.0533203125
13 0.70546875 0.69140625 0.0830078125 0.0732421875
13 0.034375 0.66171875 0.06875 0.0642578125
13 0.1203125 0.375 0.0501953125 0.05
13 0.04375 0.43203125 0.06875 0.05
13 0.4203125 0.4015625 0.071484375 0.0533203125
13 0.74296875 0.490625 0.082421875 0.06796875
0 0.43359375 0.80390625 0.053125 0.071875
0 0.7859375 0.8125 0.0375 0.074609375
0 0.3609375 0.478125 0.13125 0.046875
0 0.515625 0.3953125 0.0220703125 0.027734375
0 0.5453125 0.4703125 0.03125 0.072265625
0 0.7421875 0.36484375 0.034375 0.0265625
0 0.828125 0.365625 0.03046875 0.034375
0 0.69140625 0.85390625 0.0169921875 0.0375
0 0.53984375 0.725 0.0669921875 0.0314453125
0 0.44921875 0.64140625 0.026953125 0.034375
0 0.546875 0.6859375 0.065625 0.046484375
0 0.596875 0.43828125 0.043359375 0.05
0 0.5734375 0.3921875 0.0375 0.0345703125
0 0.58046875 0.34609375 0.028125 0.0453125
0 0.74140625 0.36484375 0.0392578125 0.0326171875