15 0.5070775453125 1 0.6144582749999999 0.971426475 0.7711365546875 0.8976644171875 0.8736363421875 0.718899840625 0.918052946875 0.5965416140625 0.92732670625 0.39174337187499997 0.88486245 0.255500534375 0.8321483328125 0.1400846140625 0.782850784375 0.0897528609375 0.6847438171875 0.00123838125 0.389648415625 0.0026041671875 0.35772068125 0.019462003125 0.3133041515625 0.0463634125 0.29182796093749996 0.0663225515625 0.26449472812499997 0.09322406250000001 0.2386257203125 0.12099325000000001 0.20592342187499998 0.16004375312500002 0.181518709375 0.1912841390625 0.1576020484375 0.216450034375 0.12831639374999998 0.2589717046875 0.10586410312500001 0.28587315 0.0863403359375 0.31971693125 0.078530796875 0.35616403750000003 0.07364985625 0.385668875 0.0668165296875 0.4221159859375 0.06242367343750001 0.45422421562500004 0.0555903453125 0.5028203812500001 0.054614173437500003 0.5349285453125 0.055102259375 0.58352478125 0.0585189421875 0.64166674375 0.0682808265625 0.6919983953125 0.0907331546875 0.75881825 0.1258759234375 0.832580246875 0.18493535625 0.9132845109375 0.2068995953125 0.94973175 0.21959 0.972294184375 0.2898756140625 1 0.5070775453125 1
7 0.7609375 0.509375 0.19140625 0.1671875
7 0.225 0.54765625 0.10546875 0.0875
7 0.21484375 0.28984375 0.0390625 0.253125
7 0.3421875 0.37734375 0.0921875 0.1234375
7 0.68828125 0.13046875 0.07421875 0.0609375
7 0.39140625 0.02578125 0.0375 0.02890625
7 0.571875 0.2125 0.10625 0.05078125
9 0.30859375 0.5015625 0.1234375 0.1765625
9 0.3203125 0.1375 0.10546875 0.078125
9 0.46640625 0.6125 0.109375 0.09609375
9 0.57265625 0.3203125 0.08125 0.09375
9 0.40625 0.33125 0.0453125 0.096875
9 0.6421875 0.05234375 0.0859375 0.0953125
9 0.6953125 0.38359375 0.11875 0.10234375
11 0.515625 0.521875 0.04453125 0.084375
11 0.40546875 0.503125 0.05859375 0.07734375
11 0.50703125 0.67421875 0.0484375 0.0625
11 0.5125 0.4359375 0.03125 0.071875
11 0.303125 0.2671875 0.04375 0.08671875
11 0.5140625 0.16484375 0.03359375 0.04609375
11 0.5484375 0.140625 0.0359375 0.04140625
11 0.7953125 0.196875 0.03828125 0.0796875
11 0.65078125 0.321875 0.04609375 0.03515625