15 0.220547078125 0 0.211258871875 0.0165824296875 0.1879275625 0.0554594859375 0.1251922328125 0.1415440328125 0.087862153125 0.220223496875 0.064012378125 0.2914980078125 0.05364290625 0.345185103125 0.05001356875 0.407203196875 0.049495103125 0.45903918125 0.0505320328125 0.4932878890625 0.057790671875 0.5451238 0.062456942187499996 0.579372578125 0.069715578125 0.6182494968750001 0.0749003125 0.649721321875 0.0831959234375 0.6885982375 0.10393486249999999 0.7246982703125 0.1277846 0.75339314375 0.1588930125 0.7987495921875001 0.18429826093749999 0.8255932140625 0.21022193906250003 0.8589162921875 0.24495965156250002 0.9005701625 0.2724387640625 0.9301906296875 0.301473234375 0.9588855734375 0.3242861171875 0.9801753218749999 0.3568825390625 1 0.750090796875 1 0.8230576453125 0.93389324375 0.8754235046875 0.880206040625 0.93141858125 0.7570957265625 0.9734375 0.62171999375 0.9734375 0.543284059375 0.966674878125 0.3933185734375 0.9194937546874999 0.2628031328125 0.8106143124999999 0.07212091875 0.6580576375 0 0.220547078125 0
7 0.8 0.5140625 0.203125 0.178125
7 0.23046875 0.5546875 0.1111328125 0.0935546875
7 0.2203125 0.27890625 0.0408203125 0.2701171875
7 0.3546875 0.37265625 0.097265625 0.13125
7 0.72265625 0.109375 0.0794921875 0.0654296875
7 0.40546875 0.00546875 0.0390625 0.0109375
7 0.59921875 0.196875 0.1125 0.05546875
9 0.31953125 0.5046875 0.130078125 0.187890625
9 0.33203125 0.1171875 0.1125 0.083984375
9 0.4875 0.62421875 0.1158203125 0.1017578125
9 0.6 0.3125 0.08671875 0.1
9 0.4234375 0.3234375 0.047265625 0.1033203125
9 0.67265625 0.03671875 0.0890625 0.0734375
9 0.73046875 0.3796875 0.1265625 0.109375
11 0.5390625 0.52734375 0.046875 0.0892578125
11 0.42265625 0.50703125 0.0625 0.0826171875
11 0.5296875 0.6890625 0.052734375 0.0658203125
11 0.5359375 0.43515625 0.033984375 0.0765625
11 0.31328125 0.25546875 0.0455078125 0.0923828125
11 0.5375 0.14609375 0.037109375 0.0486328125
11 0.57421875 0.1203125 0.038671875 0.04375
11 0.83671875 0.1796875 0.040625 0.084765625
11 0.6828125 0.3140625 0.047265625 0.0375