15 0.35244820625 0 0.21556034999999998 0.0647135109375 0.10668090781249999 0.2553957265625 0.0594997828125 0.3859111671875 0.049648818750000004 0.6043626265625 0.09475607968750001 0.74968831875 0.15075115781249998 0.8727986328125 0.2031170171875 0.9264858374999999 0.2842599609375 1 0.657112609375 1 0.70188854375 0.9727679140625 0.724701428125 0.9514781671874999 0.7537358984375 0.9227832218750001 0.7812150109375 0.89316275625 0.815952725 0.8515088859375 0.8418764031249999 0.8181858078124999 0.86728165 0.7913421859375 0.8983900625000001 0.7459857375000001 0.9222398015625 0.7172908625 0.942978740625 0.6811908296875 0.9512743499999999 0.6423139140624999 0.956459084375 0.6108420890625 0.9637177203125 0.5719651703124999 0.968383990625 0.5377163921875 0.9734375 0.50162791875 0.9734375 0.353255028125 0.9725317562500001 0.33777769687500003 0.962162284375 0.28409059999999997 0.938312509375 0.2128160890625 0.9009824296875 0.1341366265625 0.8382471 0.048052078124999995 0.814915790625 0.009175021875 0.8097766453125 0 0.35244820625 0
7 0.8 0.52109375 0.203125 0.178125
7 0.23046875 0.56171875 0.1111328125 0.0923828125
7 0.2203125 0.28671875 0.0408203125 0.2701171875
7 0.3546875 0.3796875 0.097265625 0.13125
7 0.72265625 0.1171875 0.079296875 0.065234375
7 0.40546875 0.009375 0.0390625 0.01875
7 0.59921875 0.2046875 0.1125 0.053515625
9 0.31953125 0.5125 0.1298828125 0.1876953125
9 0.33203125 0.12421875 0.1125 0.083203125
9 0.4875 0.63125 0.1158203125 0.1029296875
9 0.6 0.31953125 0.087109375 0.1
9 0.4234375 0.33125 0.047265625 0.1033203125
9 0.6734375 0.040625 0.090234375 0.08125
9 0.73046875 0.3875 0.1265625 0.109375
11 0.5390625 0.53515625 0.046875 0.089453125
11 0.42265625 0.51484375 0.0625 0.0826171875
11 0.5296875 0.696875 0.052734375 0.0658203125
11 0.5359375 0.4421875 0.033984375 0.077734375
11 0.31328125 0.26328125 0.0455078125 0.0923828125
11 0.5375 0.153125 0.037109375 0.0498046875
11 0.57421875 0.12734375 0.0388671875 0.04375
11 0.83671875 0.1875 0.040625 0.0845703125
11 0.6828125 0.32109375 0.047265625 0.0375