15 0.8659352468750001 1 0.9933009671875 0.8562244859374999 1 0.1324885328125 0.8596715328125001 0.08476014062500001 0.795460078125 0.15678655 0.805105028125 0.15871569218749998 0.6843914984375 0.1767456875 0.7026137359375 0.246168834375 0.6314604703125 0.25484672656249996 0.5776615359374999 0.3381544515625 0.46225447031250005 0.3381544515625 0.3346990734375 0.22360637031250002 0.25920719375 0.2296808328125 0.1203715 0.2713347296875 0.1281809546875 0.3477001140625 0.15855139375 0.40237084687499997 0.122107053125 0.5707219125 0 0.7564286921875001 0 0.9950707156249999 0.829729346875 1 0.8659352468750001 1
7 0.656889271875 0.748982065625 0.6464764890625 0.8244796750000001 0.74340179375 0.8390625 0.7451707578125 0.8390625 0.871875 0.8055609203125 0.871875 0.8030540937499999 0.8174180421875 0.705592615625 0.8373755671875 0.615342553125 0.8078730343749999 0.535505996875 0.7063494609375 0.474760775 0.640402453125 0.4912487125 0.56577835 0.474760775 0.45132457812500004 0.2484375 0.4508110109375 0.2484375 0.2039377203125 0.346327853125 0.1258426453125 0.45133043125 0.18918645625 0.53290260625 0.24385303593750002 0.6283593890625 0.29504864531249997 0.6821622781250001 0.354921615625 0.7160060578125 0.38268872656249997 0.6882368375000001 0.4920218890625 0.696914728125 0.5683814125 0.722948396875 0.656889271875 0.748982065625
7 0.24703143593750002 0.4185421640625 0.32174804687499997 0.4640625 0.3229189234375 0.4640625 0.353125 0.42798025937500006 0.353125 0.426325046875 0.3259942859375 0.388169553125 0.312110665625 0.33610221406249996 0.2730631265625 0.3144074921875 0.2730631265625 0.28403487968749996 0.3138462171875 0.2510588734375 0.353125 0.21092310625000002 0.353125 0.20955424687500002 0.3003809796875 0.15 0.2986281484375 0.15 0.2019098609375 0.18423915156249998 0.14377244375 0.1660155984375 0.1633949578125 0.212255525 0.067412784375 0.2675468765625 0.0515625 0.3301187375 0.0515625 0.3330145484375 0.11860852656250001 0.3734171 0.10732809843749999 0.41940994062500003 0.21666112656249997 0.4506503609375 0.24703143593750002 0.4185421640625
17 0.0609375 0.32890625 0.11640625 0.110546875
17 0.590625 0.82265625 0.156640625 0.3421875
17 0.73203125 0.70078125 0.121875 0.1375
17 0.77109375 0.94921875 0.1013671875 0.1013671875
17 0.8328125 0.64453125 0.140625 0.0734375
17 0.06328125 0.7421875 0.1 0.096484375
17 0.37734375 0.34921875 0.06875 0.08125
17 0.2421875 0.8546875 0.291015625 0.15