15 1 0.7562147265625 0.8778929468750001 0.5705079453125 0.84144860625 0.4021568796875 0.8718190453125001 0.3474861484375 0.8796284999999999 0.2711207625 0.74079280625 0.22946686718749998 0.6653009265625001 0.2233924046875 0.5377455296875 0.337940484375 0.42233846406250003 0.337940484375 0.3685395296875 0.254632759375 0.2973862640625 0.24595486875 0.3156085015625 0.176531721875 0.194894971875 0.1585017265625 0.204539921875 0.156572584375 0.1403284671875 0.08454617343750001 0 0.132274565625 0.0066990328125 0.85601051875 0.1342542984375 1 1 0.99485675 1 0.7562147265625
7 0.6566236953125 0.33880825937500003 0.5681158359375 0.364841928125 0.4917563125 0.3908755953125 0.38242315 0.3995534859375 0.3546560390625 0.371784265625 0.29478306875000004 0.405628046875 0.24358745937499998 0.4594309359375 0.1889208796875 0.55488771875 0.12557706875000002 0.6364598921875 0.20367214374999998 0.741462471875 0.4509732203125 0.8395224515624999 0.5655127734375001 0.61302955 0.6401368765625 0.5965416125 0.706083884375 0.61302955 0.8076074562500001 0.5522843265625 0.8371099890625 0.4724477703125 0.817152465625 0.3821977078125 0.872829821875 0.28255208593750003 0.744263646875 0.248558196875 0.6462109125 0.26331064843749996 0.6566236953125 0.33880825937500003
7 0.2973862640625 0.19475530937500002 0.1880532359375 0.1635148890625 0.157682928125 0.1956230859375 0.0821909140625 0.14963034375 0.0509529625 0.1869451953125 0.07872007656249999 0.225995696875 0.092603696875 0.2780630359375 0.1316512359375 0.2997577578125 0.1316512359375 0.3301303703125 0.09086814531250001 0.3631063765625 0.0509529625 0.4038924296875 0.10475176718749998 0.46463765625000003 0.20280450156250002 0.42992609843749996 0.26094192031249996 0.44814965156250003 0.24131940468750002 0.401909725 0.337301578125 0.3466183734375 0.35378826406249997 0.281534203125 0.28610583749999996 0.24074815 0.2973862640625 0.19475530937500002
17 0.0609375 0.32890625 0.1171875 0.11015625
17 0.590625 0.82265625 0.15703125 0.3421875
17 0.73203125 0.70078125 0.121875 0.1375
17 0.77109375 0.94921875 0.10078125 0.10078125
17 0.8328125 0.64453125 0.140625 0.0734375
17 0.06328125 0.7421875 0.1 0.0953125
17 0.37734375 0.34921875 0.06875 0.08125
17 0.2421875 0.8546875 0.2921875 0.15