15 0.1640634953125 0 0 0.1961434296875 0 1 0.9288860937500001 1 1 0.8168114875000001 1 0 0.1640634953125 0
0 1 0.387879528125 0.6620910703125 0.387879528125 0.6510555140625 0.411356725 0.6137365078125 0.4868890765625 0.63683881875 0.540206028125 0.58086024375 0.565975834375 0.500890884375 0.6210700578125 0.46446034375 0.69571380625 0.5035565562500001 0.7143747234375 0.6012968843750001 0.7294812359375 0.633284546875 0.7365901218750001 0.6830433109375 0.754362440625 0.6634952734375 0.7801323124999999 0.612848040625 0.7614712578125 0.53376715 0.8067907906249999 0.4786771734375 0.9551896781250001 0.48756265781249997 0.999620471875 0.5826373109375 0.9285312046875 0.6475013765625001 0.8032363124999999 0.7443531 0.7170404640625 0.824322459375 0.710820315625 0.7674554109375 0.6761642828125 0.7105883687500001 0.6246245359375 0.727470734375 0.5917457765624999 0.7852263828125 0.6370650359375001 0.97271001875 0.62018145625 1 0.578037740625 1 0.387879528125
0 0.334375 0.89296875 0.215234375 0.210546875
0 0.07734375 0.5 0.154296875 0.20703125
0 0.68515625 0.228125 0.1294921875 0.125
0 0.203125 0.01796875 0.10625 0.0359375
0 0.371875 0.171875 0.0716796875 0.0623046875
0 0.23515625 0.421875 0.06875 0.0814453125
0 0.33984375 0.44765625 0.0736328125 0.0580078125
0 0.103125 0.64609375 0.1248046875 0.0861328125
0 0.45859375 0.53046875 0.0765625 0.0984375
0 0.50625 0.0203125 0.062890625 0.022265625