15 0.08652282812499999 0 0 0.22288170156249998 0 1 0.8305863234374999 1 1 0.7974602484375 1 0 0.08652282812499999 0
0 0.9884280515625001 1 0.9984375 0.9706366624999999 0.9984375 0.8219324718750001 0.9548689765624999 0.754649925 0.7696084671875 0.7379665453124999 0.71253766875 0.7827484218749999 0.6958554875 0.7502595296875 0.7520482187499999 0.6993309265625001 0.8082409515625001 0.665085834375 0.729219846875 0.6589394421875 0.6335165640625 0.5737656796875 0.5694216375 0.44995649843749996 0.47547435 0.3797101828125 0.466694228125 0.4236141296875 0.521130965625 0.57025335 0.5992741359375 0.6150354953125 0.649320809375 0.59659571875 0.6686370515625 0.6220600187499999 0.6194683125 0.6396215984375 0.58785995 0.6466461890625 0.4912785984375 0.6615735734375 0.4526459765625 0.6800132156250001 0.4886445359375 0.753771859375 0.567665640625 0.8082127921875 0.6229804390625 0.8336770265625001 0.6001520703125001 0.8863617625 0.6370285578125 0.9609984718750001 0.6553613890625 1 0.9884280515625001 1
0 0.325 0.878125 0.2125 0.206640625
0 0.0734375 0.48984375 0.1466796875 0.2048828125
0 0.67109375 0.22109375 0.1267578125 0.1234375
0 0.19453125 0.015625 0.1046875 0.03125
0 0.36171875 0.165625 0.0703125 0.062109375
0 0.2265625 0.41328125 0.0685546875 0.08125
0 0.3296875 0.43828125 0.072265625 0.0578125
0 0.0953125 0.634375 0.122265625 0.084765625
0 0.44765625 0.51953125 0.076171875 0.096875
0 0.49453125 0.01640625 0.0640625 0.0232421875