15 0 0 0 0.7865874046875 0.178508228125 1 1 1 1 0.23814475625 0.90755204375 0 0 0
0 0.695671234375 0.749272453125 0.75120545625 0.6989406703125 0.8067396812500001 0.6650968875000001 0.7286446046874999 0.6590225234375 0.63406284375 0.574846890625 0.57071903125 0.452488596875 0.4778726890625 0.3830654828125 0.469195459375 0.4264549296875 0.5229942640624999 0.5713757203125 0.6002216953125 0.6156330765625 0.649681884375 0.597409390625 0.6687717656250001 0.62257528125 0.6201792203125 0.6399310609375 0.5889412703125 0.64687333125 0.4934917296875 0.6616257859375 0.4553118359375 0.6798493375 0.4908885359375 0.7527436234375 0.5689836109375 0.8065465765625 0.623650190625 0.8317124031249999 0.601089340625 0.8837797390625 0.63753368125 0.9575417984374999 0.6574913390625 1 0.9837552671875001 0.99919569375 0.9967711156249999 0.9610129015625001 0.9965277390624999 0.8229166687499999 0.9516494078125 0.7536113984374999 0.7685599203125 0.7371235265625 0.7121579203125 0.7813806171875 0.695671234375 0.749272453125
0 0.32890625 0.87578125 0.209375 0.20546875
0 0.0765625 0.49375 0.15234375 0.2046875
0 0.67109375 0.2265625 0.12578125 0.121875
0 0.2 0.01953125 0.103125 0.0390625
0 0.36484375 0.171875 0.06953125 0.06015625
0 0.23125 0.415625 0.0671875 0.08046875
0 0.334375 0.44140625 0.07265625 0.05703125
0 0.10234375 0.63515625 0.12109375 0.084375
0 0.45 0.521875 0.075 0.09609375
0 0.49609375 0.02421875 0.06328125 0.02265625