15 0.526465234375 1 0.9965277390624999 0.720920140625 1 0.035949940624999996 0.9629299671875 0.0012383828125 0.001492775 0.000370575 0.0040958374999999995 0.8629528578125001 0.179376003125 1 0.526465234375 1
0 0.4671875 0.30625 0.153125 0.22890625
0 0.559375 0.1328125 0.296875 0.08203125
0 0.2703125 0.140625 0.11953125 0.084375
2 0.11796875 0.46015625 0.2046875 0.22578125
2 0.53515625 0.5984375 0.16171875 0.25859375
2 0.7203125 0.51171875 0.11953125 0.140625
2 0.8296875 0.26640625 0.2 0.09765625
2 0.77265625 0.15078125 0.12421875 0.0921875
2 0.275 0.0359375 0.0984375 0.071875
2 0.1640625 0.1015625 0.08359375 0.09765625
2 0.27421875 0.2578125 0.23125 0.15078125
2 0.38203125 0.08828125 0.06953125 0.1765625
2 0.59140625 0.046875 0.175 0.09296875
2 0.34921875 0.5890625 0.246875 0.1921875
2 0.33125 0.41953125 0.13671875 0.1046875