15 0.0016761562500000001 0 0.0016761562500000001 0.8599072968750001 0.23763846093750002 1 0.925820975 1 0.9970366234375 0.94431828125 0.9998863437500001 0 0.0016761562500000001 0
0 0.5296875 0.31328125 0.1720703125 0.259375
0 0.63359375 0.1171875 0.3361328125 0.0935546875
0 0.30625 0.12578125 0.1345703125 0.0955078125
2 0.13359375 0.48828125 0.2326171875 0.2548828125
2 0.60625 0.64453125 0.1841796875 0.2923828125
2 0.815625 0.54609375 0.13671875 0.159375
2 0.9125 0.26796875 0.175 0.1109375
2 0.875 0.1375 0.140625 0.1033203125
2 0.3109375 0.0234375 0.1125 0.046484375
2 0.18515625 0.08203125 0.0951171875 0.1109375
2 0.3109375 0.259375 0.2623046875 0.1716796875
2 0.4328125 0.0828125 0.0779296875 0.165625
2 0.66875 0.03515625 0.196875 0.0703125
2 0.39609375 0.634375 0.2794921875 0.218359375
2 0.37578125 0.4421875 0.1546875 0.1185546875