15 0.09571555000000001 0 0 0.0748375765625 0 1 1 1 1 0.200426221875 0.66241615625 0 0.09571555000000001 0
0 0.49453125 0.28828125 0.1703125 0.2546875
0 0.59609375 0.0953125 0.330078125 0.091015625
0 0.275 0.10390625 0.131640625 0.09375
2 0.10859375 0.46015625 0.2171875 0.25
2 0.56953125 0.6140625 0.1798828125 0.2875
2 0.775 0.5171875 0.1341796875 0.1564453125
2 0.8921875 0.24375 0.2154296875 0.1091796875
2 0.83359375 0.115625 0.1388671875 0.1029296875
2 0.2796875 0.01328125 0.109765625 0.0263671875
2 0.15625 0.0609375 0.0935546875 0.109375
2 0.2796875 0.23515625 0.258984375 0.1673828125
2 0.39921875 0.071875 0.0763671875 0.14375
2 0.63125 0.025 0.19375 0.05
2 0.3625 0.603125 0.2748046875 0.212890625
2 0.34296875 0.41484375 0.151953125 0.116796875