15 1 0.32854196875 0.8630405421875 0.30105181875000003 0.6787139328125 0.279012734375 0.3502345578125 0.2913546359375 0.412858353125 0.46502259218750003 0.28997406875 0.28518371875000004 0 0.4028004625 0 0.921748678125 0.12455281874999999 0.9842634265625 0.33095355312499997 0.996875 0.4439986734375 0.996875 0.7945088453125 0.9648690609375 1 0.878519421875 1 0.8778100906249999 0.994195853125 0.840568571875 1 0.6256218875 1 0.32854196875
0 0.3671875 0.478125 0.1998046875 0.0345703125
0 0.65703125 0.534375 0.134375 0.118359375
2 0.12421875 0.6171875 0.1576171875 0.0876953125
2 0.12421875 0.4640625 0.0984375 0.0873046875
2 0.24921875 0.42265625 0.1296875 0.1
2 0.33515625 0.3859375 0.1296875 0.078125
2 0.4796875 0.36171875 0.071875 0.0482421875
2 0.57109375 0.3484375 0.1017578125 0.0470703125
2 0.54609375 0.425 0.057421875 0.049609375
2 0.321875 0.68515625 0.1158203125 0.140625
2 0.38515625 0.51171875 0.084375 0.0330078125
2 0.4703125 0.63359375 0.0658203125 0.1076171875
2 0.61953125 0.72578125 0.146875 0.0951171875
2 0.7 0.653125 0.0689453125 0.0376953125
2 0.8625 0.58203125 0.25078125 0.135546875
2 0.81796875 0.4546875 0.2046875 0.090234375
2 0.53046875 0.56328125 0.0765625 0.028125