15 0.4694933578125 0.8640625 0.6094240984375 0.8606658656249999 0.8823637984375001 0.7530756515625 0.9609375 0.5939517890625 0.9609375 0.581104565625 0.9391433609375 0.37451731875 0.8425185781250001 0.24002948906250002 0.62038144375 0.1155037609375 0.38228550625 0.053859184375 0.1372581390625 0.08561757656249999 0.00037224843750000003 0.1479289 0.00037224843750000003 0.6636348078125 0.14522721249999998 0.7929238953125 0.3985785171875 0.8640625 0.4694933578125 0.8640625
7 0.51171875 0.28125 0.079296875 0.150390625
7 0.68046875 0.34296875 0.0548828125 0.06875
7 0.65 0.66171875 0.17421875 0.044921875
7 0.61640625 0.59453125 0.1265625 0.078125
7 0.63515625 0.471875 0.0953125 0.0533203125
7 0.77109375 0.3515625 0.05 0.05625
7 0.771875 0.49296875 0.0720703125 0.046875
7 0.84609375 0.5515625 0.0548828125 0.04375
7 0.640625 0.7015625 0.140625 0.0251953125
7 0.84375 0.6890625 0.059375 0.047265625
1 0.2796875 0.2859375 0.059765625 0.0591796875
1 0.103125 0.253125 0.0564453125 0.0623046875
1 0.15078125 0.43359375 0.0607421875 0.0640625
1 0.20078125 0.5421875 0.1453125 0.0810546875
1 0.28671875 0.44296875 0.1326171875 0.134375
1 0.36640625 0.61875 0.153125 0.2064453125
1 0.13671875 0.328125 0.0673828125 0.04375
1 0.1671875 0.23515625 0.059375 0.10625
9 0.0109375 0.21875 0.021875 0.05625
9 0.0109375 0.50234375 0.021875 0.0640625
9 0.03984375 0.5578125 0.0578125 0.0685546875
9 0.03125 0.67421875 0.05078125 0.060546875
9 0.3609375 0.32734375 0.1064453125 0.10625
9 0.4375 0.47109375 0.090625 0.0517578125