15 0.009676540625 0.3642615 0.009676540625 0.680255109375 0.045367028125 0.7525338546875 0.30659258125 0.8555064640625 0.40159406718749996 0.8578125 0.51175385625 0.8578125 0.7508668546874999 0.7906718734375 0.9281950999999999 0.6323990296875001 0.999698459375 0.45219694375 0.99683844375 0.3721070859375 0.8967337375 0.17664969531250002 0.7584939078125 0.11372204999999999 0.5239827359375 0.083326678125 0.2961055078125 0.14232556406250002 0.083502153125 0.26150684062499996 0.009676540625 0.3642615
7 0.609375 0.3015625 0.0751953125 0.1439453125
7 0.77109375 0.3609375 0.053125 0.065625
7 0.7421875 0.665625 0.165625 0.043359375
7 0.71015625 0.60078125 0.1205078125 0.075
7 0.728125 0.48359375 0.0908203125 0.0515625
7 0.8578125 0.36796875 0.047265625 0.0544921875
7 0.859375 0.50390625 0.0689453125 0.0453125
7 0.9296875 0.56015625 0.053125 0.0419921875
7 0.73359375 0.70390625 0.134375 0.025
7 0.928125 0.69140625 0.0564453125 0.046875
1 0.3875 0.30546875 0.058984375 0.055078125
1 0.21875 0.27421875 0.055859375 0.0580078125
1 0.26484375 0.44765625 0.0578125 0.0611328125
1 0.3125 0.55078125 0.137890625 0.0767578125
1 0.39453125 0.45625 0.1265625 0.128125
1 0.4703125 0.62421875 0.146875 0.1984375
1 0.25078125 0.34609375 0.064453125 0.041796875
1 0.2796875 0.25703125 0.0564453125 0.1017578125
9 0.11875 0.24296875 0.046875 0.0544921875
9 0.0921875 0.5140625 0.1 0.0623046875
9 0.1578125 0.565625 0.053515625 0.0654296875
9 0.15 0.67734375 0.05 0.0578125
9 0.465625 0.34609375 0.102734375 0.1015625
9 0.5390625 0.4828125 0.0873046875 0.05