15 0.0188472359375 0.47071221875 0.08392646718749999 0.6347242734375 0.245322878125 0.778777290625 0.470930878125 0.8421258437500001 0.649681884375 0.8377868984375001 0.887437953125 0.744065734375 0.9568558015624999 0.6034838859375 0.9368982750000001 0.4143059375 0.85272903125 0.2971544296875 0.659226759375 0.1886808453125 0.45182287656250003 0.134982640625 0.23838106875 0.162647178125 0.11256122187499999 0.21992116875 0.0214502984375 0.3978179328125 0.0188472359375 0.47071221875
7 0.56484375 0.3328125 0.06875 0.13125
7 0.71171875 0.38671875 0.0484375 0.06015625
7 0.68515625 0.66484375 0.15078125 0.03828125
7 0.65625 0.60546875 0.11015625 0.06796875
7 0.67265625 0.4984375 0.0828125 0.04765625
7 0.790625 0.39375 0.04375 0.0484375
7 0.79140625 0.5171875 0.06328125 0.040625
7 0.85625 0.56875 0.0484375 0.03828125
7 0.67734375 0.69921875 0.12265625 0.02265625
7 0.8546875 0.68828125 0.0515625 0.0421875
1 0.3625 0.33671875 0.053125 0.05078125
1 0.20859375 0.30859375 0.05 0.05390625
1 0.25078125 0.465625 0.05234375 0.05625
1 0.29453125 0.56015625 0.1265625 0.0703125
1 0.36875 0.47421875 0.11484375 0.11640625
1 0.43828125 0.62734375 0.13359375 0.18046875
1 0.23828125 0.3734375 0.05859375 0.03828125
1 0.26484375 0.29296875 0.0515625 0.09296875
9 0.11796875 0.2796875 0.04296875 0.04921875
9 0.09375 0.5265625 0.09140625 0.05625
9 0.15390625 0.5734375 0.05 0.059375
9 0.146875 0.675 0.0453125 0.05234375
9 0.43359375 0.3734375 0.09296875 0.0921875
9 0.50078125 0.4984375 0.07890625 0.0453125