15 1 0.3345827484375 0.9159750859375 0.29241685781250004 0.17969031093750001 0.29241685781250004 0 0.3679115296875 0 0.9546820796875 0.1112548234375 0.9770089671875001 0.301658134375 0.9997706421875 0.6409665 0.9870240890625 0.576278184375 0.8076621015625 0.7032135984375001 0.99339733125 1 0.8730384234375 1 0.3345827484375
0 0.34921875 0.49765625 0.2048828125 0.0359375
0 0.6484375 0.55625 0.140234375 0.1216796875
2 0.0984375 0.64140625 0.1625 0.0919921875
2 0.0984375 0.48359375 0.10234375 0.089453125
2 0.22734375 0.440625 0.1330078125 0.1033203125
2 0.31640625 0.403125 0.134375 0.0810546875
2 0.465625 0.37734375 0.0748046875 0.0486328125
2 0.559375 0.3640625 0.1060546875 0.0498046875
2 0.53359375 0.44296875 0.059375 0.0513671875
2 0.3015625 0.71171875 0.121484375 0.1453125
2 0.3671875 0.5328125 0.0875 0.034375
2 0.45546875 0.65859375 0.06875 0.1109375
2 0.609375 0.75390625 0.152734375 0.098046875
2 0.69296875 0.678125 0.0705078125 0.037890625
2 0.8609375 0.60546875 0.259375 0.1392578125
2 0.81484375 0.47421875 0.2109375 0.0923828125
2 0.51796875 0.5859375 0.0794921875 0.0283203125