15 0.013566384375 0.8395224515624999 0.007751278124999999 0.8768374 0.21011694687500002 0.9618807437499999 0.5997291515625001 0.9974601421875 0.8695501046875 0.9809720734375 0.9974824718749999 0.9167557468749999 0.9998086546874999 0.41170254218749996 0.70672709375 0.2928154859375 0.5857729296875 0.4698443765625 0.6474131046875 0.2988899828125 0.3240930921875 0.2867409234375 0.142661665625 0.30843564687499997 0 0.337072709375 0.013566384375 0.8395224515624999
0 0.36875 0.48203125 0.19609375 0.034375
0 0.6546875 0.5375 0.1328125 0.115625
2 0.13046875 0.61875 0.1546875 0.08671875
2 0.13046875 0.46875 0.096875 0.0859375
2 0.253125 0.42734375 0.12734375 0.0984375
2 0.33828125 0.3921875 0.128125 0.0765625
2 0.48046875 0.3671875 0.0703125 0.046875
2 0.56953125 0.3546875 0.10078125 0.046875
2 0.5453125 0.4296875 0.05625 0.0484375
2 0.32421875 0.68671875 0.11484375 0.13828125
2 0.38671875 0.515625 0.0828125 0.0328125
2 0.47109375 0.63515625 0.065625 0.10546875
2 0.6171875 0.7265625 0.14453125 0.09296875
2 0.696875 0.6546875 0.06796875 0.0375
2 0.85703125 0.58515625 0.24765625 0.1328125
2 0.81328125 0.459375 0.2015625 0.0890625
2 0.53046875 0.56640625 0.075 0.02734375