15 0 0 0 1 0.282894434375 1 1 0.9189974671875 1 0.37741953281249996 0.9221942343749999 0.309706815625 0.7892762125 0.2131972484375 0.64179176875 0.1658529875 0.45516018281250004 0.09756795625 0.30403406093749996 0.0301933796875 0.15411772343750002 0 0 0
6 0.12578125 0.3328125 0.2515625 0.203125
6 0.0328125 0.63046875 0.065625 0.076171875
6 0.07421875 0.72421875 0.1359375 0.0859375
6 0.30390625 0.671875 0.0669921875 0.071875
9 0.02578125 0.96484375 0.0515625 0.057421875
9 0.49375 0.184375 0.21875 0.080859375
9 0.40234375 0.3890625 0.1953125 0.171875
9 0.2078125 0.65546875 0.1064453125 0.0890625
9 0.45859375 0.6984375 0.084375 0.10625
9 0.11796875 0.525 0.2140625 0.131640625
9 0.25234375 0.11640625 0.1513671875 0.1078125