15 0.945659225 0 0.6747579140625 0.0545599375 0.524248634375 0.12165951562499999 0.3383788109375 0.1896658328125 0.1914963421875 0.23681685156249999 0.0591208453125 0.3329325015625 0 0.3843841265625 0 0.9418109843750001 0.5151402734375 1 1 1 1 0.6265873546875 0.98703649375 0 0.945659225 0
6 0.140625 0.35703125 0.265625 0.2015625
6 0.046875 0.653125 0.087109375 0.075390625
6 0.09609375 0.74609375 0.135546875 0.0859375
6 0.325 0.69375 0.066015625 0.071484375
9 0.03671875 0.978125 0.0734375 0.04375
9 0.5140625 0.2078125 0.218359375 0.07890625
9 0.42265625 0.4125 0.194921875 0.171484375
9 0.22890625 0.67734375 0.107421875 0.0890625
9 0.47890625 0.71953125 0.084375 0.1048828125
9 0.13984375 0.546875 0.213671875 0.131640625
9 0.2734375 0.140625 0.15 0.106640625