15 0.781575765625 0.2442192515625 0.6410046546875 0.199094253125 0.4631214234375 0.134010084375 0.3190793390625 0.0697936890625 0.0203832984375 0.0096358515625 0 0.99485675 0.2470582984375 1 0.999374178125 0.91502019375 1 0.4160414875 0.9082632531250001 0.33620493281249997 0.781575765625 0.2442192515625
6 0.14296875 0.359375 0.25390625 0.19296875
6 0.05234375 0.6421875 0.08203125 0.07265625
6 0.1 0.73125 0.1296875 0.08203125
6 0.31875 0.68125 0.06328125 0.06796875
9 0.04296875 0.96171875 0.07265625 0.05625
9 0.49921875 0.21640625 0.20859375 0.0765625
9 0.4125 0.4125 0.1859375 0.1640625
9 0.22734375 0.665625 0.10234375 0.08515625
9 0.46640625 0.70625 0.08046875 0.1015625
9 0.14140625 0.54140625 0.20390625 0.1265625
9 0.26953125 0.1515625 0.14375 0.103125