15 1 0.3690029359375 0.9919445734375 0.3428043078125 0.86681369375 0.2642844015625 0.7416828109375 0.2575814359375 0.5393282796875 0.21832148281250002 0.37129538125 0.2307697921875 0.21684818906249997 0.260454146875 0.0466701671875 0.31982285 0 0.3769180171875 0 0.6297494046875001 0.1024428109375 0.7267859359375 0.3734405046875 0.7765791125 0.4906146359375 0.8125 0.49505183906249994 0.8125 0.7016409953125 0.7794518218750001 0.8403575796875 0.7468947578125 0.938317053125 0.68178078125 0.9998099874999999 0.5860247609375 1 0.5853575046875 1 0.3690029359375
11 0.27421875 0.61015625 0.0421875 0.03125
11 0.12421875 0.4515625 0.0171875 0.0220703125
11 0.33125 0.2765625 0.0310546875 0.021875
11 0.3296875 0.33359375 0.02265625 0.0265625
11 0.3515625 0.37265625 0.015625 0.0140625
11 0.396875 0.35 0.018359375 0.0189453125
11 0.28984375 0.56015625 0.0294921875 0.0234375
11 0.6515625 0.46953125 0.025 0.0294921875
11 0.13671875 0.375 0.0357421875 0.037890625
11 0.91015625 0.390625 0.0361328125 0.0283203125
11 0.73671875 0.50234375 0.0578125 0.0669921875
11 0.83125 0.51640625 0.0470703125 0.075