15 0 0.59511623125 0.037227903125 0.7155115578125 0.1543182453125 0.788572859375 0.2714085890625 0.79480984375 0.46029135 0.83125 0.461988875 0.83125 0.617996021875 0.8197575765625 0.7625188984375 0.792136840625 0.9217617859375 0.7368953734375 0.9953125 0.647421146875 0.9953125 0.47665795468749994 0.8695729265625 0.35822383750000003 0.6159887390625001 0.31189222031249997 0.5052170109375 0.278125 0.504351246875 0.278125 0.3088774359375 0.3092192171875 0.1790743671875 0.33951295625 0.087409478125 0.4001002921875 0.029867898437500002 0.4891994765625 0 0.5934949625 0 0.59511623125
11 0.28671875 0.6421875 0.0392578125 0.028515625
11 0.14609375 0.49453125 0.015625 0.0205078125
11 0.33984375 0.3328125 0.028125 0.021484375
11 0.33828125 0.38515625 0.0232421875 0.0236328125
11 0.359375 0.421875 0.0154296875 0.0125
11 0.4015625 0.40078125 0.0158203125 0.0173828125
11 0.3015625 0.59609375 0.02734375 0.021875
11 0.63984375 0.51171875 0.0234375 0.0265625
11 0.15859375 0.4234375 0.0328125 0.034765625
11 0.88203125 0.43828125 0.034375 0.0267578125
11 0.71953125 0.5421875 0.054296875 0.0625
11 0.8078125 0.55546875 0.0439453125 0.0701171875