15 0.48893639687499996 0.8256379062500001 0.6796185625 0.79526529375 0.805872328125 0.76576045625 0.8950307562500001 0.7067509140625 0.9509989328125 0.6199720203125 0.9802845874999999 0.51757276875 0.9438401781250001 0.399553484375 0.829951525 0.3283948203125 0.7160628703125 0.3223202578125 0.5318886296875001 0.28674092500000004 0.3789524375 0.29802220625000003 0.238381359375 0.32492365156249997 0.08349276875 0.3787265390625 0.000325490625 0.4800347234375 0.000842165625 0.621707440625 0.1342545890625 0.7475368359375001 0.380904834375 0.7926619015624999 0.48893639687499996 0.8256379062500001
11 0.290625 0.64140625 0.03828125 0.02890625
11 0.15390625 0.49765625 0.015625 0.0203125
11 0.3421875 0.3390625 0.02734375 0.01953125
11 0.340625 0.390625 0.021875 0.0234375
11 0.3609375 0.4265625 0.0140625 0.0125
11 0.40234375 0.40625 0.015625 0.01796875
11 0.3046875 0.59609375 0.02578125 0.021875
11 0.634375 0.5140625 0.02265625 0.0265625
11 0.165625 0.428125 0.03203125 0.03515625
11 0.86953125 0.4421875 0.03359375 0.0265625
11 0.7109375 0.54375 0.05234375 0.06015625
11 0.79765625 0.55625 0.04375 0.06796875