15 0.5 0.5 1 1
13 0.1796875 0.13203125 0.20625 0.173828125
13 0.48515625 0.40625 0.151171875 0.149609375
13 0.09375 0.8953125 0.1875 0.19375
13 0.2671875 0.91640625 0.1064453125 0.1669921875
13 0.6140625 0.959375 0.184765625 0.08125
13 0.765625 0.775 0.180859375 0.174609375
13 0.74765625 0.103125 0.154296875 0.178125
13 0.0546875 0.4359375 0.1091796875 0.08125
13 0.371875 0.28125 0.119140625 0.125390625
13 0.134375 0.653125 0.18671875 0.224609375
13 0.0171875 0.70703125 0.034375 0.175
13 0.2703125 0.6859375 0.1125 0.0810546875
13 0.76640625 0.534375 0.178125 0.0908203125
7 0.5 0.12734375 0.171875 0.1515625
7 0.153125 0.35078125 0.3060546875 0.1921875
7 0.02578125 0.13359375 0.0515625 0.075
7 0.55390625 0.26953125 0.0890625 0.0796875
7 0.61015625 0.365625 0.059375 0.093359375
7 0.77265625 0.303125 0.109375 0.0716796875
7 0.88125 0.07578125 0.05625 0.071875
7 0.92109375 0.20546875 0.1578125 0.128125
7 0.8484375 0.40390625 0.1939453125 0.1357421875
7 0.96796875 0.55234375 0.0640625 0.0794921875
7 0.8890625 0.63984375 0.08125 0.0703125
7 0.97734375 0.66328125 0.0451171875 0.121875
7 0.8859375 0.8109375 0.0373046875 0.127734375
7 0.9734375 0.81484375 0.053125 0.1482421875
7 0.98984375 0.96328125 0.0203125 0.0734375
7 0.9375 0.98671875 0.125 0.0265625
7 0.79453125 0.9421875 0.1330078125 0.1154296875
7 0.46328125 0.9390625 0.09375 0.084375
7 0.47890625 0.73359375 0.2201171875 0.1390625
7 0.2984375 0.55625 0.166015625 0.125390625
7 0.15078125 0.3546875 0.3015625 0.1716796875
7 0.5953125 0.55 0.115625 0.11875