15 0.5 0.5 1 1
13 0.2078125 0.13203125 0.18828125 0.159375
13 0.4859375 0.38359375 0.13828125 0.13671875
13 0.12734375 0.83203125 0.1796875 0.178125
13 0.2875 0.8640625 0.0984375 0.17890625
13 0.60546875 0.9265625 0.1703125 0.146875
13 0.74296875 0.7203125 0.1640625 0.15859375
13 0.72578125 0.10546875 0.140625 0.1625
13 0.075 0.41015625 0.13671875 0.0734375
13 0.3828125 0.26875 0.11015625 0.115625
13 0.165625 0.60859375 0.16953125 0.2046875
13 0.0375 0.65859375 0.07421875 0.16015625
13 0.28984375 0.63828125 0.103125 0.0734375
13 0.74375 0.5 0.1625 0.08359375
7 0.5 0.128125 0.15703125 0.13828125
7 0.16328125 0.33359375 0.32109375 0.17578125
7 0.0453125 0.134375 0.090625 0.06875
7 0.54921875 0.2578125 0.08125 0.07265625
7 0.60078125 0.34609375 0.0546875 0.084375
7 0.74921875 0.2890625 0.1 0.06484375
7 0.8484375 0.08125 0.0515625 0.065625
7 0.8875 0.2 0.14921875 0.1171875
7 0.81875 0.38125 0.178125 0.1234375
7 0.9421875 0.51796875 0.08671875 0.07109375
7 0.85546875 0.596875 0.07421875 0.0640625
7 0.953125 0.61875 0.0734375 0.1125
7 0.85234375 0.753125 0.03359375 0.115625
7 0.9546875 0.7578125 0.090625 0.134375
7 0.96953125 0.8953125 0.0609375 0.071875
7 0.9015625 0.9515625 0.11328125 0.096875
7 0.76875 0.8734375 0.12265625 0.1046875
7 0.46640625 0.8703125 0.08515625 0.07734375
7 0.48046875 0.68203125 0.20078125 0.1265625
7 0.315625 0.5203125 0.153125 0.115625
7 0.16875 0.33671875 0.3015625 0.15625
7 0.5875 0.51484375 0.10546875 0.10859375