15 0.5 0.5 1 1
13 0.196875 0.0875 0.219140625 0.1748046875
13 0.525 0.3765625 0.162109375 0.159765625
13 0.103125 0.89921875 0.20625 0.2015625
13 0.29140625 0.9171875 0.1142578125 0.1654296875
13 0.6640625 0.96328125 0.1998046875 0.0734375
13 0.8265625 0.771875 0.1935546875 0.187109375
13 0.80390625 0.071875 0.1640625 0.14375
13 0.0609375 0.40859375 0.121875 0.0875
13 0.40390625 0.2421875 0.1294921875 0.134765625
13 0.1484375 0.64140625 0.1998046875 0.240625
13 0.0203125 0.6984375 0.040625 0.1875
13 0.29453125 0.6765625 0.1203125 0.0873046875
13 0.82734375 0.5140625 0.190625 0.097265625
7 0.53984375 0.07890625 0.1859375 0.1578125
7 0.16640625 0.31640625 0.3328125 0.20625
7 0.0296875 0.08359375 0.059375 0.080078125
7 0.59921875 0.2296875 0.0955078125 0.0845703125
7 0.659375 0.33359375 0.062890625 0.0984375
7 0.83359375 0.265625 0.1171875 0.075390625
7 0.94921875 0.0296875 0.059375 0.059375
7 0.95390625 0.1609375 0.0919921875 0.1375
7 0.9046875 0.37265625 0.190625 0.1451171875
7 0.95703125 0.62578125 0.0859375 0.0734375
7 0.95546875 0.8109375 0.0390625 0.134765625
7 0.85625 0.94453125 0.14375 0.1109375
7 0.5015625 0.9484375 0.1001953125 0.090625
7 0.51875 0.728125 0.237109375 0.1498046875
7 0.325 0.5375 0.18046875 0.13671875
7 0.1640625 0.32109375 0.328125 0.1830078125
7 0.64375 0.53125 0.1248046875 0.1279296875