15 1 0.2885532484375 0.37729962499999997 0.008510289062499999 0 0.063829321875 0 0.6089282515625001 0.3762051875 1 1 1 1 0.2885532484375
2 0.26953125 0.4984375 0.2919921875 0.2185546875
2 0.6484375 0.49609375 0.4251953125 0.134375
2 0.559375 0.70078125 0.4123046875 0.1705078125
2 0.9046875 0.8578125 0.190625 0.284375
2 0.78984375 0.30078125 0.2140625 0.0517578125
2 0.4703125 0.328125 0.128125 0.0623046875
2 0.25703125 0.1703125 0.1923828125 0.0845703125
2 0.09921875 0.25703125 0.19375 0.1669921875
2 0.2765625 0.259375 0.196484375 0.0716796875
2 0.2046875 0.08046875 0.1658203125 0.0548828125
2 0.38125 0.1 0.131640625 0.0716796875
2 0.5109375 0.15390625 0.1123046875 0.0828125
2 0.6921875 0.209375 0.1314453125 0.0623046875
2 0.909375 0.54921875 0.094140625 0.078125
0 0.2984375 0.52265625 0.1033203125 0.1044921875
0 0.49765625 0.67421875 0.0513671875 0.0826171875
0 0.93984375 0.80078125 0.1203125 0.11875
0 0.44765625 0.29609375 0.0515625 0.0642578125
0 0.34609375 0.25859375 0.08125 0.0513671875
0 0.55390625 0.2046875 0.0828125 0.102734375
0 0.7578125 0.36796875 0.1529296875 0.0671875
0 0.596875 0.59921875 0.0591796875 0.0609375