15 1 0.0044029453125 0.378584615625 0.0044029453125 0 0.39794815156249996 0 0.945570846875 0.34991641093750003 0.996875 0.3790368109375 0.996875 1 0.7176132921875 1 0.0044029453125
2 0.2640625 0.4921875 0.290625 0.216015625
2 0.64140625 0.48984375 0.4236328125 0.134375
2 0.55390625 0.69375 0.4107421875 0.169140625
2 0.9015625 0.85390625 0.196875 0.2921875
2 0.7828125 0.29609375 0.2126953125 0.0515625
2 0.46484375 0.32265625 0.1267578125 0.0611328125
2 0.25234375 0.165625 0.1921875 0.084375
2 0.0953125 0.25234375 0.190625 0.165625
2 0.271875 0.25390625 0.194140625 0.070703125
2 0.2 0.0765625 0.165625 0.05390625
2 0.37578125 0.0953125 0.1328125 0.0716796875
2 0.5046875 0.14921875 0.1123046875 0.0828125
2 0.6859375 0.2046875 0.13125 0.0623046875
2 0.9015625 0.54296875 0.09609375 0.076953125
0 0.29296875 0.51640625 0.103125 0.1044921875
0 0.4921875 0.6671875 0.05 0.0814453125
0 0.93671875 0.79453125 0.1265625 0.1171875
0 0.4421875 0.29140625 0.05234375 0.064453125
0 0.340625 0.25390625 0.08125 0.0513671875
0 0.54765625 0.2 0.0828125 0.10078125
0 0.75078125 0.3625 0.1517578125 0.068359375
0 0.590625 0.59296875 0.05703125 0.0609375