15 0.997638890625 1 1 0.2902120921875 0.37287814531249996 0.0081806875 0 0.06285145156250001 0 0.6015625015625 0.383290928125 1 0.997638890625 1
2 0.26640625 0.4921875 0.28828125 0.215625
2 0.640625 0.48984375 0.42109375 0.1328125
2 0.553125 0.6921875 0.40625 0.16875
2 0.90078125 0.85390625 0.1984375 0.2921875
2 0.78125 0.29765625 0.2109375 0.0515625
2 0.46484375 0.32421875 0.1265625 0.0609375
2 0.25390625 0.16796875 0.190625 0.084375
2 0.0984375 0.25390625 0.19140625 0.1640625
2 0.2734375 0.25625 0.19296875 0.0703125
2 0.20234375 0.0796875 0.16484375 0.0546875
2 0.3765625 0.0984375 0.13125 0.0703125
2 0.5046875 0.15234375 0.1109375 0.08203125
2 0.684375 0.20703125 0.13046875 0.0609375
2 0.8984375 0.5421875 0.09453125 0.07734375
0 0.29453125 0.51640625 0.10234375 0.103125
0 0.4921875 0.66640625 0.05 0.08125
0 0.93359375 0.7921875 0.125 0.115625
0 0.44296875 0.29296875 0.0515625 0.0640625
0 0.3421875 0.25546875 0.08046875 0.05
0 0.546875 0.20234375 0.08203125 0.10078125
0 0.7484375 0.36328125 0.15078125 0.06640625
0 0.58984375 0.5921875 0.0578125 0.06015625