15 1 0.1509933046875 0.6249984703125 0.1046875 0.612231878125 0.1046875 0.3046360671875 0.11853322031249999 0 0.149383203125 0 0.9134570890625 0.368297475 0.92868175 0.615492775 0.934375 0.6357934453125 0.934375 0.8044446828125 0.8991292203125001 1 0.84380489375 1 0.1509933046875
13 0.93125 0.6628174890625 0.7062669453125 0.5953125 0.7041478875 0.5953125 0.502031653125 0.6561374140625 0.49390460625 0.7081091984375 0.5589203828125 0.791671746875 0.727554646875 0.834375 0.72899590625 0.834375 0.7471952515625 0.8028811796875001 0.710623734375 0.7937098265625 0.663216421875 0.7040330421875 0.93125 0.6634993437500001 0.93125 0.6628174890625
13 0.315625 0.6454156171875 0.315625 0.640826315625 0.1714194015625 0.5463970781249999 0.03109625 0.528125 0.030647298437499998 0.528125 0.274265821875 0.709375 0.2744067375 0.709375 0.315625 0.6454156171875
13 0.8413701828125 0.5227508078125 0.9280579578125 0.5482271828124999 0.9508112078125001 0.6328125 0.9518790359375 0.6328125 0.9984375 0.57333053125 0.9984375 0.48011232656249997 0.9971370546875 0.496255396875 0.921285484375 0.4819886140625 0.8562697046875 0.4585503984375 0.9402483265624999 0.41371196718750003 0.9510843234375 0.384159359375 0.9478916734375 0.3894794328125 0.7601005093750001 0.41065476875 0.78177250625 0.46670279062500003 0.8454337078125 0.47485525937500006 0.8413701828125 0.5227508078125
13 0.6386293875 0.360701221875 0.8125 0.305061115625 0.8125 0.30490885 0.5736138140625 0.268986278125 0.6386293875 0.360701221875
13 0 0.4671751984375 0.101013121875 0.4875 0.10271096875 0.4875 0.188708521875 0.4622264140625 0.29029561406250004 0.47955039375 0.2984375 0.44804742343750004 0.2984375 0.43555777031250004 0.2943591390625 0.41331182499999997 0.257787828125 0.4499977859375 0.21038052031249999 0.4520358640625 0.2008990984375 0.42655949218749994 0.21038052031249999 0.3766258640625 0.1621884890625 0.3442734234375 0.0031831703124999998 0.334375 0 0.334375 0 0.4170692890625 0.024814806249999998 0.43165476406250003 0.0844124828125 0.3766258640625 0.158909684375 0.3959878453125 0.1534917875 0.43675004062499995 0.08983037968749999 0.43776915625 0 0.4397568953125 0 0.4671751984375
13 0.5206907796875 0.5395882750000001 0.5640345625000001 0.5171690953125 0.640625 0.518145740625 0.640625 0.5159685296875 0.54778066875 0.45398764687500004 0.500352340625 0.492435303125 0.47328346874999994 0.4550066859375 0.41368579062500005 0.4478731765625 0.3595060078125 0.503921353125 0.3540879078125 0.55385505625 0.408302315625 0.5984375 0.49161496875 0.5984375 0.536944671875 0.5823885484375 0.5206907796875 0.5395882750000001
13 0.4982369015625 0.3452013890625 0.4156126515625 0.3288965234375 0.3424700296875 0.3615062515625 0.3817502890625 0.42061146562499996 0.3951861375 0.421875 0.41582275625 0.421875 0.44270254218750005 0.391058859375 0.50625 0.36217366875 0.50625 0.3589812296875 0.4982369015625 0.3452013890625
6 0.1984375 0.49921875 0.059375 0.0576171875
6 0.33203125 0.52421875 0.0888671875 0.0576171875
6 0.5375 0.5234375 0.080859375 0.065625
6 0.6265625 0.60390625 0.0875 0.069921875
6 0.20390625 0.75625 0.0486328125 0.050390625
6 0.76953125 0.584375 0.0625 0.09453125
6 0.97421875 0.6859375 0.0515625 0.128125
6 0.90078125 0.60390625 0.088671875 0.057421875
6 0.9421875 0.4484375 0.115625 0.0716796875
6 0.90859375 0.3234375 0.1828125 0.1189453125
6 0.97421875 0.23359375 0.0515625 0.0513671875
6 0.1578125 0.33359375 0.1126953125 0.0423828125
6 0.52109375 0.3171875 0.039453125 0.055859375
6 0.640625 0.18359375 0.130859375 0.0484375
6 0.64765625 0.4375 0.048828125 0.055859375
9 0.6921875 0.48046875 0.1716796875 0.1732421875
9 0.34296875 0.9109375 0.1298828125 0.065625
9 0.48984375 0.7046875 0.0921875 0.0873046875
9 0.046875 0.55 0.09375 0.1
9 0.059375 0.275 0.11875 0.06875
9 0.4234375 0.26484375 0.1154296875 0.0736328125
9 0.57421875 0.25390625 0.096875 0.065625
6 0.36484375 0.40546875 0.0923828125 0.0640625
6 0.23125 0.1859375 0.05625 0.0435546875
6 0.03671875 0.21015625 0.046875 0.0357421875
6 0.321875 0.2484375 0.062109375 0.05390625
6 0.434375 0.14296875 0.05625 0.053125
6 0.96953125 0.23828125 0.0609375 0.06875
6 0.8921875 0.16953125 0.058984375 0.040625
9 0.80234375 0.16875 0.0875 0.043359375
9 0.86640625 0.20703125 0.0546875 0.0484375