15 1 0.22671613281249997 0.5558450484375 0.17196145625 0.26382199375000004 0.1850845609375 0 0.2117573796875 0 0.9169759140625 0.3224763265625 0.9302844734375 0.500375871875 0.934375 0.5744274 0.934375 0.7243198203125 0.9031011328125 1 0.8252371984375 1 0.22671613281249997
13 0.746827015625 0.84375 0.954513534375 0.78153735625 0.7061691234375 0.7440430140625 0.7498477703125 0.6615555078125 0.7835428765625 0.6531194109375 0.7666054265625 0.6238575562500001 0.61007614375 0.6634301984375 0.550173965625 0.7402936390625 0.557661809375 0.788098909375 0.74289085 0.84375 0.746827015625 0.84375
13 0.2534609109375 0.7118355328125 0.3875 0.6242080921875 0.3875 0.6225762453125 0.3483060421875 0.5618581703125 0.1265614640625 0.7265625 0.1401764328125 0.7265625 0.2534609109375 0.7118355328125
13 0.9622369984375 0.6306117546875 0.8848634375 0.5893679656249999 0.9447656171875 0.5678087625 0.9984375 0.5577303390624999 0.9984375 0.4615810984375 0.9722207265625 0.42814233125 0.9510054234374999 0.506880459375 0.8711357890625001 0.5303144234375 0.8748797093749999 0.57437024375 0.81622556875 0.5818691421875 0.7962581109375 0.6334238609375 0.9692791843749999 0.6529015953124999 0.971291921875 0.65625 0.9716532296875 0.65625 0.9622369984375 0.6306117546875
13 0.6232191593749999 0.3757479265625 0.8368012359374999 0.4078125 0.8421875 0.4078125 0.8421875 0.4068775953125 0.7836712359375 0.32446689375000004 0.6232191593749999 0.37572840625000004 0.6232191593749999 0.3757479265625
13 0.182278609375 0.383567715625 0.10240916562499999 0.4070016734375 0.008812071874999999 0.39106653750000003 0.00007638124999999999 0.4248114328125 0.0050681499999999996 0.45199484375 0.038763065624999996 0.41824994843749996 0.0824417078125 0.4163752609375 0.0911773984375 0.439809225 0.0824417078125 0.4857397328125 0.12684335468750002 0.5154985203125 0.3551468578125 0.5296875 0.3703125 0.5296875 0.3703125 0.48057606875000003 0.33328199999999997 0.48199035781250005 0.25341236718750004 0.43512243437500003 0.198502146875 0.4857397328125 0.129864275 0.46792998125 0.1348560453125 0.430435640625 0.193510378125 0.429498225 0.278371590625 0.4276235328125 0.2896033578125 0.4051269171875 0.182278609375 0.383567715625
13 0.562251740625 0.6267139078125 0.5985732671874999 0.628125 0.63633995625 0.628125 0.6859375 0.5874063265625 0.6859375 0.5637706234375 0.6833039484375 0.5395395390625 0.633385496875 0.48798467656250005 0.578475278125 0.4945463 0.55353541875 0.5289743109375 0.50983740625 0.49360895625 0.42123208125 0.5526625734375 0.49486190937499996 0.5517252265625 0.53479663125 0.5723470875000001 0.519821134375 0.611716115625 0.562251740625 0.6267139078125
13 0.49224113437500006 0.3796875 0.4190626328125 0.3941045859375 0.4103269390625 0.40910230781249995 0.4702291203125 0.43628571875000005 0.49586290312500003 0.465625 0.5034250328125001 0.465625 0.5263873765625 0.46346912968750004 0.5609375 0.41156697812500004 0.5609375 0.40837203750000006 0.49649284531250004 0.3796875 0.49224113437500006 0.3796875
6 0.278125 0.53515625 0.055859375 0.0517578125
6 0.40078125 0.55859375 0.08125 0.0517578125
6 0.590625 0.5578125 0.074609375 0.059765625
6 0.67265625 0.63125 0.0798828125 0.062890625
6 0.2828125 0.771875 0.046484375 0.0470703125
6 0.8046875 0.61328125 0.058984375 0.0875
6 0.984375 0.70703125 0.03125 0.1173828125
6 0.925 0.63125 0.08125 0.052734375
6 0.9546875 0.48828125 0.0904296875 0.065625
6 0.92421875 0.3734375 0.1515625 0.109375
6 0.984375 0.29140625 0.03125 0.0455078125
6 0.05390625 0.39375 0.0671875 0.080859375
6 0.240625 0.3828125 0.105859375 0.040234375
6 0.57578125 0.36796875 0.0361328125 0.0513671875
6 0.6859375 0.2453125 0.121484375 0.0439453125
6 0.6921875 0.478125 0.04609375 0.05078125
9 0.73359375 0.51796875 0.1578125 0.159375
9 0.41171875 0.9140625 0.1203125 0.059765625
9 0.546875 0.72421875 0.0845703125 0.0796875
9 0.09140625 0.58203125 0.1828125 0.092578125
9 0.14765625 0.3296875 0.1173828125 0.0654296875
9 0.03203125 0.31484375 0.0640625 0.0578125
9 0.4859375 0.31953125 0.1060546875 0.06875
9 0.625 0.31015625 0.087890625 0.0607421875
6 0.43125 0.44921875 0.084765625 0.058203125
6 0.30859375 0.246875 0.0515625 0.037890625
6 0.12890625 0.26953125 0.0423828125 0.0326171875
6 0.3921875 0.30390625 0.0564453125 0.0513671875
6 0.4953125 0.20703125 0.052734375 0.0486328125
6 0.98046875 0.2953125 0.0390625 0.0626953125
6 0.91796875 0.23203125 0.053125 0.0375
9 0.04609375 0.68984375 0.0921875 0.1453125
9 0.834375 0.23046875 0.080859375 0.039453125
9 0.89375 0.26640625 0.0501953125 0.0451171875