15 1 0.2181856171875 0.9778263078125 0.19301979062500002 0.6619750734375 0.18000295625 0.4352102140625 0.1747961703125 0.2894326671875 0.2051687828125 0.009447390625 0.2841375953125 0.0005786515625 0.8272569453124999 0.4456228203125 0.8820441875 0.7163525265625 0.8698950625 1 0.8412581343750001 1 0.2181856171875
13 0.77420073125 0.7041473890625001 0.54396476875 0.738858946875 0.7383347734375 0.7970008453124999 0.9118793875 0.744933509375 0.9188212421875 0.7006762875 0.8632869328125 0.6295175546875 0.7181712421875 0.5928819453124999 0.702468815625 0.619972021875 0.7337069875 0.6277820015625 0.77420073125 0.7041473890625001
13 0.3565366203125 0.5357963890625 0.1482830828125 0.6902627796874999 0.268607278125 0.67464261875 0.3935594375 0.5930704453125 0.3565366203125 0.5357963890625
13 0.8413045078125 0.5305896015625 0.915350315625 0.5522843265625 0.9350186687500001 0.625178609375 0.9963378015625001 0.5470776046875 0.978983340625 0.45075304687499995 0.9743553781250001 0.508027103125 0.9095654953125001 0.49587804531249996 0.8540311828125 0.4759189390625 0.9257629218750001 0.43773621250000005 0.9350186687500001 0.4125703203125 0.9322916140625 0.41710069531249994 0.7718866609374999 0.43513281875 0.790398159375 0.4828612109375 0.844775434375 0.48980354843749996 0.8413045078125 0.5305896015625
13 0.66775989375 0.31537798437500003 0.6122257578125 0.39347899062499997 0.8165508718750001 0.362847225 0.66775989375 0.31537798437500003
13 0.30215934375 0.401289103125 0.3426530859375 0.40302465468750004 0.37389108125 0.43426504374999997 0.3785188671875 0.40909915 0.370420153125 0.3778587625 0.283647846875 0.3926112125 0.209602215625 0.370916490625 0.11010323125000002 0.3908755953125 0.120516015625 0.41170254218749996 0.19918943281249998 0.41343809531250003 0.2535668859375 0.4143059375 0.258194671875 0.44901749375 0.1945616453125 0.46550543125 0.143655296875 0.4186448828125 0.0696094890625 0.462034328125 0.0013486765625 0.4594309359375 0.0337437078125 0.5071593265625001 0.2609953171875 0.49305555625 0.30215934375 0.46550543125 0.2940606296875 0.4229838265625 0.30215934375 0.401289103125
13 0.66775989375 0.5505487734375001 0.6723878546875001 0.508027103125 0.6226383625 0.4672410484375 0.555534409375 0.4698443765625 0.5161977 0.483729053125 0.530081234375 0.5201761609375 0.49305841875 0.5392674921875 0.42479743281250004 0.538399715625 0.506941953125 0.5930704453125 0.5474536515625 0.5603298624999999 0.5705749796874999 0.5922026703125 0.621481328125 0.5982772984375 0.66775989375 0.5505487734375001
13 0.41438482499999996 0.39434676562500004 0.4699191375 0.41951265781249997 0.494215278125 0.4472818765625 0.5219825203124999 0.44467855 0.555534409375 0.39434676562500004 0.49305841875 0.36657754531250003 0.42248353906249997 0.38046215625 0.41438482499999996 0.39434676562500004
6 0.2921875 0.5109375 0.05078125 0.0484375
6 0.40546875 0.5328125 0.075 0.0484375
6 0.58125 0.53203125 0.06796875 0.05625
6 0.6578125 0.6 0.075 0.059375
6 0.29609375 0.7296875 0.04140625 0.04375
6 0.7796875 0.58359375 0.05390625 0.08125
6 0.965625 0.6703125 0.06875 0.109375
6 0.89140625 0.6 0.075 0.0484375
6 0.9375 0.46875 0.1140625 0.059375
6 0.9109375 0.3625 0.17734375 0.10234375
6 0.965625 0.2859375 0.06875 0.04375
6 0.08359375 0.38046875 0.06171875 0.0734375
6 0.25703125 0.3703125 0.096875 0.0359375
6 0.5671875 0.35625 0.034375 0.046875
6 0.66953125 0.2421875 0.11171875 0.04140625
6 0.67578125 0.45859375 0.0421875 0.04765625
9 0.7140625 0.4953125 0.14609375 0.14765625
9 0.415625 0.86171875 0.11171875 0.05625
9 0.540625 0.6859375 0.07890625 0.07421875
9 0.10703125 0.55625 0.19609375 0.08671875
9 0.17109375 0.32109375 0.109375 0.059375
9 0.0484375 0.30859375 0.09609375 0.05234375
9 0.484375 0.31171875 0.09765625 0.06328125
9 0.61328125 0.30234375 0.0828125 0.05546875
6 0.43359375 0.43125 0.07890625 0.0546875
6 0.31953125 0.24453125 0.0484375 0.0359375
6 0.15390625 0.26484375 0.03984375 0.0296875
6 0.39765625 0.296875 0.05234375 0.046875
6 0.49296875 0.2078125 0.04765625 0.0453125
6 0.96328125 0.28984375 0.0734375 0.0578125
6 0.884375 0.23046875 0.04921875 0.034375
9 0.06015625 0.65546875 0.11953125 0.134375
9 0.8078125 0.2296875 0.07421875 0.03671875
9 0.8625 0.26171875 0.046875 0.040625