15 0 0.812621071875 0.3789523125 0.9141523515625 0.5689836109375 0.9176234546875 0.50043354375 0.6243109671875 0.6141051859375 0.9549384062499999 0.8848348906249999 0.9002676749999999 0.9941680500000001 0.8178277265625 1 0.221656753125 0.7008774921875001 0.132274565625 0.479608109375 0.1131831359375 0.2608506546875 0.13064236406250002 0.17764045312500001 0.15396928906250001 0 0.225995696875 0 0.812621071875
13 0.2328125 0.20703125 0.05625 0.03515625
13 0.1953125 0.5046875 0.05625 0.0484375
13 0.2796875 0.496875 0.071875 0.04296875
13 0.79375 0.759375 0.09765625 0.06796875
13 0.946875 0.58515625 0.06640625 0.05
13 0.69375 0.55234375 0.071875 0.0671875
13 0.62109375 0.525 0.08671875 0.0328125
13 0.5609375 0.484375 0.06171875 0.06015625
13 0.5109375 0.77109375 0.0796875 0.05703125
13 0.253125 0.7421875 0.05390625 0.03828125
13 0.040625 0.50859375 0.0625 0.05625
13 0.015625 0.2578125 0.03125 0.05078125
13 0.40546875 0.24921875 0.059375 0.03359375
13 0.5609375 0.30234375 0.053125 0.04375
13 0.72734375 0.2703125 0.06875 0.05390625
13 0.36796875 0.46484375 0.05703125 0.03828125
17 0.11640625 0.540625 0.0546875 0.125
17 0.68671875 0.659375 0.09140625 0.04609375
9 0.03671875 0.34765625 0.0421875 0.065625
9 0.134375 0.3421875 0.07734375 0.0453125
9 0.78359375 0.58359375 0.08125 0.06875
9 0.821875 0.45703125 0.071875 0.0546875
9 0.2796875 0.43515625 0.084375 0.05
9 0.37734375 0.72890625 0.12421875 0.05859375
1 0.17421875 0.7296875 0.06953125 0.05625
1 0.365625 0.64453125 0.075 0.04296875
1 0.96640625 0.6515625 0.0671875 0.04375
1 0.56875 0.25546875 0.06953125 0.0578125
1 0.43984375 0.3359375 0.0375 0.0546875
1 0.028125 0.421875 0.05625 0.071875
1 0.23125 0.55 0.06640625 0.0484375
1 0.37265625 0.64765625 0.06328125 0.0359375
1 0.28671875 0.175 0.078125 0.04921875
1 0.34140625 0.21796875 0.04296875 0.06015625
1 0.434375 0.13359375 0.0484375 0.0328125
1 0.478125 0.359375 0.02890625 0.0421875
1 0.21328125 0.58984375 0.090625 0.04140625