15 1 0.0972162984375 0.671308834375 0.0972162984375 0.5702836609374999 0.391059984375 0.638957875 0.0972162984375 0.23427846093750002 0.0972162984375 0 0.15998565 0 0.8757053265625 0.1859346796875 0.9510947265624999 0.285012871875 0.9788700421875 0.545486865625 0.9996587015625 0.8089518046874999 0.9769265828125 1 0.91983858125 1 0.0972162984375
13 0.2515625 0.20859375 0.066015625 0.0419921875
13 0.20703125 0.56328125 0.066796875 0.0578125
13 0.30703125 0.5546875 0.0859375 0.050390625
13 0.91953125 0.8671875 0.1169921875 0.08125
13 0.80078125 0.62109375 0.0857421875 0.0796875
13 0.7140625 0.5875 0.103125 0.037890625
13 0.6421875 0.5390625 0.072265625 0.071875
13 0.5828125 0.88125 0.0939453125 0.0685546875
13 0.27578125 0.846875 0.0640625 0.044140625
13 0.02890625 0.56640625 0.0578125 0.0671875
13 0.00546875 0.26875 0.0109375 0.059375
13 0.45703125 0.259375 0.070703125 0.040234375
13 0.6421875 0.32265625 0.0626953125 0.0517578125
13 0.840625 0.284375 0.081640625 0.06328125
13 0.4125 0.515625 0.0685546875 0.0466796875
17 0.11328125 0.60625 0.0642578125 0.149609375
17 0.79140625 0.74765625 0.108203125 0.0546875
9 0.02109375 0.37578125 0.0421875 0.0765625
9 0.134375 0.3703125 0.09296875 0.053515625
9 0.90703125 0.6578125 0.096875 0.0814453125
9 0.953125 0.50703125 0.087109375 0.0642578125
9 0.30703125 0.48125 0.1013671875 0.059375
9 0.4234375 0.83046875 0.147265625 0.0703125
1 0.18203125 0.83125 0.0828125 0.068359375
1 0.41015625 0.73046875 0.0890625 0.0513671875
1 0.6515625 0.26640625 0.083984375 0.06875
1 0.4984375 0.3625 0.044140625 0.065234375
1 0.02109375 0.46484375 0.0421875 0.0830078125
1 0.25 0.6171875 0.0783203125 0.058984375
1 0.41796875 0.734375 0.075 0.043359375
1 0.31640625 0.17109375 0.0923828125 0.0580078125
1 0.38125 0.221875 0.0501953125 0.0716796875
1 0.49140625 0.121875 0.0576171875 0.037890625
1 0.54453125 0.390625 0.034375 0.05
1 0.228125 0.66484375 0.10703125 0.048828125