15 1 0.2550334484375 0.6210476875000001 0.15350216875 0.43101638906249995 0.150031065625 0.49956645625 0.44334355312499996 0.3858948140625 0.1127161140625 0.11516510937499999 0.167386846875 0.005831950000000001 0.24982679375 0 0.8459977671875001 0.2991225078125 0.9353799546875001 0.520391890625 0.9544713859374999 0.7391493453125 0.93701215625 0.822359546875 0.91368523125 1 0.8416588234375 1 0.2550334484375
13 0.2328125 0.20703125 0.05625 0.0357421875
13 0.1953125 0.5046875 0.05625 0.047265625
13 0.2796875 0.496875 0.071875 0.0435546875
13 0.79375 0.759375 0.097265625 0.068359375
13 0.946875 0.58515625 0.0658203125 0.05
13 0.69375 0.55234375 0.071875 0.0671875
13 0.62109375 0.525 0.086328125 0.03203125
13 0.5609375 0.484375 0.0623046875 0.0595703125
13 0.5109375 0.77109375 0.078515625 0.0576171875
13 0.253125 0.7421875 0.0533203125 0.0376953125
13 0.040625 0.50859375 0.0625 0.05625
13 0.015625 0.2578125 0.03125 0.0501953125
13 0.40546875 0.24921875 0.059375 0.033203125
13 0.5609375 0.30234375 0.053125 0.04375
13 0.72734375 0.2703125 0.06875 0.053515625
13 0.36796875 0.46484375 0.0576171875 0.0388671875
17 0.11640625 0.540625 0.0546875 0.125
17 0.68671875 0.659375 0.0919921875 0.0466796875
9 0.03671875 0.34765625 0.0421875 0.065625
9 0.134375 0.3421875 0.0779296875 0.046484375
9 0.78359375 0.58359375 0.08125 0.06875
9 0.821875 0.45703125 0.071875 0.0546875
9 0.2796875 0.43515625 0.084375 0.05
9 0.37734375 0.72890625 0.1236328125 0.0580078125
1 0.17421875 0.7296875 0.0701171875 0.05625
1 0.365625 0.64453125 0.075 0.042578125
1 0.96640625 0.6515625 0.0671875 0.04375
1 0.56875 0.25546875 0.0689453125 0.0578125
1 0.43984375 0.3359375 0.0375 0.053515625
1 0.028125 0.421875 0.05625 0.071875
1 0.23125 0.55 0.0658203125 0.049609375
1 0.37265625 0.64765625 0.063671875 0.0359375
1 0.28671875 0.175 0.078125 0.049609375
1 0.34140625 0.21796875 0.0423828125 0.0607421875
1 0.434375 0.13359375 0.049609375 0.0328125
1 0.478125 0.359375 0.0283203125 0.043359375
1 0.21328125 0.58984375 0.090625 0.0419921875