15 1 0.11987973125 0.6663828109375001 0.033413065625 0.506832034375 0.05545215 0.1180920421875 0.1876866546875 0 0.2725958609375 0 1 1 1 1 0.11987973125
13 0.07421875 0.41484375 0.1484375 0.1736328125
13 0.40703125 0.39609375 0.1826171875 0.1375
13 0.49140625 0.9390625 0.1984375 0.121875
13 0.75703125 0.740625 0.263671875 0.152734375
13 0.6484375 0.53125 0.2095703125 0.137890625
13 0.71484375 0.28515625 0.2015625 0.1267578125
7 0.15703125 0.5359375 0.091796875 0.08515625
7 0.14140625 0.59453125 0.0951171875 0.0763671875
7 0.228125 0.62890625 0.084375 0.0705078125
7 0.1875 0.6859375 0.087109375 0.0408203125
7 0.33984375 0.8390625 0.0951171875 0.078515625
7 0.34296875 0.959375 0.11875 0.08125
7 0.23671875 0.975 0.0857421875 0.0498046875
7 0.059375 0.975 0.115234375 0.049609375
7 0.578125 0.7546875 0.0595703125 0.153125
7 0.53046875 0.60078125 0.1142578125 0.0701171875
7 0.565625 0.37734375 0.1248046875 0.1486328125
7 0.67890625 0.4328125 0.090625 0.0658203125
7 0.4 0.1734375 0.0564453125 0.0498046875
7 0.46796875 0.13203125 0.0794921875 0.0673828125
7 0.5484375 0.1515625 0.0533203125 0.066015625
7 0.46171875 0.21953125 0.0921875 0.0669921875
7 0.73203125 0.11953125 0.0767578125 0.06875
7 0.38671875 0.575 0.0703125 0.074609375
7 0.2609375 0.45625 0.084375 0.1310546875
7 0.40390625 0.5078125 0.1017578125 0.0658203125
6 0.18046875 0.7890625 0.15625 0.159765625
6 0.11484375 0.90390625 0.1046875 0.1078125
6 0.246875 0.9015625 0.090234375 0.084765625
6 0.38359375 0.63515625 0.1955078125 0.1078125
6 0.6359375 0.1828125 0.0876953125 0.0720703125
6 0.96796875 0.43359375 0.0638671875 0.0330078125
6 0.77265625 0.46328125 0.0921875 0.0375
6 0.76015625 0.64140625 0.0798828125 0.0513671875
6 0.97421875 0.96875 0.0515625 0.0625
13 0.77265625 0.96796875 0.2236328125 0.0638671875
6 0.3328125 0.7625 0.096484375 0.0810546875
19 0.296875 0.56015625 0.0904296875 0.0673828125
19 0.05390625 0.77109375 0.1076171875 0.1171875
19 0.38125 0.43515625 0.106640625 0.078125
19 0.046875 0.428125 0.065625 0.0814453125
19 0.459375 0.7984375 0.155859375 0.0779296875
19 0.928125 0.33203125 0.07578125 0.084375
19 0.79921875 0.26953125 0.0888671875 0.0609375
19 0.875 0.19140625 0.087890625 0.0580078125
19 0.96484375 0.6203125 0.0703125 0.08125
6 0.98828125 0.36484375 0.0234375 0.076171875
6 0.8046875 0.59609375 0.053515625 0.0484375