15 0 0.9983278515625 0.9950355625 1 1 0.12619997031250002 0.6618299546874999 0.0385533 0.5047721578125001 0.0602480234375 0.12210622812500001 0.190416365625 0 0.27821180624999997 0 0.9983278515625
13 0.0765625 0.41484375 0.15234375 0.1734375
13 0.40703125 0.39609375 0.17890625 0.1359375
13 0.48984375 0.9359375 0.1953125 0.128125
13 0.75078125 0.73515625 0.259375 0.15
13 0.64453125 0.52890625 0.20703125 0.13671875
13 0.709375 0.28671875 0.1984375 0.125
7 0.16015625 0.53359375 0.08984375 0.08515625
7 0.14453125 0.59140625 0.09375 0.075
7 0.23046875 0.625 0.0828125 0.06953125
7 0.190625 0.68125 0.084375 0.040625
7 0.33984375 0.83125 0.09375 0.078125
7 0.3453125 0.953125 0.11640625 0.0828125
7 0.240625 0.97109375 0.084375 0.0578125
7 0.065625 0.97109375 0.11328125 0.0578125
7 0.575 0.7484375 0.059375 0.15078125
7 0.528125 0.596875 0.11328125 0.06875
7 0.5625 0.37734375 0.121875 0.146875
7 0.67421875 0.43203125 0.0890625 0.065625
7 0.39921875 0.1765625 0.05625 0.0484375
7 0.4671875 0.1359375 0.07734375 0.0671875
7 0.54609375 0.1546875 0.053125 0.065625
7 0.46015625 0.221875 0.090625 0.065625
7 0.7265625 0.1234375 0.07578125 0.06796875
7 0.38671875 0.571875 0.06953125 0.07265625
7 0.2625 0.45546875 0.08359375 0.128125
7 0.403125 0.50625 0.10078125 0.065625
6 0.18359375 0.78203125 0.15390625 0.1578125
6 0.11953125 0.8953125 0.103125 0.10625
6 0.2484375 0.89296875 0.08828125 0.08359375
6 0.38359375 0.63125 0.19296875 0.10625
6 0.63203125 0.1859375 0.0875 0.07109375
6 0.9640625 0.43359375 0.071875 0.0328125
6 0.76640625 0.46171875 0.09140625 0.0375
6 0.75390625 0.6375 0.0796875 0.05
6 0.96953125 0.9640625 0.0609375 0.06875
13 0.76796875 0.9640625 0.2203125 0.071875
6 0.33359375 0.75625 0.09375 0.0796875
19 0.2984375 0.55703125 0.08828125 0.0671875
19 0.05546875 0.76484375 0.1109375 0.115625
19 0.38125 0.43359375 0.10625 0.07734375
19 0.05234375 0.42734375 0.06484375 0.08046875
19 0.45859375 0.79140625 0.1515625 0.0765625
19 0.91953125 0.3328125 0.075 0.0828125
19 0.79296875 0.27109375 0.0875 0.06015625
19 0.8671875 0.19453125 0.08828125 0.0578125
19 0.9609375 0.61640625 0.078125 0.0796875
6 0.98359375 0.36484375 0.0328125 0.0765625
6 0.79765625 0.59296875 0.05390625 0.04765625