15 1 0.0370412734375 0 0.0370412734375 0 0.9133466921875 0.322280028125 0.996875 0.358657528125 0.996875 0.4932217625 0.9782873593750001 0.878900809375 0.8470940703125001 1 0.7600226984375 1 0.0370412734375
13 0.07578125 0.415625 0.1515625 0.17421875
13 0.4078125 0.396875 0.1810546875 0.1373046875
13 0.4921875 0.9375 0.196875 0.125
13 0.7546875 0.7390625 0.2623046875 0.1501953125
13 0.64765625 0.53125 0.208203125 0.137890625
13 0.71328125 0.28671875 0.2 0.1265625
7 0.159375 0.53515625 0.090625 0.0857421875
7 0.14375 0.59375 0.0939453125 0.0751953125
7 0.23046875 0.628125 0.0830078125 0.069140625
7 0.18984375 0.684375 0.0857421875 0.040625
7 0.340625 0.8359375 0.09375 0.0783203125
7 0.34453125 0.9578125 0.117578125 0.084375
7 0.2390625 0.9734375 0.084375 0.053125
7 0.06328125 0.9734375 0.1140625 0.053125
7 0.57734375 0.75234375 0.0607421875 0.1515625
7 0.53046875 0.59921875 0.1140625 0.0701171875
7 0.56484375 0.378125 0.1232421875 0.1470703125
7 0.67734375 0.43359375 0.0892578125 0.065625
7 0.40078125 0.17578125 0.05625 0.0486328125
7 0.46875 0.13515625 0.078125 0.0673828125
7 0.5484375 0.15390625 0.0533203125 0.0669921875
7 0.46171875 0.221875 0.0919921875 0.065625
7 0.7296875 0.12265625 0.077734375 0.06875
7 0.3875 0.57421875 0.06953125 0.073046875
7 0.2625 0.45703125 0.084375 0.1294921875
7 0.4046875 0.5078125 0.102734375 0.065625
6 0.18359375 0.78671875 0.155078125 0.158203125
6 0.11796875 0.90078125 0.1044921875 0.1076171875
6 0.2484375 0.8984375 0.08984375 0.084375
6 0.384375 0.63359375 0.1939453125 0.1076171875
6 0.63515625 0.18515625 0.0875 0.071875
6 0.96640625 0.434375 0.0671875 0.0341796875
6 0.7703125 0.46328125 0.0908203125 0.0375
6 0.7578125 0.640625 0.078515625 0.0501953125
6 0.971875 0.96640625 0.05625 0.0640625
13 0.7703125 0.96640625 0.2220703125 0.0671875
6 0.334375 0.76015625 0.0939453125 0.0798828125
19 0.2984375 0.559375 0.090234375 0.068359375
19 0.05546875 0.76875 0.1107421875 0.1158203125
19 0.38203125 0.43515625 0.107421875 0.076953125
19 0.05078125 0.428125 0.065625 0.08125
19 0.46015625 0.79609375 0.153125 0.0767578125
19 0.92421875 0.33359375 0.0763671875 0.0830078125
19 0.796875 0.271875 0.0875 0.062109375
19 0.871875 0.19375 0.087890625 0.058984375
19 0.96328125 0.61875 0.0732421875 0.0810546875
6 0.9859375 0.36640625 0.0279296875 0.075
6 0.80234375 0.5953125 0.0546875 0.0470703125