15 0.5 0.540625 1 0.91875
4 0.20234375 0.53984375 0.233203125 0.142578125
4 0.42578125 0.140625 0.2232421875 0.1658203125
4 0.25234375 0.35859375 0.334375 0.2888671875
4 0.28828125 0.82109375 0.2640625 0.3578125
4 0.475 0.796875 0.10625 0.08671875
4 0.5703125 0.85390625 0.215234375 0.109375
4 0.83828125 0.87421875 0.2330078125 0.2080078125
4 0.515625 0.42890625 0.124609375 0.059375
4 0.5890625 0.1890625 0.066015625 0.221484375
4 0.80234375 0.44609375 0.125 0.0951171875
19 0.925 0.196875 0.1498046875 0.2123046875
19 0.1484375 0.77109375 0.090234375 0.0703125
19 0.2125 0.29140625 0.149609375 0.1638671875
19 0.50546875 0.634375 0.0984375 0.1095703125
19 0.640625 0.60625 0.091015625 0.109765625
19 0.58046875 0.38671875 0.1236328125 0.0857421875
19 0.684375 0.25703125 0.1341796875 0.1625
19 0.78828125 0.3234375 0.0828125 0.1126953125
19 0.84453125 0.8765625 0.1046875 0.06875
19 0.94609375 0.990625 0.1078125 0.01875
0 0.5984375 0.74765625 0.121875 0.10625
0 0.2625 0.6453125 0.153125 0.0595703125
0 0.1453125 0.94609375 0.0658203125 0.1078125
0 0.62734375 0.3515625 0.1296875 0.052734375
0 0.58515625 0.28203125 0.0455078125 0.0609375
0 0.88203125 0.6515625 0.109375 0.0998046875
0 0.94296875 0.825 0.1140625 0.072265625
0 0.65625 0.19296875 0.0345703125 0.0578125
0 0.70546875 0.70234375 0.069921875 0.082421875
0 0.7125 0.92890625 0.130859375 0.1330078125
0 0.85234375 0.95625 0.0375 0.0875
2 0.80546875 0.6203125 0.13125 0.2873046875
2 0.70078125 0.46484375 0.1388671875 0.0671875
2 0.30859375 0.89375 0.215625 0.1501953125
2 0.5625 0.97109375 0.1373046875 0.0578125
2 0.015625 0.65625 0.03125 0.0970703125
2 0.0859375 0.3234375 0.171875 0.284765625
2 0.809375 0.13359375 0.112109375 0.1142578125
2 0.703125 0.1125 0.0908203125 0.0966796875