15 0.5 0.521875 1 0.9560546875
4 0.24140625 0.5109375 0.2375 0.14609375
4 0.46875 0.10546875 0.225390625 0.16875
4 0.2921875 0.3265625 0.3404296875 0.2935546875
4 0.33125 0.79921875 0.2685546875 0.365625
4 0.51875 0.771875 0.1091796875 0.0873046875
4 0.615625 0.83046875 0.21875 0.1111328125
4 0.88359375 0.85 0.2326171875 0.212109375
4 0.56015625 0.3984375 0.125 0.059765625
4 0.63515625 0.15390625 0.0673828125 0.2236328125
4 0.8515625 0.415625 0.127734375 0.0966796875
19 0.95 0.16171875 0.1 0.2140625
19 0.18671875 0.74609375 0.090625 0.071875
19 0.25234375 0.25859375 0.1513671875 0.165625
19 0.55 0.60703125 0.1 0.1125
19 0.68671875 0.57890625 0.092578125 0.1125
19 0.6265625 0.3546875 0.1251953125 0.0873046875
19 0.73203125 0.2234375 0.1359375 0.165625
19 0.8375 0.29140625 0.084375 0.115625
19 0.89453125 0.853125 0.10625 0.0689453125
19 0.97109375 0.97890625 0.0578125 0.0390625
0 0.64375 0.721875 0.1248046875 0.1091796875
0 0.30234375 0.61875 0.15625 0.06171875
0 0.18359375 0.934375 0.0671875 0.130859375
0 0.0140625 0.140625 0.0279296875 0.062109375
0 0.67421875 0.31953125 0.132421875 0.053125
0 0.63125 0.2484375 0.046875 0.0623046875
0 0.9328125 0.62421875 0.109765625 0.1013671875
0 0.96796875 0.80078125 0.0638671875 0.0736328125
0 0.703125 0.1578125 0.03671875 0.058984375
0 0.753125 0.6765625 0.069140625 0.083984375
0 0.76015625 0.90703125 0.13125 0.1359375
0 0.90390625 0.94375 0.0390625 0.10625
2 0.8546875 0.59296875 0.1341796875 0.2919921875
2 0.7484375 0.434375 0.140625 0.0685546875
2 0.34921875 0.87109375 0.21875 0.153125
2 0.609375 0.9515625 0.137890625 0.059765625
2 0.03515625 0.63046875 0.0673828125 0.0984375
2 0.10625 0.2921875 0.212109375 0.2904296875
2 0.85859375 0.0984375 0.1125 0.116015625
2 0.75078125 0.0765625 0.0923828125 0.0970703125