15 0.5 0.55625 1 0.88671875
4 0.22578125 0.5453125 0.2203125 0.134375
4 0.4359375 0.16953125 0.209375 0.15625
4 0.27265625 0.375 0.31484375 0.27109375
4 0.30859375 0.81171875 0.24765625 0.33828125
4 0.48203125 0.78671875 0.1 0.08046875
4 0.571875 0.840625 0.20234375 0.103125
4 0.82421875 0.86015625 0.21953125 0.19609375
4 0.5203125 0.440625 0.115625 0.05625
4 0.58984375 0.21484375 0.06328125 0.2078125
4 0.790625 0.45703125 0.1171875 0.0890625
19 0.91796875 0.2234375 0.1640625 0.1984375
19 0.175 0.7625 0.08359375 0.06640625
19 0.23515625 0.31171875 0.13984375 0.153125
19 0.5109375 0.634375 0.09296875 0.10390625
19 0.63828125 0.6078125 0.0859375 0.10390625
19 0.58203125 0.40078125 0.11640625 0.08046875
19 0.6796875 0.27890625 0.12578125 0.153125
19 0.77734375 0.3421875 0.078125 0.10703125
19 0.8296875 0.8625 0.0984375 0.06484375
19 0.9375 0.98046875 0.125 0.0390625
0 0.5984375 0.740625 0.11484375 0.1
0 0.28203125 0.64453125 0.14453125 0.05703125
0 0.17265625 0.93828125 0.0625 0.12265625
0 0.0140625 0.20234375 0.02734375 0.05703125
0 0.62578125 0.36796875 0.12265625 0.04921875
0 0.58671875 0.30234375 0.04375 0.05703125
0 0.865625 0.65078125 0.10234375 0.09375
0 0.92734375 0.8140625 0.11328125 0.06875
0 0.653125 0.21875 0.03359375 0.0546875
0 0.69921875 0.6984375 0.065625 0.07734375
0 0.70625 0.91171875 0.121875 0.12578125
0 0.8390625 0.94609375 0.03671875 0.0984375
2 0.79375 0.62109375 0.1234375 0.26953125
2 0.69453125 0.475 0.13046875 0.06328125
2 0.325 0.87890625 0.20234375 0.1421875
2 0.56640625 0.953125 0.12890625 0.05625
2 0.034375 0.65625 0.06328125 0.09140625
2 0.1 0.34296875 0.1953125 0.26796875
2 0.796875 0.16328125 0.1046875 0.10859375
2 0.696875 0.14375 0.0859375 0.090625