15 1 0.4819934359375 0.876157659375 0.3006255328125 0.69133261875 0.1886808453125 0.5403487250000001 0.1504980546875 0.433618759375 0.14268797187499999 0.38589399062499996 0.1131831359375 0.27482554375 0.1244643859375 0.23838106875 0.176531721875 0.1767728078125 0.2008298375 0.11516441875000001 0.2364092046875 0.050085187499999996 0.2954188125 0.008434453125 0.2850053734375 0 0.7345200015625 0.1654923828125 0.9002676749999999 0.34164019375 0.9853110171875 0.5559677656249999 0.9896499625 0.7017452703125 0.96882308125 0.8605386171875 0.9063423046875 0.9516494078125 0.8091498375 1 0.7230902796875001 1 0.4819934359375
2 0.18203125 0.62265625 0.31171875 0.31953125
2 0.7921875 0.5859375 0.23359375 0.2859375
2 0.51484375 0.6671875 0.2953125 0.24765625
2 0.43984375 0.290625 0.3453125 0.28984375
2 0.11328125 0.38515625 0.12578125 0.10625
2 0.76171875 0.3359375 0.26015625 0.1984375
2 0.50390625 0.5 0.0953125 0.06640625
2 0.6953125 0.84375 0.21875 0.08515625
2 0.2359375 0.3703125 0.07109375 0.05859375
2 0.2359375 0.3046875 0.0671875 0.0578125
2 0.46875 0.875 0.08203125 0.09140625
2 0.9453125 0.59375 0.03671875 0.06640625
2 0.93984375 0.503125 0.05546875 0.09453125
2 0.23359375 0.44140625 0.0890625 0.05234375