15 0.24237020468749998 0 0.21407234218750001 0.0404284703125 0.1407155296875 0.0693601796875 0.0673585625 0.1117244484375 0 0.17280080625 0 0.77469888125 0.12728395312500002 0.9021791859375 0.329897371875 1 0.6524629484375 1 0.76579901875 0.9838079484375 0.9548738890624999 0.9094122328124999 1 0.8612739375 1 0.22703791875 0.9734714468749999 0.18818668125 0.7534007 0.05489440156249999 0.5736245281250001 0.0094302421875 0.44654140625 0.0001307953125 0.4463298421875 0 0.24237020468749998 0
2 0.16640625 0.56953125 0.3328125 0.38125
2 0.86640625 0.5265625 0.2671875 0.341015625
2 0.54375 0.62421875 0.350390625 0.2953125
2 0.45390625 0.1765625 0.4109375 0.34609375
2 0.06953125 0.2875 0.1390625 0.125
2 0.8375 0.23046875 0.309375 0.2359375
2 0.53046875 0.42578125 0.1140625 0.0794921875
2 0.75859375 0.83515625 0.2607421875 0.1015625
2 0.2109375 0.27109375 0.0845703125 0.0701171875
2 0.2109375 0.19296875 0.0810546875 0.06875
2 0.48828125 0.87265625 0.0982421875 0.109375
2 0.20859375 0.35546875 0.10625 0.0625