15 1 0.36090055468750004 0.8384741109375 0.19912549375 0.660237590625 0.1130737328125 0.44336858437500004 0.1086833375 0.29586249375 0.129757178125 0.135186221875 0.19297883437500002 0.042995065625 0.29132378124999997 0 0.36785100000000004 0 0.6310423515625 0.11938197187499999 0.8058780171875 0.3063986140625 0.9191501140625 0.45917283124999997 0.9577856671875 0.5671683703125 0.9656883562499999 0.6100313609375 0.9921875 0.6484958 0.9921875 0.727844509375 0.98412803125 0.7647211328125 0.9314432984375 0.827059925 0.9068570625 0.8893988500000001 0.87085580625 0.9552497703125 0.811146478125 0.9973943875 0.8216833984375 1 0.6828171328125 1 0.36090055468750004
2 0.17890625 0.62421875 0.315625 0.3234375
2 0.79609375 0.5875 0.236328125 0.290234375
2 0.51484375 0.66875 0.298828125 0.250390625
2 0.4390625 0.28828125 0.3498046875 0.29375
2 0.10859375 0.384375 0.1267578125 0.1064453125
2 0.76484375 0.334375 0.263671875 0.200390625
2 0.50390625 0.5 0.096875 0.06796875
2 0.69765625 0.84765625 0.2205078125 0.0859375
2 0.2328125 0.36875 0.071875 0.059375
2 0.2328125 0.30234375 0.0685546875 0.0580078125
2 0.46875 0.8796875 0.08203125 0.093359375
2 0.95078125 0.59453125 0.0375 0.0671875
2 0.94453125 0.503125 0.05625 0.094140625
2 0.23046875 0.440625 0.0892578125 0.053125