15 0.867401978125 0.0559251765625 0.6908354375 0.10545691093750001 0.48575672656249996 0.9523702109375 0.5342390203125 0.9859375 0.543505296875 0.9859375 0.9984375 0.8756121109375 0.9984375 0.06358118593749999 0.872294865625 0.0216723625 0.867401978125 0.0559251765625
15 0 0.9214223671875 0.59981320625 0.9984375 0.609375 0.9984375 0.609375 0.112318215625 0.556910840625 0.0439875671875 0.3849901046875 0.0439875671875 0 0.92051188125 0 0.9214223671875
8 0.159375 0.25234375 0.130859375 0.076953125
8 0.08515625 0.50546875 0.1701171875 0.0673828125
8 0.0640625 0.65546875 0.128125 0.1125
8 0.3703125 0.37421875 0.146875 0.0578125
12 0.19453125 0.33515625 0.14375 0.063671875
12 0.7112436078125 0.20296752499999998 0.7053720828125 0.30376858125 0.731838365625 0.30625 0.7368302203125 0.30625 0.7719155375 0.1951382421875 0.9734375 0.157961459375 0.9734375 0.1037497296875 0.7954013375 0.1295686359375 0.7112436078125 0.20296752499999998
12 0.75625 0.926663865625 0.720209 0.8735467640625 0.7065089718750001 0.7619805875 0.6888945468750001 0.73653550625 0.640012725 0.7143235546875 0.63996566875 0.823635534375 0.65268720625 0.8823545703125 0.6855783453125001 0.9375 0.6906147046875 0.9375 0.75625 0.9285081859375 0.75625 0.926663865625
12 0.7628655359375001 0.38230412187499996 0.7462295984375 0.41068504062500005 0.7494049609375 0.4375 0.755249603125 0.4375 0.8049442546875 0.41166367656249997 0.815625 0.3229248125 0.815625 0.3071787703125 0.791244225 0.3216277359375 0.7628655359375001 0.38230412187499996
17 0.30859375 0.61171875 0.145703125 0.10625
17 0.2953125 0.215625 0.078515625 0.106640625
17 0.4375 0.30859375 0.1 0.078125
17 0.6640625 0.49765625 0.103125 0.0951171875
17 0.0453125 0.42734375 0.090625 0.0921875
8 0.16953125 0.42109375 0.1328125 0.06875
17 0.0078125 0.3171875 0.015625 0.0658203125
8 0.26875 0.825 0.109375 0.141015625
9 0.87890625 0.65546875 0.1419921875 0.1986328125