15 1 0.09843075 0.8145492687500001 0.0368177828125 0.8102106546875 0.06719039375 0.65364579375 0.1111111140625 0.47179865468750004 0.8620850156250001 0.5169202281249999 0.8933254703125 1 0.7761740296874999 1 0.09843075
15 0.23751342343749998 0.91068125 0.5820312109375 0.1263020859375 0 0.051570134375 0.001492775 0.7917940578125 0.11342899843750001 0.9375826265624999 0.23751342343749998 0.91068125
8 0.18203125 0.24140625 0.115625 0.06875
8 0.10078125 0.4671875 0.18359375 0.0609375
8 0.078125 0.59921875 0.15546875 0.09921875
8 0.36953125 0.34921875 0.13046875 0.0515625
12 0.2140625 0.31484375 0.12734375 0.05625
12 0.9073957437500001 0.2867409234375 0.9021893515625001 0.1973587359375 0.8275651156249999 0.132274565625 0.6666666265625001 0.108940975 0.669639540625 0.1574403921875 0.8483904156250001 0.190416365625 0.8796284999999999 0.2893443171875 0.9073957437500001 0.2867409234375
12 0.7121579203125 0.8412581343750001 0.679184415625 0.7926618999999999 0.6670363453125 0.6937340796875 0.6514173046875 0.67117145 0.6080728765625001 0.6514756953124999 0.60803115 0.748404678125 0.6193115765625 0.800471946875 0.6488141093750001 0.8499360234375001 0.7121579203125 0.8412581343750001
12 0.7425282265625001 0.39434676562500004 0.7659567234375 0.408231375 0.754676296875 0.31451020937499996 0.7057291265625001 0.2890625015625 0.7026129125 0.31537798437500003 0.7173643109375 0.3405438765625 0.7425282265625001 0.39434676562500004
17 0.31484375 0.559375 0.1296875 0.09453125
17 0.303125 0.20859375 0.07109375 0.0953125
17 0.42890625 0.29140625 0.0890625 0.06953125
17 0.6296875 0.459375 0.09140625 0.084375
17 0.06171875 0.396875 0.12265625 0.08125
8 0.19140625 0.390625 0.1171875 0.0609375
17 0.028125 0.29921875 0.05625 0.059375
8 0.27890625 0.74921875 0.09765625 0.12578125
9 0.8203125 0.5984375 0.125 0.1765625