15 0.9495792468750001 1 0.9997088046875 0.965292209375 0.791883503125 0.10703632031250002 0.6129522328125 0.0568412125 0.607993815625 0.022129657812500002 0.4518536953125 0.0740046546875 0.4518536953125 0.880641121875 0.94403594375 1 0.9495792468750001 1
15 0 0.9984375 0.0120695625 0.9984375 0.5765625 0.9259574390624999 0.5765625 0.9221995640625 0.193477540625 0.050012779687499995 0.0030888234375 0.050012779687499995 0 0.0540357421875 0 0.9984375
8 0.12109375 0.25546875 0.1328125 0.0794921875
8 0.065625 0.51171875 0.13125 0.0703125
8 0.04453125 0.6640625 0.0890625 0.115234375
8 0.33515625 0.3796875 0.148828125 0.058984375
12 0.15703125 0.33984375 0.1453125 0.0640625
12 0.9439306140625 0.20515336562500003 0.8586457718749999 0.13077145625 0.6747617859374999 0.10410449531249999 0.6781594015625 0.15953240156249998 0.8824461156250001 0.1972192265625 0.9178610953125 0.309375 0.9277965734375 0.309375 0.9484375 0.3074397546875 0.9484375 0.282526584375 0.9439306140625 0.20515336562500003
12 0.7265625 0.8402672171875001 0.7137965953125 0.781343396875 0.6800794156250001 0.7248130234375 0.6078125 0.7347133484375 0.6078125 0.734916325 0.64537049375 0.7902691640625 0.6592540015624999 0.9033295296875 0.677104334375 0.9291153937500001 0.7196264765625 0.9484375 0.7265625 0.9484375 0.7265625 0.8402672171875001
12 0.7326231515625 0.388284028125 0.7157644109375 0.41704505000000003 0.719111771875 0.4453125 0.7228022000000001 0.4453125 0.775265421875 0.41803679374999997 0.7875 0.3163882453125 0.7875 0.311316453125 0.7613819125 0.3267950140625 0.7326231515625 0.388284028125
17 0.27265625 0.61953125 0.1484375 0.1078125
17 0.25859375 0.21875 0.08125 0.1091796875
17 0.403125 0.3125 0.10078125 0.078515625
17 0.6328125 0.5046875 0.103515625 0.0966796875
17 0.02578125 0.4328125 0.0515625 0.09375
8 0.13125 0.4265625 0.134375 0.0689453125
8 0.23203125 0.8359375 0.1109375 0.14375
9 0.85078125 0.6640625 0.1423828125 0.202734375