15 1 0.25931530625 0.9642486281249999 0.2518884828125 0.779860353125 0.2576838609375 0.5998277546875 0.29921695000000004 0.4328619546875 0.3513748546875 0.32106750625 0.408362190625 0.21653221875 0.47211070624999996 0.09021900625 0.5658016984375001 0 0.616725428125 0 1 1 1 1 0.25931530625
15 0.9999642890624999 0.15543696093749998 0.9789972406249999 0.1062844328125 0.9049514500000001 0.07344430468749999 0.752390646875 0.0640625 0.7515982109375 0.0640625 0.7515982109375 0.196875 0.751889946875 0.196875 0.9999642890624999 0.15543696093749998
13 0.27734375 0.73984375 0.453125 0.1798828125
13 0.56484375 0.96796875 0.6859375 0.0640625
13 0.4859375 0.56875 0.2248046875 0.084375
13 0.7359375 0.44453125 0.322265625 0.121875
13 0.7578125 0.67734375 0.2376953125 0.1232421875
13 0.8640625 0.84453125 0.2716796875 0.2142578125
13 0.975 0.421875 0.05 0.1375
13 0.98359375 0.67734375 0.0328125 0.1328125
13 0.2875 0.60234375 0.074609375 0.084375