15 1 0.26302083593750003 0.8887392375 0.239880309375 0.7232764453125 0.24508709374999998 0.5617222671875 0.282401978125 0.41189371875 0.3292625953125 0.31157377343750003 0.38046215625 0.217767915625 0.43773621250000005 0.1044194015625 0.5219117125 0 0.5809215203125 0.0040994578125 0.99919569375 1 0.9974601421875 1 0.26302083593750003
15 1 0.19649089375 0.9994820765625001 0.05851250625 0.6979471546875 0.108940975 0.7167621609375 0.153101446875 0.78320794375 0.18260625156250002 0.9382478390625 0.19215195000000002 1 0.19649089375
13 0.27265625 0.678125 0.40703125 0.1625
13 0.53203125 0.92734375 0.6140625 0.1453125
13 0.459375 0.525 0.2015625 0.07578125
13 0.68359375 0.41328125 0.290625 0.109375
13 0.70390625 0.621875 0.21328125 0.11015625
13 0.83828125 0.771875 0.3234375 0.19375
13 0.93828125 0.39375 0.1234375 0.1234375
13 0.946875 0.62265625 0.10625 0.1203125
13 0.28125 0.5546875 0.065625 0.07578125