15 1 0.21973380781250001 0 0.21973380781250001 0 0.9879219578124999 0.0431838078125 0.996875 0.1649603765625 0.996875 0.23550853749999998 0.994662040625 0.407664709375 0.9550246515625 0.56732575625 0.9052473984375 0.674229196875 0.8508611421875001 0.774191065625 0.7900223125 0.894978075 0.7006076734375 1 0.6414458578125 1 0.21973380781250001
15 0.8283558875000001 0.0465577421875 0.7575496 0.0778989453125 0.737499859375 0.1248079953125 0.991713696875 0.1671875 0.996875 0.1671875 0.996875 0.036186448437500005 0.9935702750000001 0.0364179140625 0.8283558875000001 0.0465577421875
13 0.284375 0.68515625 0.4341796875 0.1732421875
13 0.559375 0.93671875 0.65625 0.1265625
13 0.48359375 0.521875 0.214453125 0.08125
13 0.721875 0.40390625 0.309375 0.1169921875
13 0.74375 0.62578125 0.2279296875 0.1171875
13 0.8578125 0.78515625 0.284375 0.205078125
13 0.9640625 0.3828125 0.071875 0.1310546875
13 0.971875 0.62578125 0.05625 0.1265625
13 0.29375 0.55390625 0.069140625 0.08125