15 0.182914725 0.7013973250000001 0.197561090625 0.7658639296875001 0.2488235546875 0.7870457703125 0.30511444375 0.8109375 0.3082228515625 0.8109375 0.3251069015625 0.7907297296875 0.3305992671875 0.7474448984375 0.80625 0.5624725578125 0.80625 0.5611305843750001 0.782806984375 0.4822108359375 0.7132365171874999 0.3937995078125 0.620475984375 0.3256490828125 0.5094074515625 0.2860481375 0.43920584375000005 0.2737739015625 0.29703459374999996 0.5439145609375 0.19084821093749998 0.5448355671875 0.16948887343750002 0.5918040796875 0.193289240625 0.6350887734375 0.182914725 0.7013973250000001
13 0.59609375 0.47265625 0.0669921875 0.0611328125
13 0.3671875 0.440625 0.05 0.1
13 0.59296875 0.571875 0.042578125 0.1125
1 0.25078125 0.659375 0.0486328125 0.080859375
1 0.4046875 0.52265625 0.0591796875 0.0609375
1 0.43046875 0.4828125 0.0486328125 0.059375
1 0.49296875 0.60546875 0.0453125 0.0828125
1 0.39921875 0.60234375 0.0357421875 0.0732421875
1 0.471875 0.46953125 0.050390625 0.1201171875
1 0.5375 0.48984375 0.0529296875 0.1921875
1 0.5140625 0.35234375 0.034765625 0.05625
1 0.353125 0.5546875 0.0498046875 0.0560546875