15 0.20444024062500002 0.625046059375 0.19422782656249998 0.6899934375 0.2086453421875 0.7531366796875 0.2591068296875 0.773883703125 0.3167769859375 0.7982389265625 0.33419825 0.777492040625 0.339604796875 0.735095753125 0.80817525625 0.553784384375 0.78474676875 0.475306378125 0.7162633406250001 0.38870994375 0.6249521921875 0.3219585015625 0.5156191031249999 0.28317048125 0.44651439687499994 0.2711482078125 0.30656457187499997 0.5357434578125 0.20203735156249997 0.5366455578125 0.181011753125 0.58264990625 0.20444024062500002 0.625046059375
13 0.60078125 0.465625 0.06484375 0.06015625
13 0.37578125 0.434375 0.04921875 0.0984375
13 0.596875 0.56328125 0.04296875 0.11015625
1 0.26015625 0.6484375 0.0484375 0.078125
1 0.4125 0.51484375 0.0578125 0.059375
1 0.4375 0.47578125 0.0484375 0.0578125
1 0.4984375 0.59609375 0.04453125 0.08125
1 0.40703125 0.59296875 0.03515625 0.07109375
1 0.478125 0.4625 0.05078125 0.1171875
1 0.54296875 0.48203125 0.0515625 0.1875
1 0.5203125 0.3484375 0.0359375 0.05546875
1 0.3609375 0.54609375 0.0484375 0.0546875