15 0.3402845546875 0.5330427765625 0.49568488281249995 0.8265625 0.516290684375 0.8265625 0.57501245 0.8163565421874999 0.6977724078125 0.7728476109375 0.80029720625 0.697971815625 0.8771908828124999 0.600835684375 0.903125 0.5140494421875 0.903125 0.5126624484375 0.3773823515625 0.3094272078125 0.3713118421875 0.2618708453125 0.351751125 0.23859884375 0.28699866875 0.2659183546875 0.23034015624999998 0.289190509375 0.21415206874999998 0.36001895 0.2256186390625 0.4328711078125 0.1993129703125 0.48042731875 0.22292065781249998 0.5320308812500001 0.3402845546875 0.5330427765625
13 0.6703125 0.45703125 0.072265625 0.0671875
13 0.4171875 0.42109375 0.05390625 0.110546875
13 0.665625 0.565625 0.0470703125 0.124609375
1 0.2875 0.66171875 0.0533203125 0.0875
1 0.45859375 0.51171875 0.0642578125 0.0669921875
1 0.48671875 0.46796875 0.054296875 0.064453125
1 0.55546875 0.603125 0.05 0.0908203125
1 0.45234375 0.59921875 0.0390625 0.0796875
1 0.53203125 0.453125 0.057421875 0.13125
1 0.60546875 0.475 0.0578125 0.21171875
1 0.5796875 0.325 0.0404296875 0.0623046875
1 0.40078125 0.546875 0.0546875 0.062109375