15 0 0.3732250703125 0.5096807250000001 0.9984375 0.541356228125 0.9984375 0.576639975 0.997506415625 0.940625 0.3393434015625 0.940625 0.33696578125 0.7324847828125 0.3021820546875 0.5533795453125 0.289937334375 0.4394034015625 0.284689615625 0.2975148140625 0.2934358359375 0.08119274531250001 0.3240476046875 0 0.3292075125 0 0.3732250703125
15 0.5563624765624999 0 0.4635286734375 0.12660063125 0.4635286734375 0.25 0.5075042640625 0.25 0.996875 0.2277696703125 0.996875 0.224380990625 0.9239857375 0.15291077343749998 0.8379222171875 0.1039319578125 0.7344131968750001 0.062824721875 0.7123158593750001 0.0444576078125 0.656490790625 0.0287144859375 0.556984146875 0 0.5563624765624999 0
13 0.62578125 0.06328125 0.069921875 0.0421875
13 0.8140625 0.11171875 0.1029296875 0.05625
13 0.74375 0.1703125 0.106640625 0.0595703125
13 0.95 0.03828125 0.0998046875 0.0642578125
11 0.45234375 0.84140625 0.082421875 0.084375
11 0.38359375 0.45390625 0.0953125 0.0361328125
11 0.290625 0.6421875 0.0814453125 0.040625
11 0.30703125 0.69140625 0.0609375 0.0375
11 0.76484375 0.46796875 0.0517578125 0.08125