15 0.6227382312499999 1 0.984375 0.34599825 0.984375 0.34337552968749996 0.7660065234375 0.306877753125 0.5780444328125001 0.29402585625 0.4584321046875 0.2885179203125 0.30952705156250004 0.2976978375 0.0825077359375 0.32982754375 0 0.3350717015625 0 0.38475605625 0.50148919375 1 0.6227382312499999 1
15 0.768708603125 0 0.4838683921875 0.0129409328125 0.56382834375 0.0913543609375 0.65414775 0.1427618765625 0.7627753484375 0.18590748906250001 0.7859654125 0.20518536874999999 0.8445510609375001 0.2217091421875 0.94799090625 0.2515625 0.9498397234375 0.2515625 1 0.18314833749999998 1 0 0.768708603125 0
13 0.65390625 0.05625 0.0732421875 0.04375
13 0.8515625 0.10703125 0.1064453125 0.059375
13 0.778125 0.16875 0.1125 0.0625
13 0.97109375 0.03203125 0.0578125 0.0640625
11 0.471875 0.87265625 0.087109375 0.0890625
11 0.4 0.46640625 0.1 0.0390625
11 0.30234375 0.6640625 0.0859375 0.041015625
11 0.31953125 0.715625 0.0640625 0.037890625
11 0.8 0.48046875 0.055859375 0.085546875