15 0.7313929171875 0.301493375 0.55322051875 0.2893443171875 0.43983800000000006 0.2841375953125 0.2986884171875 0.2928154859375 0.08349302343750001 0.3231881 0.0013486765625 0.32839481875 0.0005786515625 0.369357640625 0.5104128796875 0.993121196875 0.5763598 0.9913855140625 0.93964645625 0.33620493281249997 0.7313929171875 0.301493375
15 1 0 0.4635416140625 0.02430555625 0.539336984375 0.09843075 0.6249522546875 0.14702691875 0.7279221671875 0.187813003125 0.7499044140625 0.206036625 0.8054387265624999 0.221656753125 0.904937534375 0.2502938140625 1 0.12099325000000001 1 0
13 0.625 0.06484375 0.06875 0.04140625
13 0.8125 0.11328125 0.1015625 0.05625
13 0.74296875 0.17109375 0.10703125 0.059375
13 0.95 0.040625 0.09921875 0.06328125
11 0.45234375 0.83671875 0.08125 0.08359375
11 0.384375 0.45234375 0.0953125 0.03671875
11 0.2921875 0.6390625 0.08203125 0.03984375
11 0.3078125 0.68828125 0.0609375 0.03671875
11 0.76328125 0.46640625 0.05234375 0.08046875