13 0.293309128125 0 0.2105809125 0.030386740625000002 0.06120331875 0.1187845296875 0.0093361 0.1519337015625 0 0.16648054375000002 0 0.8611981515625 0.021784232812500002 0.8867403312500001 0.1026970953125 0.9530386734375 0.189834025 0.9972375687499999 0.20228215781249997 1 0.50103734375 1 0.635892115625 0.9640883984374999 0.7707468875 0.9060773484375 0.9118257265624999 0.7624309390625 1 0.6426558390625 1 0.12404752187500001 0.9278740546875 0.0783230421875 0.8466272703125 0 0.293309128125 0
13 0.986705784375 0.17947600156250001 0.942466096875 0.17070121875 0.922841925 0.146875 0.865550440625 0.146875 0.8248800578125 0.17395113906249998 0.8134692687499999 0.2250561109375 0.847701634375 0.2623489296875 0.8985315093749999 0.2698237421875 0.9400450687499999 0.2921875 0.9513550375 0.2921875 0.99292985 0.2899732390625 0.9984375 0.2783260890625 0.9984375 0.21547148749999998 0.986705784375 0.17947600156250001
13 0.8359375 0.082648453125 0.8359375 0.081468046875 0.805890171875 0.046978590625 0.77269515 0.041453728125 0.73223871875 0.0787465453125 0.728125 0.10613345468749999 0.728125 0.106449990625 0.749873571875 0.15471339687500002 0.7936770640625 0.175 0.7998606046875001 0.175 0.8338984703125 0.14780731875 0.8359375 0.082648453125
13 0.740625 0.21675802656249998 0.740625 0.21662076875 0.73026128125 0.194542040625 0.6773567171875 0.16001165312500001 0.6348255968750001 0.194542040625 0.6203125 0.2497536625 0.6203125 0.24980513124999998 0.6379376296875 0.276033753125 0.651287765625 0.278125 0.6788095015625 0.278125 0.7385600359375 0.241503365625 0.740625 0.21675802656249998
13 0.8609375 0.4518137828125 0.8227713281250001 0.39275509375 0.783352240625 0.367893215625 0.7283729875 0.41623575781250005 0.7325223656250001 0.460434653125 0.76882941875 0.5004899 0.8050837906250001 0.5046875 0.818968121875 0.5046875 0.851816971875 0.48667774531249997 0.8609375 0.452944665625 0.8609375 0.4518137828125
13 0.8171875 0.5969449953125 0.7941535921875 0.5502740859374999 0.7671826390625001 0.539224359375 0.6862697734375 0.5778983953125 0.6727842984375 0.6538652453125 0.692738340625 0.6703125 0.70665359375 0.6703125 0.760958571875 0.6635337515625 0.7941535921875 0.6441967359375 0.8171875 0.6001927328125001 0.8171875 0.5969449953125
13 0.7814850234375 0.7480878796875 0.6842724453125 0.6875 0.6836560359375 0.6875 0.6507796296875 0.706651415625 0.610323196875 0.7798558359375 0.623808675 0.814386221875 0.6835254921875 0.8390625 0.6852756578125 0.8390625 0.7420659359374999 0.8309608078125 0.78459705625 0.796430421875 0.7875 0.7693737046875 0.7875 0.7560967703125 0.7814850234375 0.7480878796875
13 0.6046875 0.4818760734375 0.5857073374999999 0.425315090625 0.519317296875 0.4087405046875 0.46848742187500003 0.43774602968750004 0.46018866718749996 0.49299464843749996 0.500645096875 0.5634366375 0.5187240625 0.565625 0.5530898046875 0.565625 0.5857073374999999 0.5496244828125 0.6046875 0.49787720156250004 0.6046875 0.4818760734375
13 0.484375 0.24911263125 0.4424630453125 0.17969613281250002 0.405118646875 0.1548342546875 0.3812597265625 0.189364640625 0.3708862828125 0.255662984375 0.384371759375 0.276381215625 0.46358689374999995 0.2953125 0.46593759375 0.2953125 0.48084478906249994 0.2860497234375 0.484375 0.2554968140625 0.484375 0.24911263125
13 0.3984245328125 0.0980878796875 0.37700470468749997 0.075 0.3738870296875 0.075 0.31854901406249997 0.0828945109375 0.303125 0.103431459375 0.303125 0.1043378828125 0.3071382265625 0.125712190625 0.33099714687500004 0.1630050078125 0.376031359375 0.1984375 0.37686232343750004 0.1984375 0.40625 0.135020809375 0.40625 0.131951396875 0.3984245328125 0.0980878796875
13 0.325 0.179614121875 0.31035723593750003 0.160117403125 0.24189250625 0.14630524843749998 0.2078125 0.172431540625 0.2078125 0.217134525 0.21907092968750003 0.2457527625 0.2521829625 0.25625 0.268033584375 0.25625 0.316581303125 0.22641574531250003 0.325 0.1853145140625 0.325 0.179614121875
13 0.4748838 0 0.4733645609375 0.0370856359375 0.5055222374999999 0.0660911609375 0.5367873578125 0.0734375 0.5415961125 0.0734375 0.571875 0.0380082125 0.571875 0 0.4748838 0
13 0.059363662500000004 0.2484375 0.0523385265625 0.2484375 0.0329437890625 0.2606698890625 0.024645034375 0.313156078125 0.060952087499999995 0.3587361875 0.1109553265625 0.3640625 0.113040003125 0.3640625 0.15120105156250002 0.3297306625 0.1609375 0.299481328125 0.1609375 0.28489739531249997 0.1460143296875 0.25100138125 0.059363662500000004 0.2484375
13 1 0.2926610578125 0.983943859375 0.290625 0.9825944718749999 0.290625 0.9195085593749999 0.3388207859375 0.9195085593749999 0.3885445453125 0.9475168578125001 0.4147876390625 0.9996719453124999 0.425 1 0.425 1 0.2926610578125
13 0.4359375 0.7599964453125 0.4359375 0.7552330140625 0.39713109375 0.6876640187499999 0.361861384375 0.671089434375 0.3255543296875 0.7083822515625 0.2757617984375 0.7940176109375 0.26953773281250004 0.810592196875 0.283023209375 0.8230231359375001 0.3297382859375 0.8296875 0.3449234953125 0.8296875 0.392981715625 0.80921098125 0.4359375 0.7599964453125
0 0.2893807578125 0.650178746875 0.273515490625 0.6696782578125 0.267413465625 0.721676959375 0.267413465625 0.7671875 0.26858893125 0.7671875 0.3467398015625 0.6599285 0.336976559375 0.6306792328124999 0.2893807578125 0.650178746875
0 0.4988570171875 0.4619688421875 0.5008143921875 0.475 0.5077436 0.475 0.520824309375 0.468468678125 0.534248765625 0.47009363750000005 0.540625 0.4552363078125 0.540625 0.44476719375 0.5183835 0.4278446921875 0.4988570171875 0.4619688421875
0 0.6246268234375 0.6665001953125 0.659375 0.6620227515625 0.659375 0.6551717234375001 0.6539165484375 0.6437507640625 0.6099819625 0.6388758859375 0.5794718328124999 0.6437507640625 0.564826971875 0.64700068125 0.564826971875 0.6734062734374999 0.5684881875000001 0.6730000328125 0.5656750484375 0.6767457015625 0.5995225375000001 0.6828125 0.6185012484375 0.6828125 0.6246268234375 0.6665001953125
0 0.3754700359375 0.55625 0.37979210937499996 0.55625 0.3921874984375 0.539745640625 0.4 0.521252696875 0.4 0.5150566750000001 0.36777939531250003 0.528370925 0.3592365609375 0.54949539375 0.3754700359375 0.55625
0 0.553998546875 0.4808926390625 0.5698638109374999 0.4223941 0.5271496328125 0.4451435328125 0.507623146875 0.4321438546875 0.4941986921875 0.4451435328125 0.513725175 0.48414255937500006 0.5100639609375001 0.5410161359375001 0.5369533828125 0.5453125 0.5406935703125 0.5453125 0.553998546875 0.4808926390625
0 0.8140625 0.114200253125 0.80143874375 0.111144175 0.7944642921875 0.1328125 0.8079194828125 0.1328125 0.8140625 0.132331359375 0.8140625 0.114200253125
0 0.6859375 0.11691897031250001 0.6954835484374999 0.1312182625 0.70036516875 0.12634338437499998 0.70625 0.1106721734375 0.70625 0.10945756874999998 0.70036516875 0.0922192375 0.6859375 0.0970218171875 0.6859375 0.11691897031250001
0 0.6210605703125001 0.1937032828125 0.6265625 0.176121434375 0.6265625 0.1731051109375 0.6173993546875 0.1563292140625 0.6015340890624999 0.1660789734375 0.60885651875 0.172578809375 0.6210605703125001 0.1937032828125
0 0.2600035078125 0.36605574218750003 0.18922001093750002 0.3806803765625 0.2075260890625 0.40342980781250004 0.1994117671875 0.428125 0.202313446875 0.428125 0.2404770234375 0.4131795625 0.27952999218749996 0.3693056609375 0.2600035078125 0.36605574218750003
0 0.7603965171875 0.5104048156250001 0.7005966625 0.51690465625 0.6896130171875 0.528279371875 0.694260625 0.54375 0.7120455984375 0.54375 0.7677189484375 0.5412790453125 0.7994494828125001 0.512029778125 0.7603965171875 0.5104048156250001
0 0.428078853125 0.137089190625 0.4125 0.15144980624999999 0.4125 0.15190450312499998 0.43076221718749996 0.1640625 0.4373553484375 0.1640625 0.465625 0.143794375 0.465625 0.1435345484375 0.457368578125 0.14196406875 0.428078853125 0.137089190625