13 0.48092369531249995 0 0.3604417671875 0.0320855609375 0.229919678125 0.08823529375 0.09337349375000001 0.2272727265625 0 0.35411602656249996 0 0.8400810328125001 0.077840775 0.8894306390625 0.18975903593750001 0.997326203125 0.199799196875 1 0.5973895578125 1 0.772088353125 0.9358288765625 0.9166666671874999 0.8502673796875 0.9668674703125 0.81818181875 1 0.7665547828125 1 0.159928965625 0.9548192765625 0.10695187187499999 0.8765060234375 0.0427807484375 0.792168675 0 0.48092369531249995 0
13 0.9036426953125 0.2964541453125 0.952839484375 0.2892191671875 0.9828125 0.2565650453125 0.9828125 0.2389719125 0.9749278374999999 0.2036576703125 0.9347671953125 0.1769197015625 0.8805503281249999 0.1769197015625 0.8611196624999999 0.200512025 0.8183013296875 0.20900526406250003 0.7952089625000001 0.279860878125 0.8122772359375 0.3159571359375 0.83537744375 0.3171875 0.8651573453125 0.3171875 0.9036426953125 0.2964541453125
13 0.815625 0.1115548109375 0.7879361171875 0.0797710578125 0.755807603125 0.07442346562499999 0.7166509765625 0.11051972031249999 0.7126349125 0.1372576890625 0.7337192499999999 0.1840491328125 0.774906653125 0.203125 0.7828009953125 0.203125 0.8150445515625 0.177364640625 0.815625 0.15881511406249998 0.815625 0.1115548109375
13 0.7080917421875 0.1954127671875 0.6739551953125 0.1900651734375 0.610702184375 0.2288352265625 0.60869415 0.2528993984375 0.6187343109375 0.2742897734375 0.6699391328125001 0.30771223281250004 0.711103790625 0.2742897734375 0.725 0.22142260625 0.725 0.2205757015625 0.7080917421875 0.1954127671875
13 0.7988530015624999 0.390625 0.7981974765625 0.390625 0.7525539671875 0.3959099265625 0.7174134046875 0.43467997968749994 0.713397340625 0.47746072812499996 0.765683715625 0.5234375 0.7679018171875 0.5234375 0.8047628015624999 0.5001880015625 0.840625 0.444692040625 0.840625 0.4379433078125 0.8328752515625 0.4092789109375 0.7988530015624999 0.390625
13 0.7984375 0.57291965 0.7782145421875 0.55625 0.777366753125 0.55625 0.713846009375 0.564179478125 0.6817174953125 0.5828960546874999 0.659375 0.6255810765625001 0.659375 0.628533153125 0.6817174953125 0.673805146875 0.7075160046875 0.684375 0.70808411875 0.684375 0.786135165625 0.647067178125 0.7984375 0.5777621765625 0.7984375 0.57291965
13 0.7324516828125 0.7186246656249999 0.7004809437499999 0.7 0.700175703125 0.7 0.605945659375 0.7587316171875 0.598917546875 0.76808990625 0.6029336109375001 0.8055230609375 0.64409826875 0.8389455203124999 0.6996789203125 0.846875 0.7005455875 0.846875 0.7585561000000001 0.8229027390624999 0.7703125 0.7927984265625 0.7703125 0.7871354562499999 0.7324516828125 0.7186246656249999
13 0.5882530125 0.5570249828125 0.596285140625 0.503549046875 0.5571285140625 0.4353672265625 0.5129518078124999 0.4300196328125 0.474799196875 0.4487362109375 0.45371485937499995 0.50622284375 0.474799196875 0.5690570687500001 0.53615295 0.584375 0.5403264078125 0.584375 0.5882530125 0.5570249828125
13 0.47393009687500004 0.3118273734375 0.47794615937499996 0.27706801406250003 0.4367815015625 0.20888619687499999 0.400636921875 0.184822025 0.377544553125 0.21824448593749998 0.3675043921875 0.2824156078125 0.38055660156250004 0.30246908437500003 0.45521639843750006 0.3203125 0.46027502968749995 0.3203125 0.47393009687500004 0.3118273734375
13 0.4 0.158871578125 0.39341741875 0.1303851921875 0.37233308125 0.10765792031250002 0.31610818281249997 0.11567931093749999 0.301047940625 0.1357327859375 0.3050640046875 0.1571231625 0.328156375 0.1932194171875 0.3705330953125 0.2265625 0.3729893625 0.2265625 0.4 0.16827271875 0.4 0.158871578125
13 0.2425875390625 0.1765625 0.2418028203125 0.1765625 0.2088337734375 0.20183823437499998 0.2088337734375 0.2446189828125 0.2198779515625 0.27269385 0.26165129375 0.2859375 0.262250565625 0.2859375 0.31425545781249997 0.253977271875 0.321875 0.2167759953125 0.321875 0.207973340625 0.3082313625 0.18980614843750002 0.2425875390625 0.1765625
13 0.52941453125 0 0.4967714609375 0.0076704546875 0.4656469625 0.0357453203125 0.46853510781249996 0.10625 0.5509024078125 0.10625 0.560024471875 0.091895053125 0.5640405375 0.038419117187500004 0.5312079125 0 0.52941453125 0
13 0.159196159375 0.28713235312499996 0.140119853125 0.27510026718749997 0.0497584078125 0.2777740640625 0.032690134375 0.3165441171875 0.044738328125 0.353977271875 0.08188692187499999 0.3873997328125 0.132087725 0.3820521390625 0.1640625 0.3419090171875 0.1640625 0.3179113078125 0.159196159375 0.28713235312499996
13 0.9996423203125 0.4079336578125 0.9996423203125 0.3598053140625 0.938397340625 0.313013871875 0.89723268125 0.318234140625 0.89723268125 0.435409225 0.9033950984375 0.4453125 0.9113654609375 0.4453125 0.9725338859375 0.433334728125 0.9996423203125 0.4079336578125
13 0.43125 0.7700364734375 0.43125 0.76750019375 0.3929718875 0.70084809375 0.358835340625 0.6848053125 0.3236947796875 0.7209015703125 0.2755020078125 0.8037892718749999 0.2694779109375 0.819832053125 0.2825301203125 0.8318641359375001 0.332986121875 0.8390625 0.340686571875 0.8390625 0.3889558234375 0.818495153125 0.43125 0.7700364734375
0 0.2662825015625 0.6914381953125 0.2721884765625 0.7417684890625 0.28754401875 0.76064235 0.330215025 0.778125 0.3340749953125 0.778125 0.340625 0.7585012546875001 0.340625 0.7478630578125001 0.2662825015625 0.64582636875 0.2662825015625 0.6914381953125
0 0.5130905984374999 0.45897994999999997 0.5000974499999999 0.45740713125 0.49064788593750003 0.47942663124999996 0.5135795234375 0.496875 0.5162686437499999 0.496875 0.5343521140624999 0.4652712375 0.5319897250000001 0.449543021875 0.5130905984374999 0.45897994999999997
0 0.641218734375 0.69430368125 0.6484375 0.6791988703125 0.6484375 0.67686739375 0.6128700453125 0.6722841796875 0.6057828734374999 0.6534103203125 0.555812303125 0.66236740625 0.558535059375 0.66599289375 0.5549914734375 0.6655996875 0.5549914734375 0.691158040625 0.5691658171875 0.69430368125 0.59503676875 0.6984375 0.6039645671875 0.6984375 0.641218734375 0.69430368125
0 0.3553009828125 0.566224021875 0.37263650312499996 0.5734375 0.3746887359375 0.5734375 0.387193259375 0.55678709375 0.3978240171875 0.531621946875 0.36356935 0.54577734375 0.3553009828125 0.566224021875
0 0.5578125 0.5625 0.5578125 0.5590681859375 0.5437586484375 0.507246409375 0.530765496875 0.4443335421875 0.5012356140625001 0.4490520078125 0.5047792 0.5041007640624999 0.48588007343750006 0.541848484375 0.498873221875 0.5544310593749999 0.5177723484375 0.541848484375 0.5565457796875 0.5625 0.5578125 0.5625
0 0.7953125 0.1609375 0.7953125 0.16006425625 0.78943745 0.141810759375 0.776444303125 0.144956403125 0.776444303125 0.1609375 0.7953125 0.1609375
0 0.6720491359375 0.1295326734375 0.6720491359375 0.148406534375 0.6793712359375 0.159375 0.6846898921875 0.159375 0.6862234796875 0.1578434625 0.690625 0.1461217625 0.690625 0.13770807812500002 0.6862234796875 0.12481420781250001 0.6720491359375 0.1295326734375
0 0.5964276468749999 0.221875 0.597137775 0.221875 0.6084891031249999 0.20222566406250003 0.6140625 0.1972781578125 0.6140625 0.1950040703125 0.6002207375 0.18649745 0.590771171875 0.20379848906250003 0.5964276468749999 0.221875
0 0.1918002875 0.392202 0.22959854218750003 0.434668184375 0.2687470078125 0.45 0.269628940625 0.45 0.26149081406249997 0.42523125312500004 0.278125 0.4045586109375 0.278125 0.402987828125 0.2107291484375 0.3890625 0.21066250156250002 0.3890625 0.1918002875 0.392202
0 0.7138783078125 0.5283007125 0.6760800578125 0.5298735359375 0.7067911359375 0.558184325 0.7688204921875 0.5609375 0.7777807578125 0.5609375 0.78125 0.54938881875 0.78125 0.5444235546875 0.7717568828125 0.5345920015625001 0.7138783078125 0.5283007125
0 0.4071811140625 0.1735785625 0.4374939125 0.1953125 0.43832111406249996 0.1953125 0.4578125 0.182335615625 0.4578125 0.180206284375 0.44379817031249996 0.167287275 0.41544948125000003 0.1720057421875 0.4071811140625 0.1735785625