13 1 0.3033854171875 0.9921875 0.2513020828125 0.9462890625 0.1796875 0.8974609375 0.1484375 0.7568359375 0.06510416718749999 0.5869140625 0.0026041671875 0.2099609375 0 0.1904296875 0.0052083328125 0.081571690625 0.1102941171875 0.0009765625 0.1614583328125 0 0.6236979171875 0.0966796875 0.7552083328125 0.2294921875 0.890625 0.3564453125 0.9453125 0.5126953125 0.9869791671874999 0.7177734375 0.9895833328125001 0.7763671875 0.9765625 0.8583984375 0.9348958328125001 0.9345703125 0.8723958328125001 1 0.7955729171875 1 0.3033854171875
13 0.9007352953125001 0.289522059375 0.9423828125 0.28125 0.96484375 0.21223958281250002 0.9482421875 0.1770833328125 0.8994140625 0.1744791671875 0.859375 0.19607843281249998 0.8115234375 0.203125 0.779296875 0.23828125 0.7900390625 0.2864583328125 0.8291015625 0.3125 0.8818359375 0.3125 0.9007352953125001 0.289522059375
13 0.80078125 0.13671875 0.796875 0.1106770828125 0.7587890625 0.07552083281250001 0.7275390625 0.08072916718749999 0.69921875 0.11328125 0.701171875 0.17578125 0.7353515625 0.203125 0.7802734375 0.1822916671875 0.80078125 0.13671875
13 0.697265625 0.26953125 0.7109375 0.21744791718749998 0.6943359375 0.1927083328125 0.6611328125 0.1875 0.599609375 0.22526041718749998 0.59765625 0.24869791718749998 0.607421875 0.26953125 0.6572265625 0.3020833328125 0.697265625 0.26953125
13 0.82421875 0.43359375 0.8154296875 0.4010416671875 0.7822265625 0.3828125 0.7373046875 0.3880208328125 0.703125 0.42578125 0.69921875 0.4674479171875 0.7509765625 0.5130208328125 0.7880859375 0.4895833328125 0.82421875 0.43359375
13 0.783203125 0.61328125 0.7607421875 0.5703125 0.7294921875 0.5520833328125 0.6669921875 0.5442708328125 0.646484375 0.5611979171875 0.6591796875 0.6328125 0.7353515625 0.6692708328125 0.7607421875 0.6588541671875 0.783203125 0.61328125
13 0.7177734375 0.8098958328125001 0.755859375 0.7408854171875 0.7431640625 0.7083333328125 0.6865234375 0.6848958328125 0.6318359375 0.6927083328125 0.591796875 0.7252604171875 0.587890625 0.76171875 0.5947265625 0.7708333328125 0.6865234375 0.828125 0.7177734375 0.8098958328125001
13 0.5859375 0.49609375 0.5654296875 0.4401041671875 0.5283203125 0.421875 0.4853515625 0.4270833328125 0.447265625 0.4934895828125 0.455078125 0.5455729171875 0.5029296875 0.5729166671875 0.5654296875 0.5572916671875 0.5859375 0.49609375
13 0.466796875 0.3059895828125 0.470703125 0.2721354171875 0.4306640625 0.20572916718749998 0.3955078125 0.1822916671875 0.373046875 0.21484375 0.36328125 0.27734375 0.3759765625 0.296875 0.4521484375 0.3151041671875 0.466796875 0.3059895828125
13 0.3681640625 0.22395833281250002 0.396484375 0.1627604171875 0.388671875 0.12890625 0.3681640625 0.1067708328125 0.3134765625 0.1145833328125 0.298828125 0.1341145828125 0.302734375 0.1549479171875 0.3251953125 0.1901041671875 0.3681640625 0.22395833281250002
13 0.3203125 0.24869791718749998 0.3115234375 0.20572916718749998 0.2607421875 0.1744791671875 0.2197265625 0.1875 0.208984375 0.21484375 0.208984375 0.2565104171875 0.2412109375 0.28125 0.3056640625 0.2682291671875 0.3203125 0.24869791718749998
13 0.4736328125 0 0.462890625 0.0169270828125 0.458984375 0.06901041718749999 0.4912109375 0.1067708328125 0.5244140625 0.09895833281250001 0.5546875 0.07161458281250001 0.5517578125 0 0.4736328125 0
13 0.16796875 0.33984375 0.15625 0.3033854171875 0.1201171875 0.2708333328125 0.0712890625 0.2760416671875 0.037109375 0.3190104171875 0.044921875 0.3684895828125 0.0634765625 0.3802083328125 0.1513671875 0.3776041671875 0.16796875 0.33984375
13 1 0.3528645828125 0.9716796875 0.3072916671875 0.9052734375 0.3203125 0.87890625 0.3450520828125 0.87890625 0.3919270828125 0.9384765625 0.4375 0.9794921875 0.4322916671875 1 0.4075520828125 1 0.3528645828125
13 0.3837890625 0.7994791671875 0.42578125 0.7513020828125 0.3876953125 0.6848958328125 0.3544921875 0.6692708328125 0.3203125 0.7044270828125 0.2734375 0.78515625 0.267578125 0.80078125 0.2802734375 0.8125 0.3349609375 0.8203125 0.3837890625 0.7994791671875
0 0.26539522031249996 0.761335784375 0.34007352968750004 0.6587009796875 0.330882353125 0.6311274499999999 0.2860753671875 0.6495098046875001 0.27113970468750004 0.66789215625 0.26539522031249996 0.716911765625 0.26539522031249996 0.761335784375
0 0.4859834546875 0.43964460625 0.4836856625 0.45496323437499997 0.502068015625 0.4871323546875 0.526194853125 0.46875 0.517003675 0.447303921875 0.5043658093750001 0.44883578437500005 0.4859834546875 0.43964460625
0 0.6376378671875 0.66176470625 0.6020220593750001 0.6571691171875 0.595128675 0.638786765625 0.5465244874999999 0.6475105937500001 0.5491727953125001 0.6510416671875 0.545726103125 0.6506586999999999 0.545726103125 0.675551471875 0.5595128671875 0.6786151953124999 0.5882352953125001 0.683210784375 0.6295955875 0.6786151953124999 0.6376378671875 0.66176470625
0 0.39292279531249996 0.5545343125 0.38488051562500003 0.5346200984375 0.3515625 0.5208333328125 0.361902575 0.5453431375 0.374540440625 0.562193628125 0.39292279531249996 0.5545343125
0 0.5353860296875 0.546875 0.5319393375 0.4932598046875 0.5503216906249999 0.45649509843749997 0.537683825 0.4442401953125 0.5193014703125 0.45649509843749997 0.4790900734375 0.43504902031250003 0.49402573437499997 0.490196078125 0.506663603125 0.5514705890625 0.5353860296875 0.546875
0 0.76171875 0.16237744999999998 0.78125 0.1608455890625 0.78125 0.1439950984375 0.7686121328125 0.140931371875 0.76171875 0.16237744999999998
0 0.669806984375 0.1240808828125 0.665211396875 0.128676471875 0.6594669125 0.1439950984375 0.665211396875 0.1608455890625 0.6789981625 0.15625 0.6789981625 0.1378676453125 0.669806984375 0.1240808828125
0 0.604319853125 0.2006740203125 0.595128675 0.183823528125 0.580193015625 0.19301470625 0.587086396875 0.19914215625 0.5985753671875 0.219056371875 0.604319853125 0.2006740203125
0 0.276884190625 0.3952205890625 0.21024816249999997 0.3814338234375 0.1918658078125 0.38449754999999997 0.228630515625 0.42585784374999996 0.26769301562500003 0.441176471875 0.25965073437499997 0.4166666671875 0.276884190625 0.3952205890625
0 0.6996783093750001 0.51776960625 0.662913603125 0.519301471875 0.692784925 0.546875 0.76171875 0.5499387265625 0.7663143375 0.5346200984375 0.755974265625 0.5238970593750001 0.6996783093750001 0.51776960625
0 0.45266544062499997 0.179227940625 0.43772977968750004 0.1654411765625 0.41015625 0.170036765625 0.40211397031249996 0.171568628125 0.4319852953125 0.19301470625 0.45266544062499997 0.179227940625