15 0.638474575 1 0.7105579109375 0.9770921609375 0.77976695 0.92942266875 0.82213983125 0.8467955500000001 0.8234375 0.8146782203124999 0.8234375 0.7716114953125001 0.7825918093750001 0.6306938578125 0.613100284375 0.3152603484375 0.508580509375 0.09679555 0.3687500015625 0.0300582625 0.2670550859375 0.0194650421875 0.1371115828125 0.03429555 0.0495409625 0.0703125 0.014230228125 0.111626059375 0.00010593124999999999 0.1815413125 0.0029307921875 0.6836599578125 0.01140536875 0.7556938578125 0.107450565625 0.8764565687499999 0.247281075 0.9792108046875001 0.2996390484375 1 0.638474575 1
13 0.55625 0.52655588125 0.5537032125 0.507454978125 0.5296919140624999 0.4915651484375 0.490143890625 0.4894465046875 0.46330773281250004 0.5053363359375 0.4578125 0.5341863078125 0.4578125 0.5350527625 0.490143890625 0.5466498921875 0.538166490625 0.54241260625 0.55625 0.528849975 0.55625 0.52655588125
13 0.4375 0.5173695703125001 0.41073005 0.4972921078125 0.3853063203125 0.49305481875 0.354232875 0.5036480375 0.3359375 0.5279245921875 0.3359375 0.5280777828125001 0.3627074515625 0.5544954953125 0.3660355296875 0.5546875 0.403510559375 0.5546875 0.4375 0.53863693125 0.4375 0.5173695703125001
13 0.3265625 0.46862420781249997 0.3190015890625 0.442161015625 0.3034648640625 0.43686440624999995 0.2384931140625 0.43686440624999995 0.22295639218750002 0.45275423750000005 0.22013153281250003 0.4760593234375 0.24547105624999999 0.4890625 0.26539991875 0.4890625 0.2978151484375 0.487711865625 0.3265625 0.4723114953125 0.3265625 0.46862420781249997
13 0.2186109609375 0.650423728125 0.187537515625 0.6525423734375 0.1465770625 0.6726694921874999 0.1465770625 0.6938559328125 0.1677635046875 0.7182203390625 0.21296124375 0.724576271875 0.2426222609375 0.710805084375 0.2515625 0.683984365625 0.2515625 0.6751373828125 0.2186109609375 0.650423728125
13 0.1890625 0.6052246078125 0.18667681875 0.5971729328125 0.14289150781249998 0.5749271703125001 0.094868909375 0.5728085265625 0.06803275 0.58869835625 0.0652078921875 0.605647509375 0.0863943328125 0.6342492046875 0.1291791875 0.6390625 0.1460214953125 0.6390625 0.1890625 0.6178494328124999 0.1890625 0.6052246078125
13 0.15037738750000001 0.803125 0.1418939796875 0.803125 0.124079715625 0.8164857 0.1269045734375 0.8503840046875 0.1622153078125 0.8768670546875 0.1965667671875 0.8828125 0.199676159375 0.8828125 0.2427237828125 0.85885858125 0.25 0.838848984375 0.25 0.8342762953125 0.22436220156250003 0.8069518015625 0.15037738750000001 0.803125
13 0.575 0.8801244734375 0.56774364375 0.86379766875 0.54373234375 0.8457891953125 0.5041843203124999 0.8479078390625 0.46322386875 0.8765095328125 0.4688735859375 0.9082891953125 0.5127986046874999 0.93125 0.5235934531249999 0.93125 0.5522069203125 0.92629766875 0.575 0.8850690078125 0.575 0.8801244734375
13 0.6246711687500001 0.4247484109375 0.603484728125 0.41097722187499997 0.5724112828125001 0.41097722187499997 0.5441626937499999 0.4173331546875 0.5342756890625 0.4332229859375 0.5623085765625 0.45625 0.58552215 0.45625 0.6328125 0.442608553125 0.6328125 0.43696040468749997 0.6246711687500001 0.4247484109375
13 0.31875 0.7413532843749999 0.31875 0.740968334375 0.2990730921875 0.721994171875 0.25528778281250003 0.7124602734375001 0.21432732968749998 0.7347060359375 0.203125 0.7683130296875 0.203125 0.7686979796875 0.2096604265625 0.775 0.2610345859375 0.775 0.2778866515625 0.7739009515624999 0.3131973859375 0.758011121875 0.31875 0.7413532843749999
13 0.596415959375 0.64695445 0.5780543765624999 0.6395391953125 0.5243820609375 0.66708156875 0.5088453375 0.6808527546875001 0.51873234375 0.6925052968750001 0.5554555062500001 0.7073358046875 0.5808792359375 0.698861228125 0.596875 0.6850187390625 0.596875 0.6528072203125 0.596415959375 0.64695445
13 0.5654348625 0.5693290625 0.5176295609375 0.6035533109375 0.5401274328125 0.6265625 0.5990004250000001 0.6265625 0.6067212609375 0.626369478125 0.628125 0.59864190625 0.628125 0.592665490625 0.6023753234375 0.564439884375 0.5654348625 0.5693290625
13 0.557069275 0.62340083125 0.6062765 0.684375 0.6088310078125 0.684375 0.6515625 0.66148313125 0.6515625 0.658091084375 0.6396420703125 0.628290009375 0.59183676875 0.6136224734375 0.557069275 0.62340083125
13 0.38833693281250004 0.7173046359375 0.3557424109375 0.7450099812500001 0.3839909984375 0.774345053125 0.4539611375 0.78125 0.46706629062499994 0.78125 0.4875 0.7306765687500001 0.4875 0.72851435 0.423104428125 0.71241545625 0.38833693281250004 0.7173046359375
13 0.3765625 0.4197855671875 0.3765625 0.4199059796875 0.3873764125 0.44585936562499995 0.4389043109375 0.45 0.448968065625 0.45 0.4546875 0.44428056875 0.4546875 0.4381937640625 0.422143903125 0.42141347500000004 0.3765625 0.4197855671875
0 0.6254193124999999 0.6677635078125 0.6070577296875 0.67941605 0.5985831546875 0.73873808125 0.6330207156250001 0.7625 0.63464538125 0.7625 0.6734375 0.7313994234375001 0.6734375 0.714324053125 0.67202948125 0.6984838437499999 0.6254193124999999 0.6677635078125
0 0.5814265562500001 0.4571702859375 0.6035946796875 0.4953125 0.6116179140625 0.4953125 0.6322740140625001 0.48471265937499997 0.643573446875 0.4720007953125 0.6167372890625 0.4561109640625 0.5814265562500001 0.4571702859375
0 0.6286281781249999 0.3828125 0.631135240625 0.3828125 0.64743114375 0.37811175937499997 0.6515625 0.3548728875 0.6515625 0.346069303125 0.6381620781249999 0.34375 0.6344727156250001 0.34375 0.6220074140625 0.3738744703125 0.6286281781249999 0.3828125
0 0.425 0.446349553125 0.440457271875 0.4600503171875 0.4914560625 0.4734375 0.496875 0.4734375 0.496875 0.453666884375 0.4602312859375 0.4409825203125 0.425 0.44626721406250003 0.425 0.446349553125
0 0.323925028125 0.50625 0.3255429015625 0.50625 0.3664327328125 0.49602754375 0.3890625 0.47905521718750005 0.3890625 0.463435259375 0.360783015625 0.46848517031250003 0.3198225625 0.49496821874999997 0.323925028125 0.50625
0 0.4375 0.6063912421875 0.4375 0.6054555078125 0.4278601703125 0.6002913140625 0.398633746875 0.6077880546875 0.360063559375 0.6066472453125 0.33463983124999996 0.6193591109375001 0.325 0.63898305 0.325 0.63956211875 0.3595203171875 0.6501609359375 0.3473516953125 0.6903336859375 0.4292726 0.633130296875 0.4375 0.6063912421875
13 0.59861558125 0.714993990625 0.57036699375 0.7052156328125 0.5051779453125 0.706845359375 0.48562123125 0.71988316875 0.4921401375 0.7589965984375 0.53740374375 0.7703125 0.5500310671875 0.7703125 0.60625 0.753446821875 0.60625 0.7413327328125 0.59861558125 0.714993990625
0 0.5981697734375 0.7506701484375 0.572586146875 0.7004868796875 0.5052241296875 0.6923382499999999 0.49870522656249994 0.7070057859375 0.5682402125 0.73634085625 0.59431583125 0.7607867500000001 0.5981697734375 0.7506701484375
0 0.45305157031250004 0.5015625 0.55625 0.4612506140625 0.55625 0.4609781359375 0.463765171875 0.4706567828125 0.44420845781249996 0.48858376875 0.45286094375 0.5015625 0.45305157031250004 0.5015625
17 0.828406434375 0.22376853593749998 0.7945081296875001 0.2131753171875 0.76593359375 0.226213125 0.7408358125000001 0.21529396093750003 0.719214778125 0.24821443125 0.6706781046875 0.2828125 0.6733589578125 0.2828125 0.8296875 0.23693347187499997 0.8296875 0.22953333125 0.828406434375 0.22376853593749998
17 0.4749541625 0.2791038546875 0.45757041718749997 0.2709552234375 0.4271488609375 0.27421467499999996 0.47930010312500004 0.311698378125 0.5162405609375 0.3247361875 0.553125 0.284054821875 0.553125 0.28395101562499997 0.535797278125 0.2709552234375 0.4749541625 0.2791038546875
17 0.30030120312499997 0.3609375 0.30422506718750003 0.3609375 0.32435099843750004 0.3527041640625 0.3828125 0.2665778484375 0.3828125 0.263640809375 0.33086990156249996 0.276107034375 0.296102409375 0.3168501890625 0.30030120312499997 0.3609375
7 0.653606109375 0.094849046875 0.6141816796875 0.090625 0.614028659375 0.090625 0.5787473515625 0.1065015890625 0.5734375 0.1244223390625 0.5734375 0.12566270625 0.6250315750000001 0.13982948906249998 0.6564309671874999 0.1732388765625 0.701581625 0.1859375 0.7016592046875 0.1859375 0.728125 0.1744457734375 0.728125 0.17393749375 0.653606109375 0.094849046875
7 0.539295925 0.2118776484375 0.5240851453125 0.17113449375 0.45161665468749995 0.20519577187500002 0.40783134375 0.233797465625 0.443142078125 0.25604322968750004 0.5433524734375 0.2765625 0.546755996875 0.2765625 0.6203125 0.23715723125000002 0.6203125 0.2358628203125 0.539295925 0.2118776484375
7 0.5 0.2674655703125 0.49327330468749997 0.26242055 0.44807556562500006 0.24335275312500002 0.38864488124999996 0.29664480000000004 0.32801906718749996 0.3206832625 0.3308439265625 0.3588188546875 0.3409781265625 0.359375 0.3928041765625 0.359375 0.491860875 0.2952595328125 0.5 0.276946503125 0.5 0.2674655703125
7 0.42040247343750003 0.0657151453125 0.4682077765625 0.09342049062499999 0.5582721359375 0.1203125 0.5760590078125001 0.1203125 0.6112977359375 0.11884421875 0.6140625 0.100182059375 0.6140625 0.08883395625 0.5898939984375 0.0657151453125 0.42040247343750003 0.0657151453125
7 0.6596011265625 0.3296396265625 0.6856767453125 0.32149099531249997 0.7139253328125 0.32800989999999997 0.751952278125 0.3043788703125 0.765625 0.26922043906250004 0.765625 0.264385621875 0.7030604874999999 0.2285966015625 0.5813742671875 0.23511550625000002 0.642217378125 0.2660803046875 0.6465633140625 0.29052619687500003 0.5792012984375 0.2872667453125 0.5422608390625 0.324750446875 0.5520522890625 0.3453125 0.5580758875 0.3453125 0.613968790625 0.31986126875 0.6596011265625 0.3296396265625
7 0.4890625 0.2216877609375 0.4643750296875 0.22323072812500003 0.40787785625 0.2004145625 0.3600725546875 0.16293085937500001 0.29705647343749997 0.172709215625 0.2927105375 0.189006478125 0.392667078125 0.24767662031249998 0.45927061562500004 0.25 0.48624339218749996 0.25 0.4890625 0.23097103125000001 0.4890625 0.2216877609375
7 0.58317664375 0.1825772078125 0.5114686875000001 0.21517173281250002 0.5853496078125 0.20539337500000002 0.641846784375 0.19724474375 0.7287655156249999 0.192355565625 0.740625 0.170119034375 0.740625 0.1677918390625 0.676614278125 0.1613907671875 0.58317664375 0.1825772078125
17 0.3817893390625 0.032380621875 0.44480541875 0.048677884375 0.40569198906250004 0.0763832296875 0.49043775156249997 0.07312377656249999 0.5534538328124999 0.0633454203125 0.58604835625 0.0877913125 0.6143852234375 0.090625 0.6189009203125 0.090625 0.628125 0.0754052640625 0.628125 0.07280468749999999 0.5165133703125 0.047048157812500005 0.523032275 0.032380621875 0.5056485296875 0.0274914421875 0.4817458796875 0.025861715624999997 0.4817458796875 0.035640073437499996 0.47739994062499996 0.0535670625 0.4534972921875 0.038899526562499995 0.4556702578125 0.01282390625 0.4078649578125 0.01282390625 0.3817893390625 0.032380621875
17 0.47095192812500003 0 0.46762745937499994 0.0390625 0.46795655312499995 0.0390625 0.484055034375 0 0.47095192812500003 0
17 0.4718804328125 0.1667759921875 0.5203125 0.1565105 0.5203125 0.1561071421875 0.4718804328125 0.1537381828125 0.4718804328125 0.13092201718750002 0.4523237203125 0.11136530156249999 0.37952928125 0.112995028125 0.3719238921875 0.1423301 0.3874738390625 0.171875 0.3917709 0.171875 0.40451841875000005 0.1667759921875 0.43385348749999997 0.164331403125 0.4718804328125 0.1667759921875
17 0.286919921875 0.081476125 0.308649603125 0.14259085625 0.317311296875 0.1484375 0.3278423453125 0.1484375 0.34233061249999996 0.14585030937500001 0.34375 0.143721228125 0.34375 0.138201034375 0.33255225624999996 0.121404415625 0.286919921875 0.081476125
17 0.256669821875 0.3145035453125 0.1979996765625 0.30554005 0.1675781203125 0.2876130625 0.18061593125 0.3389494375 0.33055074375000004 0.3079846390625 0.33125 0.303264646875 0.33125 0.30067410625 0.3044751234375 0.3022805984375 0.256669821875 0.3145035453125
17 0.581355253125 0.2574885921875 0.56875 0.277184296875 0.56875 0.277872184375 0.57785135625 0.278125 0.596875 0.278125 0.596875 0.277217190625 0.5889606406250001 0.2623777703125 0.581355253125 0.2574885921875
17 0.5453831234375001 0.18179799531250002 0.5377777328125 0.1899466265625 0.5198432765625001 0.24375 0.5213378 0.24375 0.5584209328124999 0.21439251874999998 0.5640625 0.198878209375 0.5640625 0.190872509375 0.5627668671875 0.1826128578125 0.5453831234375001 0.18179799531250002
17 0.6127271421875 0.1631320296875 0.6181595640624999 0.1378712734375 0.5899109765625 0.1590577125 0.5649218406250001 0.1639468921875 0.5584029359375 0.17861442656249998 0.5647283140625 0.18125 0.571890053125 0.18125 0.599689334375 0.17046579687500002 0.6127271421875 0.1631320296875
17 0.5272047125 0.1243910296875 0.5206858109375 0.1586152796875 0.552799509375 0.1625 0.554386265625 0.1625 0.558712753125 0.1203167125 0.5703125 0.1079919828125 0.5703125 0.10669850781250001 0.5467614265625 0.11053835468749999 0.5272047125 0.1243910296875
17 0.6924536890625 0.0603935796875 0.6479078390625 0.069357071875 0.6055349578125 0.093802965625 0.6473411921875 0.1078125 0.6584382843750001 0.1078125 0.665291584375 0.09624755625 0.6598591640625 0.084024609375 0.703125 0.0658213015625 0.703125 0.0647591140625 0.6924536890625 0.0603935796875
17 0.5921875 0.06599556875 0.5921875 0.0661475140625 0.6070730109375 0.0789065234375 0.6168513703125 0.0903146078125 0.6429269890625 0.1139456375 0.6578125 0.0924148078125 0.6578125 0.091811271875 0.646186440625 0.0870551546875 0.5921875 0.06599556875
17 0.7229330171874999 0.1625 0.7278839546875 0.1625 0.74665515625 0.1439757890625 0.7640625 0.107557796875 0.7640625 0.1018194734375 0.7238389890625 0.11464071718749999 0.6934174343749999 0.14479065156249998 0.7229330171874999 0.1625
17 0.765625 0.221875 0.765625 0.21864247812499998 0.7570984765625 0.2075967546875 0.727763403125 0.206781890625 0.7527525390625 0.181521134375 0.7223309828125 0.1798914078125 0.7147255953125 0.197003534375 0.7223309828125 0.214930521875 0.7462336359374999 0.2214494265625 0.7521916625 0.221875 0.765625 0.221875
17 0.659375 0.2109375 0.6717456609375 0.2109375 0.6808721078125 0.21059525781250002 0.6828125 0.19676995625 0.6828125 0.1950779734375 0.6635426734375 0.1921875 0.6612782703125 0.1921875 0.659375 0.20931694531249997 0.659375 0.2109375
17 0.2609375 0.22755128593750001 0.2609375 0.22805013437500002 0.26723740937499996 0.2375 0.27447158437499997 0.2375 0.33025077187499996 0.20164195000000001 0.334375 0.19158915 0.334375 0.191041171875 0.31069405781250004 0.190233865625 0.2609375 0.22755128593750001
17 0.434375 0.19389997812499998 0.434375 0.18463515 0.410544159375 0.1467441125 0.3909874453125 0.1369657546875 0.3594794046875 0.14104007031250002 0.34209565625 0.1467441125 0.3040687125 0.2029696671875 0.31879702499999996 0.21875 0.3263687921875 0.21875 0.3975063484375 0.21356288750000002 0.4192360328125 0.2119331609375 0.434375 0.19389997812499998
7 0.3132591796875 0.184772246875 0.359310028125 0.2109375 0.3609563078125 0.2109375 0.4421875 0.1871877015625 0.4421875 0.18612950156250002 0.4078919484375 0.1604078390625 0.31184675 0.1519332625 0.3132591796875 0.184772246875
17 0.45672703906249995 0.24414928281249998 0.475 0.25100164375 0.475 0.2276510671875 0.4165271234375 0.20259126562500002 0.40892173749999994 0.19851695 0.4100082203125 0.21236962343750002 0.45672703906249995 0.24414928281249998