15 0.47265625 1 0.5091145828125 0.98828125 0.59765625 0.953125 0.7265625 0.8583984375 0.8151041671874999 0.7470703125 0.8229166671874999 0.6806640625 0.8255208328125001 0.2177734375 0.8125 0.1533203125 0.7799479171875 0.115234375 0.69921875 0.08203125 0.5794270828125 0.068359375 0.4856770828125 0.078125 0.3567708328125 0.1396484375 0.2604166671875 0.3410456734375 0.1041666671875 0.6318359375 0.06510416718749999 0.7666015625 0.06770833281250001 0.8310546875 0.1067708328125 0.9072265625 0.1705729171875 0.951171875 0.32421875 1 0.47265625 1
13 0.578125 0.5380859375 0.5755208328125 0.5185546875 0.5533854171875 0.50390625 0.5169270828125 0.501953125 0.4921875 0.5166015625 0.4869791671875 0.5439453125 0.5169270828125 0.5546875 0.5611979171875 0.55078125 0.578125 0.5380859375
13 0.46875 0.5380859375 0.4518229171875 0.515625 0.4231770828125 0.505859375 0.3997395828125 0.509765625 0.375 0.5283203125 0.375 0.5478515625 0.41015625 0.564453125 0.4440104171875 0.5625 0.46875 0.5380859375
13 0.3671875 0.4853515625 0.359375 0.4580078125 0.3450520828125 0.453125 0.28515625 0.453125 0.2708333328125 0.4677734375 0.2682291671875 0.4892578125 0.29296875 0.501953125 0.33984375 0.5 0.3671875 0.4853515625
13 0.2994791671875 0.6943359375 0.2890625 0.6630859375 0.26171875 0.650390625 0.22005208281250002 0.65625 0.20052083281250002 0.6787109375 0.20052083281250002 0.6982421875 0.23828125 0.716796875 0.2669270828125 0.71875 0.2994791671875 0.6943359375
13 0.2421875 0.6083984375 0.23958333281250002 0.5927734375 0.21484375 0.578125 0.1705729171875 0.580078125 0.1302083328125 0.6005859375 0.125 0.6181640625 0.1705729171875 0.640625 0.22265625 0.634765625 0.2421875 0.6083984375
13 0.296875 0.8349609375 0.2890625 0.8134765625 0.24869791718749998 0.791015625 0.21484375 0.796875 0.1822916671875 0.8212890625 0.1796875 0.8525390625 0.1966145828125 0.865234375 0.2721354171875 0.861328125 0.296875 0.8349609375
13 0.5885416671875 0.8935546875 0.5963541671875 0.8759765625 0.57421875 0.8359375 0.5403645828125 0.830078125 0.4973958328125 0.8525390625 0.4921875 0.8818359375 0.5299479171875 0.908203125 0.56640625 0.91015625 0.5885416671875 0.8935546875
13 0.6510416671875 0.4501953125 0.6419270828125 0.435546875 0.6158854171875 0.4296875 0.5872395828125 0.4296875 0.5677083328125 0.4423828125 0.5572916671875 0.4580078125 0.6080729171875 0.47265625 0.6236979171875 0.47265625 0.6510416671875 0.4501953125
13 0.3489583328125 0.7470703125 0.359375 0.7158203125 0.3502604171875 0.70703125 0.2903645828125 0.7109375 0.2578125 0.7255859375 0.2526041671875 0.7412109375 0.2708333328125 0.7587890625 0.3111979171875 0.767578125 0.3489583328125 0.7470703125
13 0.6145833328125 0.6962890625 0.6171875 0.6630859375 0.6002604171875 0.6484375 0.5768229171875 0.640625 0.54296875 0.654296875 0.5338541671875 0.6650390625 0.5481770828125 0.677734375 0.59765625 0.703125 0.6145833328125 0.6962890625
13 0.564903846875 0.5709134609375 0.5428685890625 0.5934495203125 0.5869391015625001 0.625 0.6209935890625 0.6295072109375 0.6470352546875 0.6009615390625 0.625 0.572415865625 0.564903846875 0.5709134609375
13 0.57892628125 0.625 0.625 0.6820913453124999 0.6670673078125 0.6595552890625 0.655048078125 0.6295072109375 0.610977565625 0.6159855765625 0.57892628125 0.625
13 0.42267628124999995 0.7121394234375 0.39262820625 0.7376802890625 0.418669871875 0.7647235578125 0.4947916671875 0.7722355765625 0.51482371875 0.72265625 0.454727565625 0.7076322109375 0.42267628124999995 0.7121394234375
13 0.418669871875 0.465745190625 0.4747596140625 0.4612379796875 0.484775640625 0.4371995203125 0.4427083328125 0.4387019234375 0.41266025468749995 0.4541954625 0.41266025468749995 0.4597355765625 0.418669871875 0.465745190625
0 0.6796875 0.6767578125 0.6627604171875 0.666015625 0.6197916671875 0.6943359375 0.6171875 0.7236328125 0.6549479171875 0.75390625 0.6875 0.7314453125 0.6796875 0.6767578125
0 0.63671875 0.470703125 0.6119791671875 0.4833984375 0.6015625 0.4951171875 0.6263020828125 0.509765625 0.6588541671875 0.5087890625 0.63671875 0.470703125
0 0.66015625 0.3671875 0.6432291671875 0.3720703125 0.6380208328125 0.4013671875 0.6549479171875 0.404296875 0.6666666671875 0.3759765625 0.66015625 0.3671875
0 0.5091145828125 0.470703125 0.45703125 0.45703125 0.45703125 0.4765625 0.4908854171875 0.48828125 0.5234375 0.4833984375 0.5091145828125 0.470703125
0 0.4244791671875 0.4775390625 0.3971354171875 0.482421875 0.359375 0.5068359375 0.36328125 0.517578125 0.40234375 0.5078125 0.4244791671875 0.4912109375 0.4244791671875 0.4775390625
0 0.4361979171875 0.681640625 0.4596354171875 0.669921875 0.46875 0.6513671875 0.43669871875000005 0.6415264421875 0.4479166671875 0.6044921875 0.3723958328125 0.6572265625 0.3645833328125 0.6826171875 0.3736979171875 0.6875 0.4006410265625 0.6805889421875 0.4361979171875 0.681640625
13 0.608974359375 0.703125 0.5488782062500001 0.7016225953124999 0.5228365390625 0.7106370203125 0.5128205125 0.7451923078125 0.5729166671875 0.7632211546875001 0.6209935890625 0.7512019234375 0.6270032062500001 0.7151442296875 0.608974359375 0.703125
0 0.5252933 0.6989296078125 0.5488782062500001 0.7451923078125 0.610977565625 0.7527043265625 0.6169871796875 0.7391826921875 0.5528846140625 0.7121394234375 0.528846153125 0.689603365625 0.5252933 0.6989296078125
0 0.4747596140625 0.513822115625 0.560897434375 0.5048076921875 0.57892628125 0.48828125 0.5709134609375 0.4762620203125 0.4747596140625 0.513822115625
17 0.7643229171875 0.310546875 0.7842548078125 0.28019831562499997 0.8307291671874999 0.2470703125 0.6809895828125 0.291015625 0.68359375 0.302734375 0.71484375 0.3125 0.7411858984374999 0.3004807703125 0.7643229171875 0.310546875
17 0.5028044875 0.3079927890625 0.48677884687499995 0.3004807703125 0.4587339734375 0.3034855765625 0.5068108984374999 0.338040865625 0.5408653859375 0.35006009531250004 0.5749198718749999 0.3125 0.55889423125 0.3004807703125 0.5028044875 0.3079927890625
17 0.3705929484375 0.37259615468749996 0.420673078125 0.384615384375 0.3645833328125 0.3019831734375 0.342548078125 0.29296875 0.3385416671875 0.33503605937500003 0.3705929484375 0.37259615468749996
7 0.7369791671875 0.1904296875 0.689102565625 0.17728365468750001 0.66015625 0.146484375 0.6184895828125 0.134765625 0.59375 0.1455078125 0.6627604171875 0.21875 0.69921875 0.22265625 0.7317708328125 0.2080078125 0.7369791671875 0.1904296875
7 0.59765625 0.240234375 0.530849359375 0.20883413437499998 0.516826921875 0.2463942296875 0.440705128125 0.2689302890625 0.5108173078125 0.306490384375 0.60546875 0.287109375 0.6380208328125 0.2666015625 0.59765625 0.240234375
7 0.5260416671875 0.3818359375 0.5286458328125 0.3466796875 0.4727564109375 0.3245192296875 0.41796875 0.275390625 0.3763020828125 0.29296875 0.3671875 0.2998046875 0.3776041671875 0.3232421875 0.47265625 0.384765625 0.5260416671875 0.3818359375
7 0.6330128203125 0.11117788437500001 0.47676282031249995 0.11117788437500001 0.453125 0.1337890625 0.45703125 0.16015625 0.50390625 0.162109375 0.5889423078125 0.13671875 0.6330128203125 0.11117788437500001
7 0.772235578125 0.35006009531250004 0.7381810890625 0.31550480937500003 0.67608173125 0.318509615625 0.680088140625 0.29597355937500003 0.7361778859375 0.267427884375 0.6239983984374999 0.2614182703125 0.564903846875 0.2952223546875 0.57892628125 0.3312800484375 0.6139823718749999 0.35306490468749996 0.6400240390625 0.3470552890625 0.6640625 0.35456730937500003 0.7061298078125 0.345552884375 0.7622195515625 0.37109375 0.772235578125 0.35006009531250004
7 0.454727565625 0.20132211562500002 0.4106570515625 0.2358774046875 0.35857371875 0.25691105937500003 0.3345352546875 0.25540865468749996 0.3385416671875 0.2824519234375 0.4246794875 0.279447115625 0.516826921875 0.22536057656250003 0.5128205125 0.2103365390625 0.454727565625 0.20132211562500002
7 0.7371794875 0.22085336562500002 0.65705128125 0.2163461546875 0.6049679484375 0.20883413437499998 0.5368589734375 0.1998197109375 0.6029647453125 0.2298677890625 0.689102565625 0.2493990390625 0.74919871875 0.24338942343749997 0.7371794875 0.22085336562500002
17 0.5448717937499999 0.1186899046875 0.6229967937499999 0.12169471093749999 0.5869391015625001 0.0961538453125 0.6450320515625 0.081129809375 0.6209935890625 0.06310096093749999 0.576923078125 0.06310096093749999 0.57892628125 0.0871394234375 0.5568910265625 0.100661059375 0.5528846140625 0.08413461562499999 0.5528846140625 0.075120190625 0.530849359375 0.0766225953125 0.51482371875 0.081129809375 0.5208333328125 0.094651440625 0.4166666671875 0.1186899046875 0.42668269218750005 0.13521634531249999 0.45673076874999996 0.1322115390625 0.48677884687499995 0.1096754796875 0.5448717937499999 0.1186899046875
17 0.49609375 0.087890625 0.5182291671875 0.0341796875 0.5 0.0419921875 0.49609375 0.087890625
17 0.5458733984374999 0.181790865625 0.530849359375 0.1532451921875 0.5158253203125 0.1592548078125 0.4887820515625 0.1615084140625 0.4537259609375 0.1592548078125 0.40765224531250005 0.1690204328125 0.4537259609375 0.1712740390625 0.4537259609375 0.1923076921875 0.47175480781249995 0.2103365390625 0.5388621796875 0.20883413437499998 0.5458733984374999 0.181790865625
17 0.3595753203125 0.12545072031249999 0.34955929375 0.1322115390625 0.3295272453125 0.1885516828125 0.3715945515625 0.1517427890625 0.38361378125 0.1337139421875 0.3806089734375 0.1292067296875 0.3595753203125 0.12545072031249999
17 0.3455528859375 0.35006009531250004 0.3705929484375 0.3515625 0.369591346875 0.34480168437500003 0.2313701921875 0.316256009375 0.2193509609375 0.3635817296875 0.24739583281250002 0.3470552890625 0.30148237187500004 0.33879206562499997 0.3455528859375 0.35006009531250004
17 0.5889423078125 0.3072415859375 0.615985578125 0.3079927890625 0.6079727546875 0.29296875 0.6009615390625 0.2884615390625 0.5889423078125 0.3072415859375
17 0.567908653125 0.21859975937499998 0.560897434375 0.2261117796875 0.5438701921875 0.277193509375 0.5799278859375 0.2486478359375 0.5859375 0.2321213953125 0.5839342937499999 0.2193509609375 0.567908653125 0.21859975937499998
17 0.6260016015625001 0.17728365468750001 0.5969551281250001 0.1885516828125 0.5849358984374999 0.1953125 0.5799278859375 0.21859975937499998 0.6059695515625 0.199068509375 0.6290064109375 0.1945612984375 0.6350160265625 0.1810396640625 0.6260016015625001 0.17728365468750001
17 0.5448717937499999 0.1494891828125 0.5568910265625 0.162259615625 0.560897434375 0.20132211562500002 0.5919471140625 0.1975661046875 0.5859375 0.166015625 0.567908653125 0.1532451921875 0.5448717937499999 0.1494891828125
17 0.6229967937499999 0.11117788437500001 0.6640625 0.12845552968750001 0.6590544875 0.1397235578125 0.6670673078125 0.1532451921875 0.7141426281250001 0.1374699515625 0.6750801281250001 0.1149338953125 0.634014421875 0.1066706734375 0.6229967937499999 0.11117788437500001
17 0.6720753203125 0.15625 0.6580528859375 0.1442307703125 0.6490384609375 0.1337139421875 0.625 0.11192908593749999 0.610977565625 0.1322115390625 0.6219951921875 0.13671875 0.6720753203125 0.15625
17 0.7441907062500001 0.15625 0.7041266015625001 0.1434795671875 0.7231570515625 0.1832932703125 0.7421875 0.202073315625 0.772235578125 0.18404447031249999 0.7441907062500001 0.15625
17 0.7451923078125 0.21859975937499998 0.724158653125 0.2170973546875 0.73517628125 0.231370190625 0.7622195515625 0.2321213953125 0.7391826921875 0.25540865468749996 0.767227565625 0.25691105937500003 0.77423878125 0.241135815625 0.767227565625 0.224609375 0.7451923078125 0.21859975937499998
17 0.6750801281250001 0.24489182656250003 0.6951121796875 0.2456430296875 0.6931089734375 0.227614184375 0.673076921875 0.23061899062500002 0.6750801281250001 0.24489182656250003
17 0.3735977546875 0.23813100937499998 0.365584934375 0.2261117796875 0.3094951921875 0.26216947031250004 0.30548878125 0.27193509531250004 0.3275240390625 0.2726862984375 0.3735977546875 0.23813100937499998
17 0.3826121796875 0.247145434375 0.454727565625 0.25240384531250004 0.46875 0.237379809375 0.4336939109375 0.185546875 0.41766826874999996 0.1802884609375 0.38862179375 0.1765324515625 0.3705929484375 0.185546875 0.3455528859375 0.22536057656250003 0.36258012812499996 0.2456430296875 0.3826121796875 0.247145434375
7 0.44140625 0.19921875 0.3528645828125 0.19140625 0.3541666671875 0.2216796875 0.3971354171875 0.24609375 0.4739583328125 0.2236328125 0.44140625 0.19921875
17 0.4427083328125 0.27043269062499997 0.44170673125000004 0.283203125 0.4487179484375 0.279447115625 0.5048076921875 0.25540865468749996 0.5038060890625 0.234375 0.48577724531250005 0.241135815625 0.4427083328125 0.27043269062499997