15 0.053125 0.7937066296874999 0.053125 0.8495920140625 0.0660466265625 0.9135540687500001 0.09911540937499999 0.95224454375 0.1811259921875 0.9859747015625 0.3028191140625 0.9998635921875 0.398057209375 0.98994295625 0.5290095906250001 0.92744295625 0.6268931875 0.7228489390624999 0.785623346875 0.4274429546875 0.825 0.291593503125 0.825 0.2829675203125 0.8226603828125001 0.225062003125 0.78297784375 0.1476810515625 0.7181630296875 0.1030381953125 0.6057820765625 0.067323909375 0.369250625 0.067323909375 0.2843005953125 0.1010540703125 0.15334821406250002 0.1972842265625 0.063401125 0.31037946562499996 0.055464615625000005 0.377839784375 0.053125 0.7937066296874999
13 0.515201303125 0.5078125 0.51204925 0.5078125 0.4822482625 0.5185019843750001 0.48753926718749996 0.5462797609375001 0.5122945578125 0.5609375 0.51683820625 0.5609375 0.5497085796875 0.5591765875 0.5721953515625 0.544295634375 0.5734375 0.5349795265624999 0.5734375 0.5234018484375 0.5576450859375 0.5115575390625 0.515201303125 0.5078125
13 0.4625 0.5428440296875 0.446267359375 0.5213045640625 0.41716683281250005 0.5113839296875 0.3933573078125 0.5153521828125001 0.36822503281249996 0.5342013890625 0.36822503281249996 0.5540426593750001 0.40267881250000004 0.5703125 0.4142567890625 0.5703125 0.4383308515625 0.5689236109375 0.4625 0.545072478125 0.4625 0.5428440296875
13 0.359375 0.4894262578125 0.35200066093750004 0.46361607187500004 0.337450396875 0.45865575312500007 0.2766038359375 0.45865575312500007 0.262053571875 0.47353670625 0.25940806875 0.495362103125 0.28367038125 0.5078125 0.2952546203125 0.5078125 0.332159390625 0.5062748015625 0.359375 0.49169501093749995 0.359375 0.4894262578125
13 0.290625 0.68328373125 0.25805224843749996 0.6588541671875 0.22895171875 0.66083829375 0.190625 0.67967125 0.190625 0.6995668 0.21043320156249998 0.72234623125 0.22930445000000002 0.725 0.25986594375 0.725 0.2805390203125 0.7154017859375 0.290625 0.6851438484375 0.290625 0.68328373125
13 0.186590609375 0.585193453125 0.13368055625 0.591145834375 0.11383928593749999 0.6179315484375 0.1164847890625 0.6338045640625001 0.1359204140625 0.6453125 0.1893242953125 0.6453125 0.2275959 0.6258680562500001 0.2296875 0.6188089046874999 0.2296875 0.6064340625 0.186590609375 0.585193453125
13 0.2718150625 0.8015625 0.2677145359375 0.8015625 0.1948309359375 0.8053323406249999 0.1696986609375 0.8321180546875 0.17763516875000002 0.8539434515625001 0.21828389375 0.8765625 0.21978684375 0.8765625 0.2530319953125 0.87080853125 0.286100778125 0.84600694375 0.2875 0.829216275 0.2875 0.813326203125 0.2718150625 0.8015625
13 0.562411128125 0.840625 0.561419065625 0.840625 0.525307953125 0.8425595234375001 0.48694816718749995 0.8693452374999999 0.49223917031250003 0.8991071421875001 0.535795071875 0.921875 0.5361765593750001 0.921875 0.5702814984375 0.9159722218749999 0.590625 0.8791744171874999 0.590625 0.8704752609374999 0.5848317625 0.857440475 0.562411128125 0.840625
13 0.6378368890624999 0.44764384843749994 0.6179956203125 0.4347470234375 0.588895090625 0.4347470234375 0.5624400640625 0.4406994046875 0.5531808046875 0.45558035625000004 0.5806264578125 0.478125 0.5977773640625 0.478125 0.646875 0.46396222187499997 0.646875 0.46120101562500004 0.6378368890624999 0.44764384843749994
13 0.333207259375 0.725049603125 0.29220196718749997 0.7161210312499999 0.2538421796875 0.736954365625 0.2432601703125 0.768700396875 0.2525194296875 0.77762896875 0.3133659890625 0.7736607140625 0.3464347734375 0.7587797625 0.3484375 0.7527715796875001 0.3484375 0.73973590625 0.333207259375 0.725049603125
13 0.6125 0.6756944375 0.6109292328125 0.6556671609375 0.593733465625 0.6487227171875001 0.5434689171875 0.6745163671875 0.5289186515625001 0.6874131921875 0.5381779109375 0.698325890625 0.5694066578125 0.7109375 0.5764012843749999 0.7109375 0.5963789703125 0.704278271875 0.6125 0.6903273796875 0.6125 0.6756944375
13 0.5386704390625 0.6146434296875001 0.5579635296875 0.634375 0.623368365625 0.634375 0.6421875 0.6099956625 0.6421875 0.6044876796875001 0.61803551875 0.5780133937499999 0.5834404828124999 0.5825921484375 0.5386704390625 0.6146434296875001
13 0.5750149421875 0.633261790625 0.6213080609375 0.690625 0.6230041078124999 0.690625 0.6640625 0.6686294328125 0.6640625 0.66713424375 0.652345021875 0.6378405453125 0.6075749765625 0.62410428125 0.5750149421875 0.633261790625
13 0.48946218750000003 0.7171846390625001 0.41213211093749996 0.72481589375 0.3859375 0.752017990625 0.3859375 0.7525097749999999 0.41620211406249996 0.778234696875 0.42653315 0.7796875 0.4612659640625 0.7796875 0.509375 0.7676602390625 0.509375 0.7664688421875 0.48946218750000003 0.7171846390625001
13 0.4684007078125 0.447282796875 0.41142065156249996 0.4427040421875 0.40531564375 0.4488090484375 0.40531564375 0.4544371 0.435840675 0.47017656875 0.43964675 0.4703125 0.4765625 0.4703125 0.4765625 0.4668710984375 0.4684007078125 0.447282796875
0 0.659523809375 0.6743179578125 0.615873015625 0.7030877984374999 0.6132275140625 0.7328497031250001 0.650210678125 0.7625 0.6531868265624999 0.7625 0.684375 0.7409801609375 0.684375 0.738818609375 0.6767195765625 0.68523065625 0.659523809375 0.6743179578125
0 0.636660103125 0.5125 0.6546875 0.5018258828125 0.6546875 0.49859865000000003 0.6459849531249999 0.48880828281250005 0.620852675 0.4759114578125 0.599587540625 0.5125 0.636660103125 0.5125
0 0.657277196875 0.4086929578125 0.6625 0.401642175 0.6625 0.39640291250000004 0.6519861921875 0.3709945453125 0.634790425 0.3739707359375 0.6400814296874999 0.403732640625 0.657277196875 0.4086929578125
0 0.482773234375 0.46240102656250004 0.45135788750000005 0.46711332812500006 0.465908153125 0.480010153125 0.5122980453125 0.4921875 0.515625 0.4921875 0.515625 0.47295243124999997 0.4851431609375 0.46240102656250004 0.482773234375 0.46240102656250004
0 0.37483672343749996 0.4927083328125 0.3523499484375 0.5095734125 0.3523499484375 0.5234375 0.35248883750000004 0.5234375 0.380127728125 0.5185019843750001 0.4171875 0.494540925 0.4171875 0.490125353125 0.41452828124999996 0.4828125 0.41442005625 0.4828125 0.37483672343749996 0.4927083328125
0 0.459375 0.693244446875 0.459375 0.6803421625 0.45484664375 0.665625 0.378127065625 0.612053571875 0.3895230765625 0.6496756703125001 0.3569630453125 0.6596726187499999 0.3662223046875 0.678521825 0.39003182812500004 0.6904265890625 0.4261531140625 0.6893582125 0.44936620937500005 0.6953125 0.45551463437499995 0.6953125 0.459375 0.693244446875
13 0.605518671875 0.7121775796875001 0.5444686125 0.710651328125 0.5180135859375 0.7198088375 0.5078385734374999 0.7549126234375 0.5643798328125 0.771875 0.5742991984375 0.771875 0.6177286828125 0.7610176296875 0.6234375 0.726764734375 0.6234375 0.7241234640624999 0.605518671875 0.7121775796875001
0 0.5238039671875 0.6987131796875 0.5201947203125 0.7081874578125 0.544153990625 0.7551844859375 0.604628915625 0.7625 0.60737938125 0.7625 0.6125 0.7509786078125 0.6125 0.748723390625 0.548223990625 0.7216069515625 0.5238039671875 0.6987131796875
0 0.469170990625 0.520128396875 0.556676078125 0.5109708859375 0.5749910953125 0.49418212031250003 0.5668510875 0.481972109375 0.469170990625 0.520128396875
17 0.7633639203125 0.25064295468750003 0.73985965 0.26086884062500004 0.713099371875 0.248658828125 0.6813533406250001 0.2585794625 0.6787078375 0.270484225 0.827196775 0.3140625 0.8293307671875001 0.3140625 0.7836121921875 0.28147323750000003 0.7633639203125 0.25064295468750003
17 0.5218937593749999 0.3151518625 0.48781765000000005 0.303125 0.48713266875 0.303125 0.453125 0.3406334578125 0.453125 0.34141412031249996 0.46873950625000005 0.353125 0.4703512265625 0.353125 0.525963765625 0.34567689218750003 0.5418530609375 0.353125 0.54395318125 0.353125 0.5703125 0.35030078750000004 0.5703125 0.34995283125 0.5218937593749999 0.3151518625
17 0.33214863906250003 0.3875 0.3370128796875 0.3875 0.382077046875 0.37668460000000004 0.4125 0.3410327 0.4125 0.3160889953125 0.4105670734375 0.29579326875 0.38818205156249996 0.3049507796875 0.33214863906250003 0.3875
7 0.7328125 0.1449332125 0.7108527625 0.1353980640625 0.6685247203125 0.1473028265625 0.639118940625 0.17859098125 0.5904823921875 0.19194568437499998 0.5957733984375 0.2098028265625 0.6226004515625 0.221875 0.6550574499999999 0.221875 0.66587921875 0.220715525 0.7328125 0.1496778421875 0.7328125 0.1449332125
7 0.634375 0.270961184375 0.5572687734375 0.24813368281249998 0.5430237578125 0.2099773953125 0.475156440625 0.24187605156249997 0.434375 0.268515540625 0.434375 0.268802790625 0.4672199328125 0.2894950984375 0.5566770078125 0.3078125 0.565933434375 0.3078125 0.634375 0.2711473765625 0.634375 0.270961184375
7 0.514157575 0.37124876093750003 0.5234168343750001 0.364304315625 0.5128348234375 0.3404947921875 0.4162739765625 0.2779947921875 0.36204116875 0.2809709828125 0.35939566875 0.31668526875 0.41617222500000006 0.339197478125 0.4682961671875 0.3859375 0.47933981875000004 0.3859375 0.514157575 0.37124876093750003
7 0.447270234375 0.13403827031249999 0.45123849062500004 0.160823984375 0.49146287187500004 0.1625 0.499889434375 0.1625 0.5852433734375 0.1370144625 0.6296875 0.11125706875000001 0.6296875 0.11106818437499999 0.4712832578125 0.11106818437499999 0.447270234375 0.13403827031249999
7 0.6609238265624999 0.3579718046875 0.7036588703125 0.34881429375 0.7577333640624999 0.3734375 0.7612689625 0.3734375 0.7703125 0.35444606562500003 0.7703125 0.3528842359375 0.7362189015625 0.3182892640625 0.673133840625 0.32134176718749996 0.67720384375 0.2984479953125 0.734183903125 0.2694492140625 0.6202237875 0.26334420937499997 0.5601912265625 0.2976848671875 0.5744362390625 0.33431490625000004 0.610048778125 0.35644555312500004 0.6365038046875 0.350340546875 0.6609238265624999 0.3579718046875
7 0.5109375 0.2249034265625 0.507412175 0.21168345624999998 0.44839711718749997 0.20252594687499997 0.403627071875 0.23762973125000003 0.35071701875 0.258997253125 0.32629699218749997 0.2574710015625 0.330051290625 0.2828125 0.39145651406250004 0.2828125 0.41787208593749997 0.2818910265625 0.5109375 0.22726567343749998 0.5109375 0.2249034265625
7 0.593462234375 0.201287775 0.5324121749999999 0.20739278125 0.5446221875 0.2302865546875 0.6260222703125 0.23486530781249998 0.6789323234375 0.242496565625 0.7238193734375 0.2484375 0.7410459234375 0.2484375 0.6809673218750001 0.22112904375000003 0.593462234375 0.201287775
17 0.410319684375 0.118119465625 0.42017152500000005 0.134375 0.42582701093750003 0.134375 0.4510197265625 0.13185572968749998 0.48154475625000004 0.1089619578125 0.5405598140625 0.118119465625 0.61992489375 0.12117196875 0.58329485625 0.0952256921875 0.6421875 0.0799948375 0.6421875 0.079871365625 0.617889890625 0.061648159375 0.5731198484375 0.061648159375 0.5751548484375 0.086068184375 0.552769828125 0.09980445 0.548699821875 0.0830156796875 0.548699821875 0.073858171875 0.5263148015625 0.075384421875 0.5100347859375 0.079963178125 0.516139790625 0.09369944062499999 0.410319684375 0.118119465625
17 0.5125 0.0330941734375 0.495130621875 0.04053819375 0.49126685 0.0859375 0.49166831875000006 0.0859375 0.5125 0.0353900375 0.5125 0.0330941734375
17 0.49449627500000004 0.17250314687499999 0.540625 0.17024685312500001 0.540625 0.1700704203125 0.49449627500000004 0.16029313750000002 0.4588837375 0.1625825125 0.4314112109375 0.16029313750000002 0.41614869531250004 0.154188128125 0.4015625 0.1819019 0.4015625 0.185795571875 0.40767568593750003 0.209375 0.47899194375 0.209375 0.49449627500000004 0.19387066875 0.49449627500000004 0.17250314687499999
17 0.35183945156249996 0.1259357828125 0.341664440625 0.132803915625 0.3216613921875 0.1890625 0.322429678125 0.1890625 0.364049465625 0.1526451859375 0.375 0.136219378125 0.375 0.13244095312499998 0.3732069734375 0.1297514125 0.35183945156249996 0.1259357828125
17 0.238943896875 0.3357190546875 0.21045386875 0.3189302890625 0.22266388125 0.3670072109375 0.3625 0.3381280140625 0.3625 0.3312360921875 0.3386589984375 0.33266655312500004 0.293888953125 0.34411344062500004 0.238943896875 0.3357190546875
17 0.6016211703125001 0.3109375 0.612215228125 0.31064322031249997 0.600005215625 0.291565078125 0.5928827109375 0.29614383125 0.5849927515625 0.3109375 0.6016211703125001 0.3109375
17 0.5390625 0.2653439375 0.5390625 0.2678420921875 0.540675503125 0.278125 0.558697946875 0.278125 0.5642262546875 0.2722018109375 0.58125 0.2211305703125 0.58125 0.2205259953125 0.5448937328125 0.2493080390625 0.5390625 0.2653439375
17 0.6142712484375 0.1891589640625 0.58476371875 0.17771207656250002 0.5756062078124999 0.18152770625 0.5817112140625 0.195263971875 0.6051137375 0.1998427234375 0.628125 0.217101171875 0.628125 0.20367049218750002 0.626481259375 0.196027096875 0.6142712484375 0.1891589640625
17 0.5859375 0.201256353125 0.5753757828125 0.1900345328125 0.5713057796875 0.150351990625 0.540237021875 0.1541103109375 0.540237021875 0.15665494062500002 0.5458682546875 0.186218903125 0.564183271875 0.199192040625 0.5787220984375 0.2015625 0.5859375 0.2015625 0.5859375 0.201256353125
17 0.6721163359375 0.1151232453125 0.63039879375 0.1067288625 0.6192062828125 0.111307615625 0.660923825 0.1288595109375 0.6558363218750001 0.1403063953125 0.66343253125 0.153125 0.6667147359375 0.153125 0.7109375 0.138305671875 0.7109375 0.1375200703125 0.6721163359375 0.1151232453125
17 0.63070468125 0.1340325453125 0.6215471703125 0.14471630625 0.6099141109375 0.1546875 0.6130427140625 0.1546875 0.6581772078125 0.13708504999999999 0.66875 0.132759815625 0.66875 0.131609915625 0.6551247046875 0.111901896875 0.63070468125 0.1340325453125
17 0.7213602078125 0.18431585781249998 0.7404201390625 0.203125 0.7411410625 0.203125 0.7703125 0.1856221375 0.7703125 0.1841818078125 0.74272773125 0.1568433296875 0.7020276875 0.143870190625 0.7213602078125 0.18431585781249998
17 0.7734375 0.24253316093750002 0.7663852640625 0.225910028125 0.7440002406249999 0.219805021875 0.72263271875 0.21827877031249998 0.7338252296875 0.23277815937500002 0.761297759375 0.23354128593749998 0.737895234375 0.257198184375 0.749362459375 0.2578125 0.7667905687500001 0.2578125 0.7734375 0.2428568984375 0.7734375 0.24253316093750002
17 0.6904129984375 0.246875 0.6921875 0.234231684375 0.6921875 0.23237647031250003 0.6742610328125 0.2296875 0.6720563484375 0.2296875 0.6703125 0.24538212656249997 0.6703125 0.246875 0.6904129984375 0.246875
17 0.304773496875 0.22722928437499998 0.2968535234375 0.23910924374999998 0.2968535234375 0.239604321875 0.3398810921875 0.271875 0.3640625 0.271875 0.3640625 0.2694873765625 0.36175355468750003 0.26385931875 0.304773496875 0.22722928437499998
17 0.4625 0.23955594218749998 0.4625 0.23738943125 0.4277370796875 0.18598996406249999 0.411457059375 0.180648084375 0.38194953125 0.1768324546875 0.3636345140625 0.18598996406249999 0.338196990625 0.2264356296875 0.3554945046875 0.2470400265625 0.375844525 0.24856627812499998 0.43836414843749993 0.253125 0.449835546875 0.253125 0.4625 0.23955594218749998
7 0.378697503125 0.24032738125000003 0.45290385000000005 0.246875 0.4671875 0.246875 0.4671875 0.21743358906250002 0.42367105 0.1927083328125 0.3456287203125 0.21552579375 0.378697503125 0.24032738125000003
17 0.4928875078125 0.281948259375 0.496875 0.2840844171875 0.496875 0.271350346875 0.45523996875000006 0.24302884531250002 0.436924953125 0.2361607140625 0.4359074515625 0.2575282359375 0.4928875078125 0.281948259375