15 1 0.002106225 0.423206109375 0 0.30779891406250004 0.1938875 0.07872007656249999 0.0029739671875 0.001492775 0.002106225 0.0040958374999999995 1 1 0.9913855140625 1 0.002106225
7 0.4234375 0.5375 0.27734375 0.20625
7 0.82421875 0.61171875 0.1203125 0.15546875
7 0.71015625 0.215625 0.15234375 0.06953125
7 0.08671875 0.5375 0.15546875 0.25390625
7 0.07734375 0.24140625 0.08828125 0.090625
7 0.12109375 0.12890625 0.08984375 0.09296875
7 0.45625 0.37890625 0.17734375 0.1015625
7 0.42890625 0.21015625 0.09765625 0.0984375
7 0.515625 0.0421875 0.14375 0.084375
7 0.884375 0.06015625 0.18984375 0.10625
7 0.9484375 0.31953125 0.103125 0.1546875
11 0.5796875 0.33359375 0.109375 0.1359375
9 0.5875 0.45 0.10703125 0.08671875
9 0.14609375 0.440625 0.1484375 0.1125
9 0.56796875 0.74609375 0.228125 0.1453125
9 0.3234375 0.6390625 0.1859375 0.1140625
9 0.65 0.56640625 0.1359375 0.159375
9 0.55234375 0.1921875 0.14453125 0.1234375
9 0.75703125 0.146875 0.1421875 0.06796875
11 0.64921875 0.08203125 0.0875 0.0640625