15 0 0 0 1 0.4756525296875 1 1 0.9954644390625 1 0 0.40380145624999997 0 0.317902175 0.1443133328125 0.1447393296875 0 0 0
7 0.44140625 0.5109375 0.2955078125 0.221484375
7 0.86875 0.58984375 0.128515625 0.165625
7 0.74765625 0.1671875 0.1625 0.0748046875
7 0.08203125 0.509375 0.1640625 0.271875
7 0.071875 0.19453125 0.0939453125 0.096875
7 0.11875 0.07578125 0.0966796875 0.0986328125
7 0.47578125 0.34140625 0.1890625 0.108203125
7 0.446875 0.16171875 0.103515625 0.105078125
7 0.5390625 0.01328125 0.153125 0.0265625
7 0.915625 0.02890625 0.16875 0.0578125
7 0.97265625 0.278125 0.0544921875 0.1654296875
11 0.6078125 0.29375 0.1158203125 0.144140625
9 0.61640625 0.4171875 0.1140625 0.0935546875
9 0.1453125 0.4078125 0.15859375 0.119140625
9 0.5953125 0.7328125 0.2435546875 0.1560546875
9 0.334375 0.61953125 0.19921875 0.121875
9 0.6828125 0.54140625 0.146484375 0.1703125
9 0.57890625 0.1421875 0.1544921875 0.13125
9 0.79765625 0.09453125 0.1515625 0.071875
11 0.68046875 0.02890625 0.0921875 0.0578125