15 0 0 0 1 1 1 1 0 0.421791690625 0 0.3071860875 0.1925408 0.076154678125 0 0 0
7 0.42578125 0.54453125 0.2830078125 0.2109375
7 0.83671875 0.6203125 0.1234375 0.1591796875
7 0.71953125 0.21484375 0.15625 0.0705078125
7 0.08125 0.54453125 0.159375 0.259375
7 0.07109375 0.24140625 0.090625 0.0923828125
7 0.11640625 0.1265625 0.0921875 0.096484375
7 0.45859375 0.38203125 0.1826171875 0.1044921875
7 0.43125 0.209375 0.1 0.100390625
7 0.5203125 0.03984375 0.1470703125 0.0796875
7 0.89765625 0.05546875 0.194921875 0.108203125
7 0.9546875 0.32109375 0.0904296875 0.1578125
11 0.58515625 0.3359375 0.1111328125 0.140234375
9 0.59375 0.4546875 0.109375 0.090234375
9 0.14140625 0.4453125 0.1515625 0.1154296875
9 0.5734375 0.7578125 0.2341796875 0.1498046875
9 0.3234375 0.6484375 0.190625 0.116015625
9 0.6578125 0.57421875 0.1404296875 0.1638671875
9 0.5578125 0.190625 0.1470703125 0.1251953125
9 0.7671875 0.14453125 0.146484375 0.0701171875
11 0.65703125 0.078125 0.0890625 0.065625