15 0.2751981484375 0 0.259199540625 0.028331384375 0.22133526093749997 0.041538778124999995 0.035800290624999995 0.05169825625 0 0.0779874671875 0 0.7544517046875 0.15090767968750002 0.8075635640625001 0.3243261484375 0.8492173421875 0.3955109484375 0.8898552625 0.528793259375 0.9396368078125 0.65374538125 0.9426846828125001 0.88055311875 1 1 1 1 0.10595603125 0.8468532062499999 0.09639990781249999 0.66889109375 0.0811606890625 0.5681720859375 0.07811281406250001 0.3970254953125 0.04560250625 0.317510509375 0.0252835453125 0.2848436 0 0.2751981484375 0
19 0.51640625 0.48515625 0.358203125 0.4234375
19 0.87578125 0.53359375 0.2482421875 0.1890625
19 0.0875 0.45546875 0.08125 0.1486328125
19 0.23203125 0.690625 0.1263671875 0.1310546875
19 0.2078125 0.290625 0.121484375 0.069140625
19 0.25703125 0.51640625 0.1482421875 0.1513671875
19 0.859375 0.753125 0.256640625 0.1814453125
19 0.5546875 0.79921875 0.178125 0.1169921875
19 0.46640625 0.17578125 0.1828125 0.165625
19 0.9359375 0.2546875 0.128125 0.1375
0 0.86328125 0.3703125 0.0486328125 0.115625
0 0.20859375 0.20390625 0.0919921875 0.0796875
19 0.76328125 0.35 0.1390625 0.168359375
19 0.28046875 0.3671875 0.0982421875 0.1279296875
19 0.0765625 0.2921875 0.141015625 0.1595703125
19 0.78203125 0.15859375 0.065625 0.0763671875
19 0.94609375 0.92265625 0.1078125 0.1515625