15 0.3730953453125 0.8766296484374999 0.48763483281250003 0.9193740125 0.5950155625 0.9219910359375 0.829951525 0.9813095281249999 0.9972052265625001 1 0.9965543953125 0.18574246562500002 0.9008878453125 0.204061465625 0.7609676000000001 0.195338140625 0.6080314078125 0.1822531578125 0.5214760125 0.1796361328125 0.37439690937500003 0.1517215234375 0.30606371875 0.13427487656249998 0.2722225390625 0.1081049078125 0.25595273125 0.13689186874999998 0.22341311562500002 0.1482322484375 0.063969 0.15695557031250001 0.0021437328124999998 0.20231679374999997 0 0.7486911015625 0.1628894125 0.805970809375 0.3119209078125 0.84173635625 0.3730953453125 0.8766296484374999
19 0.4765625 0.52890625 0.30859375 0.36328125
19 0.79765625 0.57265625 0.234375 0.16328125
19 0.10859375 0.50390625 0.06953125 0.128125
19 0.2328125 0.70546875 0.10859375 0.11171875
19 0.21171875 0.36171875 0.10390625 0.059375
19 0.25390625 0.55625 0.12734375 0.1296875
19 0.771875 0.759375 0.221875 0.15625
19 0.51015625 0.7984375 0.153125 0.1
19 0.43359375 0.26328125 0.15703125 0.1421875
19 0.89140625 0.33203125 0.2171875 0.11875
0 0.775 0.43046875 0.0421875 0.09921875
0 0.91875 0.35859375 0.06640625 0.06171875
0 0.9203125 0.28671875 0.04375 0.040625
0 0.2125 0.2875 0.07890625 0.06796875
19 0.6890625 0.4125 0.11953125 0.14375
19 0.27421875 0.428125 0.084375 0.109375
19 0.09921875 0.36328125 0.121875 0.1375
19 0.70546875 0.24921875 0.05625 0.065625
19 0.9 0.91171875 0.2 0.1453125