15 1 0.30441864218750003 0.8726153968749999 0.25967175625 0.71430808125 0.22172053749999998 0.64932610625 0.1846948765625 0.52765760625 0.13933835625 0.413593428125 0.1365614046875 0.1735090078125 0.0760074484375 0 0.0760074484375 0 0.915328209375 0.08868345 0.8983644484375001 0.237312425 0.907620865625 0.3997674671875 0.9215054874999999 0.491710128125 0.924282440625 0.6479435312499999 0.9539029421875 0.7205298250000001 0.9724157734375 0.7521924624999999 0.996875 0.75835005 0.996875 0.7737597546874999 0.9696388546874999 0.8083246578125 0.9576054515625 0.97769268125 0.9483490375000001 1 0.9319995515624999 1 0.30441864218750003
19 0.4609375 0.52265625 0.3279296875 0.3859375
19 0.8015625 0.56875 0.2498046875 0.1720703125
19 0.06953125 0.4953125 0.0736328125 0.134765625
19 0.2015625 0.71015625 0.1154296875 0.11875
19 0.1796875 0.3453125 0.1095703125 0.0626953125
19 0.22421875 0.5515625 0.1357421875 0.1375
19 0.77421875 0.76640625 0.2357421875 0.165625
19 0.49609375 0.80859375 0.1625 0.10625
19 0.41484375 0.240625 0.1671875 0.150390625
19 0.89296875 0.3125 0.2140625 0.125
0 0.77734375 0.41796875 0.0453125 0.1048828125
0 0.93046875 0.34140625 0.0705078125 0.0642578125
0 0.93203125 0.265625 0.046875 0.0435546875
0 0.1796875 0.26640625 0.0841796875 0.0732421875
19 0.68671875 0.39921875 0.1265625 0.151953125
19 0.2453125 0.41484375 0.090234375 0.115625
19 0.0609375 0.3453125 0.121875 0.146875
19 0.70390625 0.225 0.059375 0.0689453125
19 0.90234375 0.9265625 0.1953125 0.146875