15 0.49478058125 1 0.4986106140625 0.9968551046874999 0.5950816624999999 0.890525028125 0.6344315484374999 0.7822961578125 0.680128403125 0.793688784375 0.7296875 0.75106248125 0.7296875 0.741156615625 0.7207477203125 0.6759660109375 0.7105928421875001 0.5962184890625 0.681397834375 0.5136227390625 0.644586428125 0.48988834218750005 0.5024187171875 0.43577394218750004 0.4072171 0.3873557109375 0.2866283859375 0.3379881921875 0.15715422343750002 0.3190006734375 0.008639740625 0.347481953125 0 0.351238609375 0 1 0.49478058125 1
13 0.5203125 0.67734375 0.18125 0.125
13 0.2625 0.96796875 0.1779296875 0.0640625
13 0.440625 0.8109375 0.13046875 0.08984375
13 0.30234375 0.50703125 0.1767578125 0.0642578125
13 0.06171875 0.60859375 0.0953125 0.051171875
13 0.04453125 0.7875 0.0861328125 0.087890625
13 0.54140625 0.565625 0.1859375 0.062890625
1 0.1671875 0.42421875 0.334375 0.0955078125
1 0.08125 0.5234375 0.1625 0.08125
1 0.2828125 0.63828125 0.2658203125 0.1
1 0.26171875 0.8078125 0.185546875 0.215234375
1 0.0828125 0.9328125 0.165625 0.134375
1 0.07265625 0.68046875 0.1453125 0.0921875