15 0.41554185937500004 1 0.509255846875 0.9228302421875 0.5971851874999999 0.8256379062500001 0.63305096875 0.7267099546875 0.6747017468750001 0.7371235265625 0.7209803124999999 0.6972051171875 0.7117245624999999 0.6295175546875 0.702468815625 0.5566233359375 0.67585878125 0.48112565781249994 0.64230671875 0.4594309359375 0.5127267734375 0.4099669921875 0.425954465625 0.365709703125 0.316042878125 0.3205847046875 0.1980325734375 0.303228925 0.06266780937500001 0.3292625953125 0.0005786515625 0.35633680624999997 0.0025055359375 1 0.41554185937500004 1
13 0.52890625 0.63046875 0.16484375 0.1140625
13 0.29453125 0.934375 0.16015625 0.13125
13 0.45625 0.753125 0.11796875 0.08125
13 0.33046875 0.475 0.16171875 0.059375
13 0.1109375 0.56796875 0.08671875 0.04609375
13 0.0953125 0.73125 0.07890625 0.08125
13 0.5484375 0.52890625 0.16953125 0.05859375
1 0.18515625 0.40078125 0.3515625 0.08828125
1 0.103125 0.490625 0.2046875 0.07421875
1 0.3125 0.5953125 0.2421875 0.09140625
1 0.29296875 0.75 0.16875 0.196875
1 0.1171875 0.9015625 0.17734375 0.196875
1 0.0984375 0.634375 0.178125 0.08359375