15 1 0.4528168328125 0.9284940140625 0.4038879671875 0.87860711875 0.390709328125 0.7986002546875001 0.3596454671875 0.7270645171875 0.34081886093749997 0.6169372515625 0.32387488593749997 0.49174978593749996 0.32575751875000003 0.3787987140625 0.34081886093749997 0.292202921875 0.3549388171875 0.1321889046875 0.4010640171875 0.0399455 0.43118641875 0 0.45116077343749994 0 0.746708196875 0.0013538265625 0.7502975734375 0.007942754687500001 0.7634762125 0.0606531671875 0.7992467249999999 0.130306415625 0.8359586218749999 0.200900834375 0.8632572171874999 0.344913334375 0.8604331984375 0.43056795625 0.8689051859375001 0.49248445625 0.8703125 0.5710036890625 0.8703125 0.6301148203125 0.8651398515625001 0.7374184234375 0.833134603125 0.8739008234375 0.7935987546875001 1 0.7223199671875 1 0.4528168328125
0 0.61328125 0.64375 0.079296875 0.081640625
0 0.315625 0.60703125 0.1529296875 0.0453125
0 0.33046875 0.42734375 0.10625 0.091796875
0 0.625 0.42734375 0.0935546875 0.0451171875
0 0.66875 0.525 0.143359375 0.0689453125
2 0.18671875 0.7078125 0.1765625 0.109765625
2 0.784375 0.734375 0.246875 0.137109375
2 0.37734375 0.6484375 0.2361328125 0.0533203125
2 0.940625 0.58046875 0.11875 0.084375
2 0.9375 0.49609375 0.125 0.084375
2 0.7453125 0.49296875 0.16875 0.1
2 0.540625 0.39375 0.2248046875 0.0716796875
2 0.21484375 0.42734375 0.1515625 0.059375
2 0.053125 0.515625 0.10625 0.0873046875
2 0.51640625 0.5046875 0.1484375 0.1001953125