15 1 0.492547709375 0.9745088390625 0.458363728125 0.91360025 0.42790698593750004 0.8258202359375 0.3992421203125 0.6735488328125 0.355348784375 0.591143159375 0.341912053125 0.4836574609375 0.327579484375 0.364527453125 0.3257879453125 0.25972892812500004 0.341912053125 0.191654596875 0.35982769375 0.1155190328125 0.3893884640625 0.06804601875 0.401929428125 0 0.4484907671875 0 0.704953428125 0.119997603125 0.7727832421875 0.249876015625 0.8104060625 0.351987509375 0.840862671875 0.384982834375 0.84375 0.5489137609375 0.84375 0.6233889234375 0.8363837578125001 0.7604330765625 0.8390711312500001 0.8276116375000001 0.8130934359375 0.8938945671875 0.778157921875 0.9440544765625001 0.7441182421875 0.9503245843749999 0.7315772765624999 0.9563172453125001 0.7156890328125 0.997797325 0.632145475 1 0.624907584375 1 0.492547709375
0 0.63203125 0.63125 0.075 0.078125
0 0.34921875 0.5953125 0.1451171875 0.0435546875
0 0.36328125 0.425 0.1013671875 0.0875
0 0.64296875 0.425 0.0888671875 0.043359375
0 0.68515625 0.51796875 0.1359375 0.0669921875
2 0.2265625 0.69140625 0.1685546875 0.1048828125
2 0.7953125 0.7171875 0.234375 0.12890625
2 0.40703125 0.63515625 0.225 0.0515625
2 0.94296875 0.56953125 0.1140625 0.0796875
2 0.940625 0.48984375 0.11875 0.0798828125
2 0.7578125 0.4875 0.1595703125 0.094140625
2 0.5625 0.39296875 0.2126953125 0.0671875
2 0.25234375 0.425 0.1451171875 0.05625
2 0.096875 0.509375 0.10625 0.081640625
2 0.53984375 0.4984375 0.1419921875 0.096484375