15 0.050085187499999996 0.7119575046875 0.10909038281250001 0.741462471875 0.194127271875 0.7692315609375 0.34164019375 0.81175323125 0.4214706890625 0.8247700640625 0.525597459375 0.8386547406249999 0.6410046546875 0.84039029375 0.7425282265625001 0.8247700640625 0.8084752343750001 0.8074142875 0.8822315625 0.778777290625 0.9282210453124999 0.7666282328125 0.9941680500000001 0.72150316875 1 0.6963373421875 0.997638890625 0.47505116249999996 0.8778929468750001 0.40736359999999994 0.752073234375 0.370916490625 0.653152725 0.3414116515625 0.583734878125 0.33533709218749996 0.469195459375 0.337940484375 0.3902326046875 0.3457505984375 0.25747108281250003 0.34314720468750004 0.1923918515625 0.368313096875 0.1281802640625 0.4021568796875 0.0795878515625 0.43513281875 0.073513684375 0.4472818765625 0.06770829375000001 0.4626736125 0.027524467187500002 0.5436064359375 0.009302228125 0.6034838859375 0.011905425 0.66075794375 0.050085187499999996 0.7119575046875
0 0.6375 0.63046875 0.07265625 0.07578125
0 0.36328125 0.59609375 0.13984375 0.0421875
0 0.37734375 0.43125 0.09765625 0.084375
0 0.6484375 0.43125 0.08515625 0.04140625
0 0.6890625 0.52109375 0.13125 0.0640625
2 0.24453125 0.68984375 0.1625 0.10234375
2 0.7953125 0.7140625 0.22734375 0.12578125
2 0.4203125 0.63515625 0.21796875 0.05
2 0.9421875 0.5734375 0.1125 0.078125
2 0.93828125 0.4953125 0.11796875 0.078125
2 0.759375 0.49140625 0.15546875 0.0921875
2 0.5703125 0.4 0.20703125 0.065625
2 0.2703125 0.43125 0.13984375 0.0546875
2 0.11953125 0.51328125 0.103125 0.0796875
2 0.5484375 0.50234375 0.13671875 0.09296875