15 0 0.98894563125 0.0560342875 0.9997055703125 0.196767071875 0.979040084375 0.32784176249999997 0.925309853125 0.43132178125 0.8726128031249999 0.5858519015625 0.8137162 0.6258643 0.7878843437499999 0.6575980046875001 0.6979894343749999 0.6686359140625 0.6111944578124999 0.678125 0.5419080875 0.678125 0.5292651375 0.6244844828125 0.4830682765625 0.5748139890624999 0.49546769218750003 0.5320423734374999 0.3776744109375 0.4271825390625 0.261947725 0.35219529375 0.2002944296875 0 0.2002944296875 0 0.98894563125
13 0.45 0.590625 0.196875 0.137109375
13 0.17109375 0.9359375 0.1921875 0.128125
13 0.3640625 0.7359375 0.140625 0.096875
13 0.21328125 0.4046875 0.1921875 0.071484375
13 0.4734375 0.46953125 0.202734375 0.0703125
1 0.12421875 0.31484375 0.2484375 0.1046875
1 0.03125 0.4234375 0.0625 0.0876953125
1 0.19296875 0.5484375 0.2890625 0.1091796875
1 0.16953125 0.73203125 0.2013671875 0.234375
1 0.0328125 0.89765625 0.065234375 0.2046875
1 0.021875 0.59453125 0.04375 0.1