15 0.5 0.64765625 1 0.4044921875
17 0.19609375 0.48671875 0.0390625 0.0455078125
17 0.72265625 0.69140625 0.1982421875 0.0732421875
17 0.1703125 0.615625 0.0966796875 0.0466796875
17 0.09296875 0.578125 0.064453125 0.03125
17 0.09609375 0.72734375 0.1328125 0.1048828125
17 0.01328125 0.6578125 0.0265625 0.1875
17 0.94140625 0.75 0.1169921875 0.0841796875
17 0.93125 0.63125 0.0560546875 0.0560546875
17 0.98671875 0.62890625 0.0263671875 0.0236328125
17 0.86171875 0.5125 0.0625 0.087890625
17 0.7640625 0.50390625 0.0908203125 0.0234375
17 0.63046875 0.52734375 0.0419921875 0.0330078125
17 0.55390625 0.52734375 0.051171875 0.040625
17 0.4921875 0.56484375 0.1060546875 0.034375
17 0.3078125 0.5625 0.0529296875 0.0435546875
17 0.28984375 0.53125 0.0919921875 0.0248046875
17 0.221875 0.52265625 0.037890625 0.0767578125
17 0.1734375 0.546875 0.06640625 0.087109375
17 0.03671875 0.53125 0.0732421875 0.0658203125
17 0.028125 0.47890625 0.04375 0.0359375
17 0.33828125 0.6328125 0.0826171875 0.0720703125
17 0.25 0.67890625 0.103125 0.0330078125
17 0.20234375 0.72734375 0.05 0.09375
17 0.16640625 0.6703125 0.0359375 0.0373046875
17 0.12109375 0.684375 0.030078125 0.053125
17 0.440625 0.6625 0.118359375 0.09375
17 0.52578125 0.71015625 0.0578125 0.0453125
17 0.48125 0.7453125 0.049609375 0.071484375
17 0.57265625 0.73984375 0.065625 0.0484375
17 0.5125 0.66953125 0.069140625 0.0294921875
17 0.56484375 0.678125 0.0330078125 0.0501953125
17 0.59765625 0.64609375 0.040625 0.0205078125
17 0.58359375 0.60546875 0.0546875 0.0263671875
17 0.640625 0.62890625 0.04375 0.0326171875
17 0.70234375 0.61328125 0.034375 0.0859375
17 0.8046875 0.5765625 0.037890625 0.12109375
17 0.759375 0.628125 0.05 0.056640625
17 0.85234375 0.62578125 0.0638671875 0.0673828125
17 0.4078125 0.48828125 0.0908203125 0.04375
17 0.37421875 0.50859375 0.0419921875 0.03125
17 0.93125 0.46875 0.049609375 0.03125
9 0.34140625 0.7546875 0.042578125 0.053125
9 0.03125 0.7484375 0.062109375 0.065625
9 0.26953125 0.565625 0.0294921875 0.03125
9 0.5265625 0.75859375 0.05 0.075
9 0.9546875 0.57578125 0.056640625 0.057421875
9 0.2625 0.65 0.034375 0.0470703125
9 0.59296875 0.5375 0.04375 0.033984375
9 0.67578125 0.5375 0.0484375 0.040625
9 0.8421875 0.5828125 0.030859375 0.028515625
9 0.72265625 0.7484375 0.0326171875 0.046484375