15 0.5 0.6296875 1 0.37890625
17 0.209375 0.47734375 0.03671875 0.04375
17 0.70234375 0.6703125 0.1859375 0.06875
17 0.18515625 0.59921875 0.08984375 0.04375
17 0.1125 0.5640625 0.0609375 0.0296875
17 0.115625 0.70390625 0.125 0.0984375
17 0.0265625 0.6390625 0.0484375 0.17578125
17 0.91796875 0.725 0.128125 0.078125
17 0.8984375 0.61328125 0.05234375 0.05234375
17 0.95078125 0.61171875 0.02421875 0.02265625
17 0.83359375 0.5015625 0.05859375 0.08359375
17 0.74140625 0.49375 0.0859375 0.021875
17 0.61640625 0.515625 0.0390625 0.03125
17 0.54453125 0.515625 0.04765625 0.03828125
17 0.48671875 0.5515625 0.0984375 0.0328125
17 0.3140625 0.5484375 0.0484375 0.03984375
17 0.296875 0.51953125 0.0859375 0.02265625
17 0.23359375 0.51171875 0.03671875 0.07265625
17 0.1875 0.534375 0.06328125 0.08125
17 0.046875 0.51953125 0.09375 0.0625
17 0.05234375 0.4703125 0.04140625 0.03359375
17 0.3421875 0.61484375 0.07734375 0.06875
17 0.26015625 0.6578125 0.096875 0.03125
17 0.215625 0.70390625 0.046875 0.0875
17 0.18203125 0.65 0.03359375 0.034375
17 0.1390625 0.66328125 0.028125 0.05
17 0.43828125 0.64296875 0.1109375 0.0875
17 0.51875 0.6875 0.05390625 0.0421875
17 0.4765625 0.7203125 0.0453125 0.06640625
17 0.5625 0.71484375 0.06171875 0.0453125
17 0.50625 0.64921875 0.06640625 0.02734375
17 0.5546875 0.6578125 0.03125 0.04765625
17 0.58515625 0.62734375 0.03828125 0.01953125
17 0.57265625 0.5890625 0.05078125 0.02421875
17 0.62578125 0.6109375 0.04140625 0.03046875
17 0.68359375 0.596875 0.0328125 0.08046875
17 0.7796875 0.56171875 0.0359375 0.1125
17 0.7375 0.61015625 0.046875 0.053125
17 0.82421875 0.6078125 0.059375 0.0640625
17 0.4078125 0.4796875 0.0859375 0.04140625
17 0.3765625 0.4984375 0.0390625 0.02890625
17 0.9796875 0.50234375 0.040625 0.0265625
17 0.8984375 0.4609375 0.0453125 0.0296875
9 0.3453125 0.72890625 0.03984375 0.05
9 0.0546875 0.7234375 0.0578125 0.06171875
9 0.278125 0.5515625 0.02734375 0.0296875
9 0.51953125 0.7328125 0.046875 0.0703125
9 0.9203125 0.56171875 0.053125 0.053125
9 0.27109375 0.63125 0.0328125 0.04453125
9 0.58125 0.52578125 0.04140625 0.03125
9 0.65859375 0.52578125 0.0453125 0.03828125
9 0.81484375 0.56796875 0.028125 0.02734375
9 0.703125 0.7234375 0.03046875 0.0421875