15 0.5 0.63671875 1 0.383203125
17 0.21015625 0.4828125 0.0375 0.04375
17 0.70859375 0.678125 0.1875 0.0689453125
17 0.18515625 0.60625 0.0919921875 0.04375
17 0.1125 0.5703125 0.0623046875 0.028515625
17 0.11484375 0.71171875 0.1265625 0.1
17 0.025 0.646875 0.0498046875 0.178125
17 0.9265625 0.73359375 0.128515625 0.0794921875
17 0.90703125 0.6203125 0.0517578125 0.0529296875
17 0.96015625 0.61875 0.0236328125 0.024609375
17 0.84140625 0.5078125 0.059375 0.084375
17 0.7484375 0.49921875 0.0873046875 0.021875
17 0.621875 0.521875 0.0404296875 0.0314453125
17 0.54921875 0.521875 0.0484375 0.0376953125
17 0.490625 0.5578125 0.1 0.03359375
17 0.315625 0.5546875 0.0498046875 0.040625
17 0.2984375 0.525 0.0873046875 0.024609375
17 0.234375 0.51796875 0.0375 0.0734375
17 0.18828125 0.540625 0.0640625 0.0814453125
17 0.04609375 0.525 0.0921875 0.0625
17 0.05078125 0.47578125 0.0419921875 0.034375
17 0.34453125 0.621875 0.078125 0.0689453125
17 0.2609375 0.665625 0.0970703125 0.0314453125
17 0.215625 0.71171875 0.046875 0.0890625
17 0.18203125 0.6578125 0.034375 0.0345703125
17 0.13828125 0.67109375 0.0294921875 0.0513671875
17 0.44140625 0.65078125 0.111328125 0.0890625
17 0.52265625 0.6953125 0.0546875 0.043359375
17 0.4796875 0.728125 0.0466796875 0.068359375
17 0.5671875 0.7234375 0.0625 0.0466796875
17 0.51015625 0.65703125 0.0671875 0.0267578125
17 0.559375 0.665625 0.0314453125 0.049609375
17 0.590625 0.634375 0.0376953125 0.0189453125
17 0.57734375 0.59609375 0.0515625 0.0236328125
17 0.63125 0.61796875 0.041015625 0.030078125
17 0.68984375 0.60390625 0.0328125 0.08125
17 0.78671875 0.56875 0.0359375 0.112890625
17 0.74375 0.61796875 0.046875 0.0544921875
17 0.83203125 0.615625 0.060546875 0.065234375
17 0.41015625 0.48515625 0.086328125 0.041796875
17 0.37890625 0.5046875 0.0392578125 0.028515625
17 0.984375 0.50859375 0.03125 0.0263671875
17 0.90703125 0.46640625 0.045703125 0.0296875
9 0.34765625 0.7375 0.040625 0.0501953125
9 0.053125 0.73203125 0.056640625 0.0625
9 0.2796875 0.55859375 0.0279296875 0.0296875
9 0.5234375 0.74140625 0.046875 0.0705078125
9 0.9296875 0.56796875 0.0533203125 0.0544921875
9 0.27265625 0.63828125 0.0328125 0.0453125
9 0.58671875 0.53203125 0.0419921875 0.0326171875
9 0.66484375 0.53203125 0.0455078125 0.0388671875
9 0.82265625 0.575 0.0294921875 0.0279296875
9 0.709375 0.73203125 0.030859375 0.042578125