15 0.5 0.5 1 1
13 0.95390625 0.5671875 0.0921875 0.2404296875
13 0.27421875 0.2375 0.220703125 0.162890625
13 0.325 0.87890625 0.3064453125 0.2421875
13 0.17109375 0.58515625 0.3421875 0.346875
13 0.5390625 0.446875 0.2185546875 0.246875
13 0.53515625 0.25703125 0.1830078125 0.1298828125
13 0.75546875 0.12734375 0.1451171875 0.1611328125
13 0.4875 0.05703125 0.243359375 0.1140625
13 0.08359375 0.16328125 0.1669921875 0.203125
13 0.14296875 0.05390625 0.1859375 0.1078125
13 0.61171875 0.74140625 0.3328125 0.3546875
13 0.89609375 0.83359375 0.2078125 0.3296875
13 0.77265625 0.53671875 0.25 0.2232421875
13 0.89140625 0.3296875 0.2169921875 0.166015625
13 0.8296875 0.05234375 0.25 0.1046875
13 0.9546875 0.0640625 0.090625 0.128125
6 0.31328125 0.1296875 0.09375 0.181640625
6 0.2515625 0.103125 0.041015625 0.1716796875
6 0.153125 0.03125 0.1595703125 0.056640625
6 0.1265625 0.0953125 0.108984375 0.046484375
6 0.60546875 0.140625 0.1125 0.28125
6 0.68046875 0.109375 0.076953125 0.08828125
6 0.79296875 0.18046875 0.0611328125 0.0921875
6 0.715625 0.25078125 0.134375 0.1
6 0.75390625 0.02890625 0.1578125 0.057421875
6 0.0734375 0.31640625 0.146875 0.2298828125
6 0.18359375 0.3046875 0.083203125 0.09609375
6 0.684375 0.69296875 0.203125 0.3546875
6 0.55078125 0.91875 0.2671875 0.1625
6 0.7953125 0.59609375 0.1123046875 0.1546875
6 0.11484375 0.59609375 0.096875 0.1236328125
6 0.08125 0.71875 0.1283203125 0.203125
6 0.19296875 0.728125 0.1859375 0.14296875
6 0.19140625 0.72109375 0.3107421875 0.3015625
12 0.62109375 0.7578125 0.2875 0.181640625
12 0.73515625 0.9453125 0.3296875 0.109375
12 0.2359375 0.69921875 0.240234375 0.3328125
12 0.74453125 0.33671875 0.0859375 0.04375
12 0.73828125 0.48671875 0.1046875 0.0767578125
12 0.9625 0.84453125 0.075 0.3109375
6 0.26015625 0.91171875 0.063671875 0.110546875