15 0.5 0.5 1 1
13 0.95234375 0.56328125 0.0951171875 0.2419921875
13 0.26953125 0.23203125 0.221875 0.1640625
13 0.3203125 0.87734375 0.3091796875 0.2453125
13 0.16796875 0.58125 0.3359375 0.3470703125
13 0.53515625 0.44296875 0.21875 0.248046875
13 0.53125 0.25234375 0.1841796875 0.1298828125
13 0.75234375 0.121875 0.1453125 0.1625
13 0.4828125 0.0546875 0.243359375 0.108984375
13 0.0796875 0.15625 0.159375 0.203125
13 0.13828125 0.0515625 0.1859375 0.103125
13 0.60859375 0.73828125 0.334375 0.355078125
13 0.8953125 0.8328125 0.209375 0.334375
13 0.7703125 0.5328125 0.250390625 0.22265625
13 0.88984375 0.32421875 0.2203125 0.1671875
13 0.82734375 0.04921875 0.251171875 0.0984375
13 0.953125 0.0609375 0.09375 0.121875
6 0.30859375 0.12421875 0.0951171875 0.1828125
6 0.24609375 0.09765625 0.0421875 0.171875
6 0.14609375 0.0265625 0.1611328125 0.053125
6 0.12109375 0.0890625 0.1078125 0.046484375
6 0.6015625 0.13828125 0.1125 0.2765625
6 0.67734375 0.10390625 0.0767578125 0.0892578125
6 0.78984375 0.175 0.0625 0.0935546875
6 0.7125 0.24609375 0.1345703125 0.1
6 0.75078125 0.02578125 0.1578125 0.0515625
6 0.0703125 0.3109375 0.140625 0.23125
6 0.17890625 0.3 0.0830078125 0.0966796875
6 0.68125 0.68984375 0.2033203125 0.3548828125
6 0.54765625 0.91796875 0.26875 0.1640625
6 0.7921875 0.59296875 0.1125 0.1546875
6 0.109375 0.59296875 0.097265625 0.125
6 0.07578125 0.715625 0.1294921875 0.2033203125
6 0.18828125 0.725 0.1861328125 0.1435546875
6 0.18671875 0.71796875 0.3111328125 0.3017578125
12 0.6171875 0.75546875 0.290234375 0.1828125
12 0.7328125 0.94453125 0.3314453125 0.1109375
12 0.23125 0.69609375 0.2404296875 0.334375
12 0.74140625 0.33203125 0.086328125 0.04375
12 0.73515625 0.48203125 0.1046875 0.0767578125
12 0.9609375 0.84296875 0.078125 0.3140625
6 0.25546875 0.909375 0.0640625 0.112109375