15 0.5 0.5 1 1
13 0.95078125 0.56484375 0.0984375 0.2375
13 0.271875 0.2375 0.21953125 0.1625
13 0.321875 0.87734375 0.303125 0.2453125
13 0.16953125 0.58125 0.3390625 0.34375
13 0.53515625 0.4453125 0.21640625 0.24453125
13 0.53125 0.25703125 0.18203125 0.12890625
13 0.74921875 0.128125 0.14375 0.1609375
13 0.484375 0.0578125 0.2390625 0.115625
13 0.0828125 0.1640625 0.165625 0.2015625
13 0.14453125 0.05546875 0.18359375 0.1109375
13 0.60703125 0.7375 0.33046875 0.3515625
13 0.89453125 0.83359375 0.2109375 0.3328125
13 0.7671875 0.534375 0.24765625 0.22109375
13 0.8890625 0.33046875 0.221875 0.165625
13 0.8234375 0.053125 0.246875 0.10625
13 0.9515625 0.065625 0.096875 0.13046875
6 0.3109375 0.13046875 0.09296875 0.18046875
6 0.24921875 0.1046875 0.0421875 0.16953125
6 0.1515625 0.0328125 0.159375 0.05703125
6 0.12578125 0.09609375 0.10703125 0.0453125
6 0.60078125 0.14140625 0.1109375 0.2828125
6 0.675 0.11015625 0.0765625 0.08828125
6 0.78671875 0.18125 0.06171875 0.09140625
6 0.71015625 0.25078125 0.13359375 0.09921875
6 0.7484375 0.0296875 0.15625 0.05859375
6 0.07265625 0.315625 0.1453125 0.228125
6 0.1828125 0.30390625 0.0828125 0.09453125
6 0.67890625 0.68984375 0.2015625 0.3515625
6 0.546875 0.9171875 0.265625 0.165625
6 0.7890625 0.59375 0.1109375 0.153125
6 0.1140625 0.59375 0.09609375 0.1234375
6 0.08046875 0.71484375 0.12734375 0.2015625
6 0.19140625 0.72421875 0.18515625 0.14140625
6 0.18984375 0.7171875 0.3078125 0.29921875
12 0.615625 0.75390625 0.28515625 0.18046875
12 0.73203125 0.94375 0.32734375 0.11171875
12 0.234375 0.6953125 0.2375 0.33046875
12 0.73828125 0.3359375 0.0859375 0.04375
12 0.7328125 0.484375 0.10390625 0.0765625
12 0.959375 0.84296875 0.08046875 0.31328125
6 0.25859375 0.90703125 0.06328125 0.109375