15 0.10813991249999999 0.7635488593749999 0.16934323281250002 0.8781897437499999 0.3000053109375 0.9984375 0.60189423125 0.9984375 0.7149863859375001 0.93067593125 0.7627042281249999 0.897526759375 0.8176834812499999 0.8353720656249999 0.9276419859375 0.6364770359375 0.9296875 0.46761491250000004 0.9296875 0.46512646249999995 0.892372278125 0.3629963734375 0.8633266328125 0.316035046875 0.7004635640625 0.1710074234375 0.5137415703125 0.066035046875 0.46394904062500003 0.063272615625 0.26685360625 0.09918421875 0.091542403125 0.3326096328125 0.072870203125 0.39614554375 0.0811689578125 0.67515106875 0.10813991249999999 0.7635488593749999
7 0.3015625 0.58203125 0.290625 0.3076171875
7 0.70546875 0.48203125 0.2517578125 0.2205078125
17 0 0 0 0.371875 0.1991690984375 0.371875 0.2176445796875 0.3265593015625 0.21875 0.3015377203125 0.21875 0.2766648546875 0.185486903125 0.176006815625 0.0000807890625 0 0 0
15 0.6549753296875 0 0.6549753296875 0.135089234375 0.688738725 0.1421875 0.7013196203125001 0.1421875 0.776344625 0.124257596875 0.9402450390625001 0.04690953125 0.9984375 0.0009041296875 0.9984375 0 0.6549753296875 0
17 0.6515625 0.76484375 0.1470703125 0.1794921875
17 0.259375 0.75078125 0.1 0.1048828125
17 0.40234375 0.8515625 0.1328125 0.07890625
17 0.3984375 0.740625 0.1876953125 0.1404296875
17 0.453125 0.7046875 0.190625 0.146484375
17 0.528125 0.6671875 0.144140625 0.1751953125
17 0.628125 0.63203125 0.140625 0.0828125
17 0.30703125 0.1390625 0.098046875 0.11640625
17 0.2453125 0.246875 0.15625 0.0595703125
17 0.3109375 0.35546875 0.2814453125 0.153125
7 0.43671875 0.2328125 0.2423828125 0.166015625
17 0.5125 0.43828125 0.128125 0.257421875
17 0.6625 0.2953125 0.2251953125 0.1404296875
17 0.85234375 0.46640625 0.0580078125 0.1703125
17 0.8015625 0.56328125 0.115625 0.1140625
17 0.7390625 0.6046875 0.052734375 0.0595703125
17 0.20078125 0.45078125 0.0734375 0.061328125