15 0.0766995609375 0.3168859640625 0.04599780625 0.3665935640625 0.0065241218749999995 0.4747807 0.008717104687500001 0.65606725 0.12494517499999999 0.8665935656249999 0.183059209375 0.932383040625 0.23349780625 0.967470759375 0.2825048734375 0.996875 0.718061775 0.996875 0.8102521921875001 0.911915203125 0.8749451765625 0.790570171875 0.9034539484374999 0.6970029203125 0.912225878125 0.40168128437500006 0.892489034375 0.3344298234375 0.70718201875 0.08735379843749999 0.49884868281249994 0.049342101562500004 0.44621710468750003 0.0522660796875 0.2488486828125 0.163377190625 0.0766995609375 0.3168859640625
7 0.24921875 0.5984375 0.3076171875 0.325
7 0.675 0.49296875 0.268359375 0.2330078125
17 0 0.309375 0.0007629140625 0.309375 0.125986840625 0.1903349703125 0.1609375 0.0844238859375 0.1609375 0.052725314062499994 0.1599780703125 0.030978245312500003 0.1474780703125 0.000276490625 0 0.000276490625 0 0.309375
15 0.7004547046875 0 0.6448374734375 0.011708890625 0.6448374734375 0.134375 0.996875 0.134375 0.996875 0.13183965 0.9595304562500001 0.1022752203125 0.7862848421875 0.020403875 0.7010257984375 0 0.7004547046875 0
17 0.61875 0.7921875 0.15625 0.190234375
17 0.20390625 0.77734375 0.1048828125 0.1111328125
17 0.35546875 0.88359375 0.140625 0.084375
17 0.35078125 0.76640625 0.1984375 0.1482421875
17 0.40859375 0.728125 0.2015625 0.155859375
17 0.48828125 0.6890625 0.153125 0.184765625
17 0.59375 0.6515625 0.149609375 0.0875
17 0.25390625 0.1296875 0.103125 0.1248046875
17 0.18984375 0.24375 0.1642578125 0.0626953125
17 0.25859375 0.35859375 0.2982421875 0.1611328125
7 0.39140625 0.22890625 0.2576171875 0.1767578125
17 0.47109375 0.44609375 0.135546875 0.271875
17 0.6296875 0.29453125 0.2376953125 0.1482421875
17 0.83046875 0.4765625 0.0611328125 0.1810546875
17 0.77734375 0.57890625 0.1232421875 0.1203125
17 0.7109375 0.62265625 0.0533203125 0.0638671875
17 0.14140625 0.46015625 0.076953125 0.065625