15 0.3330078125 0.9557291671874999 0.3720703125 0.9765625 0.4638671875 0.9947916671874999 0.5576171875 0.9765625 0.7138671875 0.8828125 0.7587890625 0.8515625 0.810546875 0.79296875 0.9140625 0.60546875 0.916015625 0.4440104171875 0.880859375 0.34765625 0.853515625 0.3033854171875 0.7001953125 0.1666666671875 0.5244140625 0.06770833281250001 0.4775390625 0.06510416718749999 0.2919921875 0.09895833281250001 0.126953125 0.3190104171875 0.109375 0.37890625 0.1171875 0.6419270828125 0.142578125 0.7252604171875 0.2001953125 0.8333333328125001 0.3330078125 0.9557291671874999
7 0.325 0.55390625 0.2734375 0.28984375
7 0.7046875 0.459375 0.2375 0.20859375
17 0.24609375 0.0481770828125 0.2275390625 0.0026041671875 0.0009765625 0.0026041671875 0.0048828125 0.390625 0.2158203125 0.1901041671875 0.248046875 0.09244791718749999 0.24609375 0.0481770828125
15 0.6513671875 0 0.7138671875 0.0494791671875 0.8681640625 0.1223958328125 0.9443359375 0.140625 1 0.12890625 0.9990234375 0 0.6513671875 0
17 0.6546875 0.72578125 0.1390625 0.16875
17 0.28515625 0.71328125 0.09453125 0.09921875
17 0.4203125 0.8078125 0.125 0.075
17 0.415625 0.703125 0.1765625 0.13203125
17 0.46796875 0.66953125 0.17890625 0.1375
17 0.53828125 0.634375 0.13671875 0.165625
17 0.6328125 0.6015625 0.13203125 0.078125
17 0.3296875 0.1359375 0.0921875 0.11015625
17 0.27265625 0.23828125 0.146875 0.05703125
17 0.33359375 0.33984375 0.265625 0.14375
7 0.45234375 0.22421875 0.22890625 0.1578125
17 0.5234375 0.41796875 0.1203125 0.2421875
17 0.66484375 0.28359375 0.2125 0.13203125
17 0.84296875 0.4453125 0.05546875 0.1609375
17 0.7953125 0.5359375 0.109375 0.10703125
17 0.73671875 0.575 0.0484375 0.05703125
17 0.2296875 0.43046875 0.06875 0.05859375