15 0.2287689265625 0 0.1947004609375 0.0348837203125 0.04608295 0.2693798453125 0.0115207375 0.3391472875 0 0.3786821703125 0 0.8088352203125 0.036866359375000005 0.9360465109374999 0.09577404218749999 1 0.8058557125 1 0.8306451609375 0.9689922484375 0.9285714281249999 0.808139534375 1 0.60120585625 1 0.304263565625 0.997695853125 0.2771317828125 0.9274193546875 0.155038759375 0.7584485421875 0 0.2287689265625 0
12 0.171875 0.57265625 0.078125 0.126171875
13 0.828125 0.39765625 0.131640625 0.184375
13 0.08984375 0.48515625 0.0953125 0.153125
13 0.2921875 0.5359375 0.1091796875 0.1689453125
1 0.25234375 0.071875 0.0455078125 0.0939453125
1 0.28515625 0.19921875 0.0359375 0.071875
1 0.1703125 0.26171875 0.0466796875 0.0861328125
1 0.17421875 0.37734375 0.0703125 0.103125
1 0.24375 0.26640625 0.04375 0.0669921875
1 0.246875 0.34453125 0.090234375 0.1421875
1 0.43671875 0.34921875 0.0484375 0.08125
1 0.4109375 0.434375 0.0533203125 0.0966796875
1 0.4640625 0.60703125 0.2373046875 0.2388671875
1 0.6015625 0.8109375 0.0435546875 0.0748046875
1 0.49765625 0.771875 0.1765625 0.158984375
1 0.74765625 0.62734375 0.08125 0.1048828125
1 0.8328125 0.565625 0.1435546875 0.1251953125
1 0.5921875 0.31640625 0.215234375 0.3546875
1 0.721875 0.45859375 0.0529296875 0.0921875
1 0.33671875 0.18359375 0.0892578125 0.0515625
1 0.2515625 0.20234375 0.0466796875 0.0673828125
1 0.50234375 0.0578125 0.0236328125 0.0470703125
1 0.53046875 0.0640625 0.01875 0.04140625
1 0.54140625 0.1046875 0.0201171875 0.041015625
1 0.60390625 0.08203125 0.034375 0.0482421875
1 0.553125 0.06171875 0.018359375 0.0451171875
1 0.621875 0.115625 0.0283203125 0.05
1 0.378125 0.28125 0.0625 0.0845703125
1 0.32890625 0.43671875 0.070703125 0.067578125
1 0.64609375 0.59140625 0.142578125 0.258203125
1 0.621875 0.7484375 0.068359375 0.121875
1 0.1921875 0.64921875 0.021875 0.05
1 0.2171875 0.625 0.04375 0.062109375
1 0.17109375 0.596875 0.0328125 0.0470703125
1 0.25 0.71640625 0.0435546875 0.0669921875
1 0.3234375 0.7625 0.091015625 0.0470703125
1 0.21484375 0.759375 0.0359375 0.0625
1 0.40546875 0.025 0.0267578125 0.05
1 0.48125 0.1390625 0.056640625 0.1185546875
1 0.2953125 0.30625 0.047265625 0.080859375
12 0.6390625 0.64375 0.0404296875 0.0751953125
12 0.609375 0.69921875 0.04921875 0.134375
12 0.65625 0.88671875 0.0375 0.0625
12 0.4875 0.71484375 0.0314453125 0.0361328125
12 0.44140625 0.5609375 0.0642578125 0.059765625
12 0.4296875 0.66015625 0.043359375 0.0609375
12 0.296875 0.70546875 0.044140625 0.059375
12 0.24296875 0.7859375 0.0423828125 0.071875
12 0.32421875 0.7640625 0.0078125 0.040234375
12 0.35390625 0.76484375 0.0140625 0.0296875
12 0.39140625 0.15078125 0.0607421875 0.0828125
12 0.43828125 0.22265625 0.0326171875 0.0421875
12 0.66796875 0.1390625 0.025 0.040625
12 0.7484375 0.23046875 0.0408203125 0.0390625
12 0.5875 0.26640625 0.018359375 0.0451171875
12 0.7140625 0.2921875 0.053515625 0.0341796875
12 0.725 0.35859375 0.03671875 0.0703125
12 0.6625 0.31171875 0.031640625 0.0421875
12 0.659375 0.2109375 0.065625 0.09140625
12 0.46015625 0.46484375 0.034375 0.0828125
12 0.6421875 0.540625 0.0501953125 0.090625
12 0.34375 0.36328125 0.068359375 0.0982421875
12 0.55390625 0.65 0.06875 0.066015625
12 0.521875 0.57265625 0.056640625 0.0515625
12 0.48203125 0.515625 0.01875 0.050390625
12 0.553125 0.48359375 0.0375 0.090625
12 0.7015625 0.896875 0.0314453125 0.0279296875
12 0.73828125 0.5328125 0.0826171875 0.0533203125