15 0.2392578125 0.8725490203125 0.3154296875 0.9673202609375 0.3662109375 0.9934640515625001 0.7744140625 0.9934640515625001 0.912109375 0.8447712421875 0.98828125 0.5833333328125 0.982421875 0.508169934375 0.93359375 0.34150326875000003 0.904296875 0.2826797390625 0.7783203125 0.08496732031250001 0.7333984375 0.0392156859375 0.6767578125 0.0065359484374999995 0.4013671875 0.0065359484374999995 0.3076171875 0.0490196078125 0.1572265625 0.186274509375 0.09765625 0.2892156859375 0.083984375 0.44934640468750003 0.0859375 0.534313725 0.15625 0.7369281046875 0.2392578125 0.8725490203125
12 0.24140625 0.53828125 0.06640625 0.10546875
13 0.79765625 0.390625 0.11171875 0.15546875
13 0.171875 0.46484375 0.08125 0.12890625
13 0.34375 0.50703125 0.0921875 0.14296875
1 0.309375 0.115625 0.0390625 0.0796875
1 0.3375 0.2234375 0.03046875 0.0609375
1 0.23984375 0.2765625 0.0390625 0.0734375
1 0.24375 0.3734375 0.059375 0.0875
1 0.30234375 0.28046875 0.0375 0.05625
1 0.3046875 0.34609375 0.0765625 0.11953125
1 0.465625 0.35 0.040625 0.06875
1 0.44375 0.421875 0.0453125 0.08125
1 0.4890625 0.5671875 0.20078125 0.20078125
1 0.60625 0.7390625 0.0359375 0.0625
1 0.5171875 0.70625 0.15 0.13359375
1 0.72890625 0.584375 0.06875 0.0890625
1 0.8015625 0.53203125 0.12109375 0.10546875
1 0.59765625 0.321875 0.18125 0.2984375
1 0.7078125 0.4421875 0.04453125 0.078125
1 0.38125 0.21015625 0.0765625 0.04375
1 0.30859375 0.2265625 0.0390625 0.0578125
1 0.521875 0.10390625 0.0203125 0.040625
1 0.5453125 0.109375 0.015625 0.0359375
1 0.5546875 0.14375 0.01640625 0.0359375
1 0.6078125 0.12421875 0.02890625 0.040625
1 0.56484375 0.10703125 0.01484375 0.0375
1 0.6234375 0.153125 0.02421875 0.0421875
1 0.41640625 0.2921875 0.053125 0.071875
1 0.37421875 0.42421875 0.06015625 0.0578125
1 0.64375 0.55390625 0.12109375 0.21796875
1 0.62265625 0.6859375 0.05703125 0.10234375
1 0.25859375 0.603125 0.01875 0.0421875
1 0.2796875 0.5828125 0.0375 0.0515625
1 0.240625 0.55859375 0.028125 0.040625
1 0.30703125 0.66015625 0.0359375 0.05625
1 0.3703125 0.6984375 0.078125 0.040625
1 0.27734375 0.6953125 0.03046875 0.053125
1 0.440625 0.075 0.025 0.046875
1 0.50390625 0.17265625 0.04921875 0.09921875
1 0.34609375 0.31328125 0.040625 0.0671875
12 0.63671875 0.5984375 0.03359375 0.0640625
12 0.61171875 0.6453125 0.040625 0.11328125
12 0.65234375 0.803125 0.03125 0.053125
12 0.509375 0.65859375 0.02734375 0.03125
12 0.4703125 0.528125 0.0546875 0.0515625
12 0.46015625 0.6125 0.0359375 0.0515625
12 0.34765625 0.65078125 0.03828125 0.05
12 0.3015625 0.71796875 0.0359375 0.0609375
12 0.3703125 0.69921875 0.00625 0.0328125
12 0.39609375 0.7 0.01171875 0.025
12 0.42734375 0.1828125 0.05078125 0.0703125
12 0.4671875 0.24375 0.02734375 0.0359375
12 0.66171875 0.17265625 0.02109375 0.034375
12 0.73046875 0.25 0.03515625 0.0328125
12 0.59375 0.28046875 0.01484375 0.0375
12 0.7015625 0.3015625 0.046875 0.028125
12 0.71015625 0.3578125 0.03046875 0.059375
12 0.6578125 0.31796875 0.028125 0.0359375
12 0.6546875 0.23359375 0.05546875 0.078125
12 0.4859375 0.44765625 0.02890625 0.0703125
12 0.63984375 0.5109375 0.04296875 0.0765625
12 0.3875 0.36171875 0.05703125 0.0828125
12 0.56484375 0.60390625 0.05859375 0.05625
12 0.53828125 0.53828125 0.04921875 0.04375
12 0.5046875 0.48984375 0.015625 0.04375
12 0.56484375 0.46328125 0.03125 0.0765625
12 0.690625 0.81171875 0.02734375 0.0234375
12 0.72109375 0.5046875 0.06953125 0.0453125