15 0.103515625 0.74609375 0.1435546875 0.8046875 0.2294921875 0.875 0.3525390625 0.921875 0.5302734375 0.9557291671874999 0.6376953125 0.9348958328125001 0.6708984375 0.9166666671874999 0.8203125 0.77734375 0.875 0.6861979171875 0.904296875 0.5924479171875 0.91015625 0.4544270828125 0.84375 0.3138020828125 0.7978515625 0.24739583281250002 0.7666015625 0.22135416718749998 0.6142578125 0.1276041671875 0.4423828125 0.1119791671875 0.3193359375 0.1354166671875 0.2197265625 0.1875 0.1494140625 0.2421875 0.07421875 0.3736979171875 0.0546875 0.51171875 0.0546875 0.5768229171875 0.0703125 0.6653645828125 0.103515625 0.74609375
9 0.43203125 0.7578125 0.053125 0.078125
9 0.66328125 0.72421875 0.03359375 0.0671875
9 0.70078125 0.71328125 0.06875 0.13359375
9 0.58359375 0.58671875 0.053125 0.05859375
9 0.128125 0.715625 0.0359375 0.0640625
9 0.7328125 0.35390625 0.07734375 0.0640625
9 0.734375 0.31171875 0.04453125 0.04140625
9 0.67734375 0.44609375 0.090625 0.05546875
9 0.51953125 0.40390625 0.06171875 0.10546875
9 0.28359375 0.36171875 0.05078125 0.04921875
9 0.309375 0.61953125 0.0484375 0.05703125
9 0.25703125 0.63125 0.04921875 0.05859375
9 0.54765625 0.78046875 0.07890625 0.11171875
9 0.47421875 0.64140625 0.07265625 0.09375
9 0.47109375 0.18828125 0.0390625 0.0609375
9 0.5734375 0.184375 0.02734375 0.03515625
9 0.621875 0.2015625 0.04375 0.05078125
9 0.7734375 0.2640625 0.03359375 0.03203125
9 0.81875 0.32265625 0.03984375 0.05078125
9 0.84921875 0.4015625 0.0484375 0.0609375
9 0.86640625 0.47109375 0.02265625 0.02890625
9 0.85 0.53125 0.03203125 0.03984375
9 0.48125 0.3390625 0.04609375 0.071875
9 0.5109375 0.24296875 0.04375 0.04765625
9 0.32421875 0.271875 0.03125 0.05078125
9 0.2546875 0.7296875 0.0609375 0.05703125
9 0.16328125 0.275 0.03203125 0.05390625
9 0.1140625 0.3609375 0.0578125 0.05390625
13 0.3546875 0.30703125 0.06875 0.059375
13 0.25703125 0.32578125 0.05078125 0.03515625
9 0.79296875 0.47734375 0.07265625 0.065625
9 0.76953125 0.5953125 0.1171875 0.075
9 0.503125 0.8890625 0.0640625 0.08125
9 0.659375 0.853125 0.059375 0.0640625
9 0.56171875 0.66484375 0.07578125 0.0953125
9 0.425 0.49296875 0.053125 0.05234375
9 0.33828125 0.4453125 0.065625 0.071875
9 0.3875 0.40703125 0.07109375 0.065625