15 0.6918323859375 0.0874644875 0.5486505687500001 0.060191760937500005 0.34865056875 0.078373578125 0.171377840625 0.1874644875 0.1350142046875 0.21776751875000003 0.0816051140625 0.2950402453125 0.03615056875 0.3912969296875 0.03615056875 0.6992826703125 0.0452414765625 0.728373578125 0.10887784062500001 0.8344341859375 0.2827414765625 0.9965553968749999 0.2833236109375 0.996875 0.66826615625 0.996875 0.7963778421875001 0.9480705484374999 0.896377840625 0.8662523671875 0.94296875 0.7980705484375 0.9816051140625 0.7041311546875 0.9997869312500001 0.6011008515625 0.9997869312500001 0.525343275 0.977059659375 0.364737215625 0.8895596593749999 0.2117069125 0.8077414765625001 0.1480705484375 0.6918323859375 0.0874644875
9 0.47578125 0.81171875 0.061328125 0.090625
9 0.74453125 0.7734375 0.0390625 0.078125
9 0.78828125 0.76015625 0.0798828125 0.1548828125
9 0.6515625 0.61328125 0.0623046875 0.0673828125
9 0.121875 0.7625 0.0408203125 0.075
9 0.825 0.3421875 0.0904296875 0.075
9 0.82734375 0.29296875 0.051953125 0.0484375
9 0.7609375 0.44921875 0.1060546875 0.0640625
9 0.57734375 0.4 0.071875 0.1220703125
9 0.303125 0.35078125 0.0591796875 0.0576171875
9 0.33203125 0.6515625 0.05625 0.065625
9 0.271875 0.66484375 0.056640625 0.0673828125
9 0.609375 0.83828125 0.09296875 0.130078125
9 0.52421875 0.6765625 0.084375 0.1091796875
9 0.52109375 0.14921875 0.0453125 0.070703125
9 0.63984375 0.1453125 0.0326171875 0.040625
9 0.69609375 0.16484375 0.0513671875 0.0580078125
9 0.8734375 0.2375 0.040234375 0.0375
9 0.925 0.30546875 0.046875 0.0580078125
9 0.9609375 0.39765625 0.05625 0.0705078125
9 0.98046875 0.478125 0.0265625 0.033984375
9 0.96171875 0.54921875 0.0375 0.0455078125
9 0.5328125 0.325 0.053125 0.0841796875
9 0.56796875 0.2125 0.0513671875 0.0560546875
9 0.35078125 0.246875 0.0359375 0.0591796875
9 0.26875 0.7796875 0.071484375 0.065625
9 0.1625 0.25 0.0375 0.0625
9 0.10546875 0.35 0.0671875 0.0625
13 0.3859375 0.2875 0.0810546875 0.0689453125
13 0.271875 0.309375 0.0591796875 0.040625
9 0.89609375 0.4859375 0.084375 0.077734375
9 0.86875 0.62265625 0.1373046875 0.0875
9 0.5578125 0.95703125 0.075 0.0859375
9 0.73984375 0.9234375 0.0701171875 0.075
9 0.6265625 0.70390625 0.0876953125 0.1107421875
9 0.4671875 0.50390625 0.062109375 0.0609375
9 0.36640625 0.4484375 0.0765625 0.0841796875
9 0.4234375 0.40390625 0.083984375 0.0765625