15 0 0.5803632734375 0.0768594453125 0.742879328125 0.1300268671875 0.8196865593749999 0.1662259609375 0.8498070406249999 0.34269655 0.9582407765625 0.49289921875 0.971875 0.5651265578125 0.971875 0.684325509375 0.9492046296875 0.799710125 0.8889636671875 0.8811580875 0.8257106546875 0.909375 0.7764359187500001 0.909375 0.2064213796875 0.88794541875 0.17510824687499998 0.7883979078125 0.0937829453125 0.6458639703125 0.039566078125 0.4399816171875 0.00040945156249999994 0.31554722812499997 0.0245058359375 0.277085690625 0.0455901734375 0.1040087671875 0.20673475156249999 0.04066035 0.3121564390625 0.0067236984375 0.420590171875 0 0.578732115625 0 0.5803632734375
9 0.35546875 0.74375 0.0609375 0.090625
9 0.6234375 0.70546875 0.0376953125 0.078125
9 0.6671875 0.6921875 0.078515625 0.1533203125
9 0.53125 0.54609375 0.062109375 0.0671875
9 0.0109375 0.69375 0.021875 0.075
9 0.70390625 0.2765625 0.0890625 0.0748046875
9 0.70625 0.228125 0.050390625 0.0470703125
9 0.63984375 0.3828125 0.1048828125 0.065234375
9 0.45703125 0.334375 0.071875 0.121875
9 0.18359375 0.2859375 0.0580078125 0.0564453125
9 0.21328125 0.584375 0.05625 0.065625
9 0.15234375 0.59765625 0.0576171875 0.0671875
9 0.4890625 0.7703125 0.091015625 0.128515625
9 0.40390625 0.60859375 0.083203125 0.1078125
9 0.40078125 0.08515625 0.0453125 0.0705078125
9 0.51953125 0.08125 0.032421875 0.040625
9 0.575 0.10078125 0.0501953125 0.0580078125
9 0.7515625 0.1734375 0.0376953125 0.0375
9 0.803125 0.240625 0.046875 0.0591796875
9 0.8390625 0.33203125 0.05625 0.0705078125
9 0.85859375 0.4125 0.0265625 0.0341796875
9 0.83984375 0.48203125 0.0375 0.0455078125
9 0.4125 0.26015625 0.053125 0.0830078125
9 0.44765625 0.1484375 0.0513671875 0.053515625
9 0.23125 0.18203125 0.037109375 0.0580078125
9 0.15 0.71171875 0.069140625 0.065625
9 0.04453125 0.18515625 0.0375 0.061328125
9 0.009375 0.2828125 0.0185546875 0.0595703125
13 0.26640625 0.22265625 0.0796875 0.06875
13 0.153125 0.24375 0.058984375 0.040625
9 0.77421875 0.41953125 0.0830078125 0.0765625
9 0.746875 0.55546875 0.137109375 0.0861328125
9 0.43828125 0.89609375 0.0736328125 0.09375
9 0.61875 0.8546875 0.0689453125 0.0748046875
9 0.50625 0.63671875 0.0875 0.110546875
9 0.34765625 0.43828125 0.0609375 0.0607421875
9 0.246875 0.38203125 0.0751953125 0.0830078125
9 0.30390625 0.33828125 0.0828125 0.0765625