15 1 0.6547549734375 0.9295977015625001 0.5920969687500001 0.7983477015625 0.529865209375 0.1460419 0.529865209375 0 0.6017992796875 0 0.9658828296875 0.0186781609375 0.9783630640625001 0.058908045312500004 0.98480083125 0.375 0.9998222906249999 0.72270115 0.976217140625 0.8663793109375 0.9569038359375 1 0.9171201109375 1 0.6547549734375
13 0.1 0.646875 0.1875 0.09375
13 0.29453125 0.63203125 0.175 0.1044921875
13 0.57109375 0.62578125 0.1611328125 0.1076171875
13 0.76875 0.6578125 0.1720703125 0.091015625
13 0.65078125 0.77265625 0.2048828125 0.1044921875
13 0.5 0.71796875 0.1623046875 0.1361328125
13 0.49140625 0.83203125 0.1611328125 0.1330078125
13 0.31484375 0.959375 0.215625 0.08125
13 0.17109375 0.859375 0.2267578125 0.0998046875
13 0.09609375 0.76171875 0.1921875 0.1294921875
13 0.31484375 0.74453125 0.196875 0.1234375