15 0.6888020828125 1 0.8528645828125001 0.921875 0.9479166671874999 0.8369140625 0.9947916671874999 0.7705078125 0.9947916671874999 0.6494140625 0.7955729171875 0.58984375 0.6653645828125 0.572265625 0.3502604171875 0.55078125 0.06380208281250001 0.564453125 0.02734375 0.5703125 0.0026041671875 0.5869140625 0.0026041671875 0.9091796875 0.1861979171875 1 0.6888020828125 1
13 0.1015625 0.65703125 0.1703125 0.0859375
13 0.27734375 0.64375 0.15859375 0.09453125
13 0.528125 0.6375 0.14609375 0.09765625
13 0.70703125 0.6671875 0.15625 0.084375
13 0.6 0.771875 0.1859375 0.09453125
13 0.4640625 0.721875 0.14609375 0.125
13 0.45546875 0.82578125 0.14609375 0.121875
13 0.29765625 0.953125 0.19453125 0.09375
13 0.165625 0.85 0.20625 0.08984375
13 0.09296875 0.76171875 0.1859375 0.1171875
13 0.2953125 0.74609375 0.178125 0.1125