15 1 0.596004825 0.9743243250000001 0.578728403125 0.9364864859375001 0.5726308437500001 0.6391891890625 0.5584032 0.3121621625 0.5807609234375 0.1770270265625 0.5990536078125 0 0.6521316140625 0 0.8292929921875001 0.01891891875 0.8561674281249999 0.11756756718750001 0.9445820625 0.2270859421875 0.996875 0.8679405453125 0.996875 1 0.9313706796875 1 0.596004825
13 0.10234375 0.66953125 0.1765625 0.0890625
13 0.28515625 0.65546875 0.1640625 0.0984375
13 0.5453125 0.64921875 0.152734375 0.1015625
13 0.73125 0.6796875 0.1625 0.0875
13 0.6203125 0.78828125 0.193359375 0.0984375
13 0.47890625 0.73671875 0.1515625 0.1296875
13 0.4703125 0.84453125 0.152734375 0.1265625
13 0.30390625 0.96328125 0.2017578125 0.0734375
13 0.16875 0.8703125 0.212890625 0.09375
13 0.09453125 0.778125 0.1890625 0.121875
13 0.30390625 0.76171875 0.1857421875 0.1171875