15 1 0.526975684375 0.9856557374999999 0.5333509109375 0.9774590156249999 0.45958042031249996 0.9446721312499999 0.3694164859375 0.873975409375 0.280618671875 0.8309426234374999 0.25602850781250003 0.75717213125 0.1658645734375 0.6260245906249999 0.141274409375 0.5727459015624999 0.1112197640625 0.5092213109375 0.094826321875 0.4692622953125 0.0879957203125 0.39651639375 0.08389735937500001 0.38729508125 0.0989246828125 0.3575819671875 0.08389735937500001 0.283811475 0.0866296 0.179303278125 0.1221487265625 0.10348360625 0.21231266093749998 0.056352459375 0.23143834531250002 0 0.30903844999999996 0 0.8206264765625001 0.03586065625 0.8625858859375001 0.15881147499999998 0.9254274140625001 0.2735655734375 0.966411021875 0.429303278125 0.9746077421875 0.5870901640625 0.9691432609374999 0.7305327875 0.930891896875 0.741803278125 0.9158645734374999 0.743852459375 0.891274409375 0.6160800390625 0.7306347421875 0.47143201562500003 0.40598029062499996 0.5883558343749999 0.439731496875 0.5606316296875 0.4622323 0.74282786875 0.79974435625 0.8616803281250001 0.8926405296875 0.9200819671874999 0.9650449015625 0.9294840875 0.973321984375 0.9354508203125 0.982804465625 0.9562948671875 0.9984375 1 0.9984375 1 0.526975684375
0 0.37421875 0.64921875 0.059375 0.0861328125
0 0.3765625 0.46328125 0.083984375 0.0419921875
0 0.26171875 0.44140625 0.053125 0.04375
0 0.1625 0.534375 0.0625 0.05
0 0.1625 0.36796875 0.0654296875 0.0830078125
0 0.22578125 0.34140625 0.0642578125 0.0205078125
0 0.2984375 0.3640625 0.072265625 0.04375
0 0.22734375 0.24140625 0.0421875 0.0484375
0 0.35546875 0.19140625 0.04375 0.0578125
0 0.7453125 0.3125 0.0501953125 0.065625
0 0.67109375 0.48515625 0.076171875 0.0546875
0 0.9453125 0.6296875 0.1091796875 0.0783203125
0 0.81640625 0.64296875 0.0669921875 0.0798828125
6 0.63203125 0.36015625 0.2 0.0640625
6 0.77578125 0.475 0.1017578125 0.225390625
6 0.7015625 0.5578125 0.115625 0.066015625
6 0.28515625 0.4953125 0.1142578125 0.053515625
6 0.17578125 0.6203125 0.025 0.128515625
6 0.32890625 0.69765625 0.259375 0.0453125
6 0.4953125 0.6203125 0.0623046875 0.1408203125
6 0.415625 0.5171875 0.121875 0.059375
6 0.3921875 0.28125 0.1029296875 0.1125
6 0.08203125 0.35078125 0.1203125 0.1955078125
6 0.52734375 0.26328125 0.109375 0.065625
16 0.25 0.17265625 0.1564453125 0.0857421875
16 0.065625 0.57265625 0.13125 0.2107421875