15 1 0.505897671875 0.953125 0.5267310046875 0.9453125 0.4564185046875 0.9140625 0.3704810046875 0.8466796875 0.2858455890625 0.8056640625 0.2624080890625 0.7353515625 0.1764705890625 0.6103515625 0.1530330890625 0.5595703125 0.1243872546875 0.4990234375 0.1087622546875 0.4609375 0.10225183906249999 0.3916015625 0.0983455890625 0.3828125 0.1126685046875 0.3544921875 0.0983455890625 0.2841796875 0.1009497546875 0.1845703125 0.134803921875 0.1123046875 0.22074142187499998 0.0673828125 0.23897058906250002 0.0078125 0.3210018390625 0 0.334022671875 0 0.7845435046875 0.0478515625 0.8405330890625 0.1650390625 0.9004289218749999 0.2744140625 0.9394914218749999 0.4228515625 0.9473039218749999 0.5732421875 0.9420955890625 0.7099609375 0.9056372546875 0.720703125 0.8913143390625 0.72265625 0.8678768390625 0.6008731625 0.71476715625 0.46300551562500003 0.4053308828125 0.5744485296875 0.4375 0.548023896875 0.458946078125 0.7216796875 0.7806372546875 0.8349609375 0.8691789218749999 0.890625 0.9381893390625 0.899586396875 0.9460784328124999 0.9052734375 0.9551164218749999 0.9365234375 0.9785539218749999 0.9599609375 0.9785539218749999 1 0.9407935046875 1 0.505897671875
0 0.3703125 0.6375 0.05625 0.0828125
0 0.37265625 0.459375 0.07890625 0.03984375
0 0.26328125 0.4390625 0.05078125 0.04140625
0 0.16875 0.528125 0.059375 0.04765625
0 0.16875 0.36953125 0.06171875 0.0796875
0 0.22890625 0.34375 0.06171875 0.01953125
0 0.2984375 0.365625 0.0703125 0.04140625
0 0.23046875 0.2484375 0.03984375 0.04609375
0 0.35234375 0.20078125 0.04140625 0.05546875
0 0.7234375 0.31640625 0.0484375 0.0625
0 0.653125 0.48125 0.07265625 0.05234375
0 0.915625 0.6203125 0.103125 0.0765625
0 0.7921875 0.63125 0.06328125 0.0765625
6 0.615625 0.36171875 0.190625 0.0609375
6 0.753125 0.47109375 0.09765625 0.215625
6 0.6828125 0.55 0.11015625 0.0640625
6 0.28515625 0.48984375 0.109375 0.05234375
6 0.18125 0.609375 0.02421875 0.12265625
6 0.3265625 0.68359375 0.246875 0.04296875
6 0.48515625 0.609375 0.05859375 0.13515625
6 0.409375 0.5109375 0.11640625 0.05703125
6 0.3875 0.28671875 0.09765625 0.10703125
6 0.0921875 0.35234375 0.11484375 0.18671875
6 0.51640625 0.26875 0.1046875 0.0625
16 0.2515625 0.1828125 0.14921875 0.08125
16 0.075 0.565625 0.1296875 0.20078125