15 1 0.527941884375 0.9761904765624999 0.5385391875 0.9675324671875 0.46050450625000006 0.9329004328125 0.3651287828125 0.8582251078124999 0.271198146875 0.8127705625000001 0.24518658750000002 0.7348484843749999 0.1498108640625 0.596320346875 0.12379930312500001 0.540043290625 0.09200739687500001 0.4729437234375 0.07466635625 0.43073593125 0.067440921875 0.353896103125 0.0631056625 0.34415584374999997 0.079001615625 0.3127705625 0.0631056625 0.234848484375 0.0659958359375 0.124458875 0.1035680890625 0.04437229375 0.19894381249999998 0 0.21697597968750001 0 0.9006538328125 0.102813853125 0.953279071875 0.2240259734375 0.9966316734375 0.2879318265625 1 0.5414080593749999 1 0.5551948046875 0.999521846875 0.70670995625 0.9590594187500001 0.7186147187499999 0.9431634656250001 0.7207792203125 0.9171519046875 0.5858161453124999 0.7472267078125 0.4330277578125 0.4038061046875 0.556531703125 0.4395082453125 0.5272472625 0.4633096734375 0.7196969703125 0.8203310953124999 0.8452380953124999 0.9185969921874999 0.90692640625 0.9951865874999999 0.9123861812499999 1 1 1 1 0.527941884375
0 0.33046875 0.6609375 0.0625 0.0908203125
0 0.3328125 0.4640625 0.0875 0.0439453125
0 0.21171875 0.440625 0.05625 0.0466796875
0 0.10703125 0.5390625 0.066796875 0.052734375
0 0.10703125 0.36328125 0.06875 0.0888671875
0 0.1734375 0.33515625 0.06875 0.021875
0 0.25 0.359375 0.077734375 0.046484375
0 0.175 0.22890625 0.0439453125 0.0513671875
0 0.3109375 0.1765625 0.0466796875 0.059765625
0 0.721875 0.3046875 0.053125 0.0689453125
0 0.64375 0.4875 0.0810546875 0.056640625
0 0.934375 0.6421875 0.1154296875 0.0845703125
0 0.79765625 0.65390625 0.0703125 0.085546875
6 0.60234375 0.3546875 0.2111328125 0.0685546875
6 0.7546875 0.4765625 0.108984375 0.240234375
6 0.6765625 0.5640625 0.121875 0.0716796875
6 0.2359375 0.49765625 0.121484375 0.0578125
6 0.1203125 0.63046875 0.027734375 0.1359375
6 0.28203125 0.71171875 0.2734375 0.048046875
6 0.4578125 0.63046875 0.0654296875 0.1486328125
6 0.37421875 0.52109375 0.1294921875 0.0625
6 0.35 0.271875 0.1091796875 0.11875
6 0.0421875 0.34375 0.084375 0.20703125
6 0.4921875 0.25234375 0.115625 0.0701171875
16 0.1984375 0.15703125 0.165625 0.089453125
16 0.03671875 0.5796875 0.0734375 0.2220703125