15 0.7392639609375 1 0.8016947562500001 0.96751268125 0.7997262546874999 0.949188071875 0.7820097203125 0.9203922625000001 0.7888994828125 0.89028755 0.8007105062500001 0.8876697484375 0.8361435765625 0.9269367624999999 0.8518916093750001 0.932172365625 0.9217734984374999 0.823533621875 0.9375215296875 0.7816488046875001 0.9532695609375 0.697879171875 0.9578125 0.5951754609375 0.9578125 0.557981603125 0.9217734984374999 0.3889786484375 0.8715766484374999 0.3143713171875 0.840080584375 0.2829577046875 0.8026790109374999 0.2672508984375 0.7160648390625 0.19657027031250002 0.6432301921875 0.1651566578125 0.521182946875 0.136360846875 0.50641916875 0.1717011609375 0.4955923953125 0.14159644843750002 0.4660648390625 0.13897864843750002 0.39323019062500003 0.1468320515625 0.324332553125 0.1756278625 0.2790569609375 0.2096592765625 0.277088459375 0.22013047968750002 0.251497909375 0.22013047968750002 0.18653727656250002 0.28819330781249997 0.114686884375 0.39159644843749997 0.07925381249999999 0.47798388281250004 0.065474284375 0.538193309375 0.0615372765625 0.621962940625 0.071379796875 0.703114775 0.09697034843749999 0.7921200093749999 0.112718378125 0.8104446171875 0.112718378125 0.841858228125 0.1747262546875 0.9295545640625 0.2396868859375 0.9949995921875001 0.5542861578125 1 0.7392639609375 1
6 0.20078125 0.43046875 0.1080078125 0.0794921875
13 0.12890625 0.484375 0.059375 0.10625
12 0.76015625 0.49765625 0.0484375 0.048828125
12 0.37734375 0.46640625 0.0578125 0.0486328125
12 0.4890625 0.890625 0.0685546875 0.1466796875
12 0.603125 0.69609375 0.103125 0.0921875
12 0.46875 0.64765625 0.121875 0.0357421875
6 0.26640625 0.6078125 0.1048828125 0.0875
6 0.41015625 0.53671875 0.0359375 0.054296875
6 0.37734375 0.80625 0.04375 0.0626953125
13 0.20078125 0.7703125 0.104296875 0.11015625
13 0.140625 0.62265625 0.084375 0.09375
1 0.8921875 0.64609375 0.0466796875 0.0638671875
13 0.209375 0.3328125 0.08828125 0.09140625
1 0.82421875 0.5640625 0.034375 0.0408203125
1 0.89375 0.55859375 0.025390625 0.0423828125
1 0.6671875 0.721875 0.065625 0.087109375
1 0.70859375 0.828125 0.0423828125 0.0591796875
1 0.43359375 0.78671875 0.0484375 0.0705078125
1 0.396875 0.9625 0.0501953125 0.0623046875
1 0.53828125 0.9609375 0.0359375 0.0654296875
1 0.36171875 0.75703125 0.0361328125 0.0638671875
1 0.40625 0.6953125 0.034375 0.0658203125
1 0.19140625 0.6078125 0.0390625 0.0408203125
1 0.21171875 0.7296875 0.040625 0.0466796875
1 0.225 0.52265625 0.0314453125 0.0294921875
1 0.20703125 0.4796875 0.040625 0.0376953125
1 0.21953125 0.39140625 0.028125 0.0361328125
1 0.20859375 0.340625 0.0330078125 0.0466796875
1 0.28046875 0.25546875 0.0359375 0.0361328125
1 0.2984375 0.30390625 0.028125 0.038671875
1 0.36875 0.31328125 0.034375 0.0388671875
1 0.38203125 0.34609375 0.028125 0.036328125
1 0.44140625 0.315625 0.042578125 0.030859375
1 0.40859375 0.26484375 0.0265625 0.033203125
1 0.43984375 0.25234375 0.0236328125 0.025
13 0.6546875 0.21015625 0.0748046875 0.0701171875
13 0.76328125 0.2859375 0.075 0.0875
13 0.82890625 0.4046875 0.08125 0.103515625
13 0.88203125 0.55703125 0.083203125 0.09375
13 0.809375 0.72265625 0.1001953125 0.103125
13 0.82421875 0.61171875 0.096875 0.0953125
13 0.60078125 0.79140625 0.113671875 0.0984375
13 0.71015625 0.87421875 0.092578125 0.136328125
13 0.33984375 0.2390625 0.0830078125 0.0810546875
13 0.4203125 0.19765625 0.065625 0.0732421875
13 0.54609375 0.19140625 0.0607421875 0.0763671875
13 0.4171875 0.8875 0.0876953125 0.1498046875
1 0.34609375 0.49375 0.0330078125 0.0564453125
1 0.60078125 0.3890625 0.041796875 0.053515625
1 0.59609375 0.309375 0.021875 0.0529296875
1 0.6546875 0.2703125 0.025390625 0.02734375
1 0.6390625 0.2078125 0.0310546875 0.0623046875
1 0.6078125 0.19453125 0.016015625 0.0326171875
1 0.725 0.384375 0.0283203125 0.0408203125
1 0.41328125 0.5109375 0.0359375 0.025
1 0.38359375 0.5625 0.0484375 0.050390625
1 0.5203125 0.546875 0.022265625 0.0498046875
1 0.503125 0.4609375 0.016015625 0.02109375
1 0.55859375 0.47890625 0.0263671875 0.025
1 0.45390625 0.36484375 0.03125 0.0423828125
1 0.7171875 0.63828125 0.0529296875 0.0732421875
1 0.64296875 0.6015625 0.0517578125 0.0376953125
1 0.66953125 0.553125 0.0453125 0.0373046875
1 0.225 0.5875 0.0341796875 0.0439453125
9 0.628125 0.4484375 0.056640625 0.0623046875
9 0.54453125 0.29375 0.0423828125 0.0466796875
9 0.790625 0.8703125 0.084375 0.116015625
9 0.6328125 0.88125 0.0841796875 0.11875
9 0.3546875 0.6359375 0.059375 0.083984375
9 0.4765625 0.69375 0.0783203125 0.0564453125
9 0.43984375 0.48125 0.0546875 0.0689453125
9 0.30546875 0.428125 0.0455078125 0.0435546875
9 0.32890625 0.33984375 0.0640625 0.0576171875
9 0.49765625 0.32734375 0.064453125 0.069921875
9 0.4671875 0.19140625 0.053125 0.0234375
9 0.56640625 0.1875 0.0576171875 0.0748046875
9 0.38125 0.20078125 0.056640625 0.048046875
9 0.17109375 0.39140625 0.0765625 0.0828125
9 0.140625 0.609375 0.030859375 0.053515625
9 0.27109375 0.86953125 0.0703125 0.1
9 0.3125 0.8046875 0.041015625 0.053515625
9 0.87421875 0.725 0.0703125 0.0623046875
9 0.84140625 0.5 0.0625 0.0689453125
9 0.52890625 0.40546875 0.0703125 0.090625
9 0.38671875 0.45703125 0.05 0.0486328125
9 0.39921875 0.37890625 0.03125 0.0392578125
9 0.24765625 0.4515625 0.059375 0.0654296875
9 0.64453125 0.5203125 0.0361328125 0.0373046875
9 0.68828125 0.36796875 0.0513671875 0.0767578125
6 0.27890625 0.7015625 0.0984375 0.121875
6 0.76015625 0.44296875 0.0736328125 0.08125
6 0.87890625 0.459375 0.042578125 0.02421875
6 0.58984375 0.53671875 0.0330078125 0.0265625
6 0.6234375 0.5671875 0.046484375 0.0376953125
6 0.57265625 0.57421875 0.0361328125 0.0705078125
6 0.5125 0.62109375 0.034375 0.0265625
6 0.5484375 0.63984375 0.0310546875 0.0265625
6 0.4171875 0.40625 0.09375 0.025
6 0.490625 0.25 0.04375 0.0408203125
6 0.546875 0.25625 0.03671875 0.034765625
6 0.6421875 0.3 0.0595703125 0.0498046875
6 0.5203125 0.90625 0.077734375 0.0314453125
6 0.525 0.85703125 0.028515625 0.073046875
6 0.5734375 0.88125 0.0470703125 0.0595703125
6 0.63828125 0.8046875 0.0517578125 0.0470703125