15 0.298828125 0.75390625 0.3759765625 0.8411458328125001 0.4423828125 0.8802083328125001 0.5029296875 0.8958333328125001 0.5751953125 0.9088541671874999 0.6201171875 0.90625 0.7255859375 0.8723958328125001 0.7802734375 0.8385416671874999 0.849609375 0.7721354171875 0.896484375 0.6497395828125 0.89453125 0.5716145828125 0.880859375 0.49609375 0.8359375 0.3971354171875 0.7861328125 0.3333333328125 0.7255859375 0.28125 0.6611328125 0.2421875 0.5849609375 0.21875 0.5029296875 0.22395833281250002 0.4384765625 0.24479166718749998 0.3857421875 0.2760416671875 0.3076171875 0.34375 0.2734375 0.38671875 0.2265625 0.4934895828125 0.224609375 0.56640625 0.234375 0.6263020828125 0.267578125 0.7044270828125 0.298828125 0.75390625
2 0.46953125 0.41953125 0.0828125 0.0734375
2 0.353125 0.48515625 0.10390625 0.0703125
2 0.36953125 0.58828125 0.11640625 0.0859375
2 0.43671875 0.67578125 0.065625 0.0984375
2 0.55625 0.72734375 0.11875 0.1390625
2 0.54296875 0.6 0.12109375 0.0921875
2 0.4546875 0.51328125 0.071875 0.084375
2 0.38203125 0.40625 0.08046875 0.08203125
2 0.42734375 0.34375 0.05625 0.0796875
2 0.515625 0.31796875 0.0609375 0.09296875
2 0.61328125 0.328125 0.0703125 0.090625
2 0.571875 0.409375 0.10546875 0.071875
2 0.56015625 0.4984375 0.09375 0.06640625
2 0.65078125 0.46875 0.05078125 0.05078125
2 0.72109375 0.36796875 0.075 0.04921875
2 0.753125 0.4640625 0.08359375 0.05078125
2 0.79375 0.59140625 0.11640625 0.11796875
2 0.71875 0.7046875 0.1125 0.1015625
2 0.67265625 0.5703125 0.07578125 0.10234375