15 0.29748410937499997 0.35904616875 0.2434586859375 0.4282552078125 0.19472987343749998 0.5355998421875 0.1798993640625 0.617520746875 0.178125 0.68849531875 0.178125 0.7031654609375 0.228628178125 0.8350348703125 0.3038400421875 0.9070687671875 0.3631620765625 0.94379193125 0.47756885625 0.9805150953125 0.5171991 0.9828125 0.5292250328125 0.9828125 0.6046875 0.9692156593749999 0.670365465625 0.952266509375 0.7423993640625 0.9098936265625 0.8260858046875 0.8152608593749999 0.8599841093749999 0.7615885421875 0.8960010593750001 0.6768427781249999 0.90625 0.613982609375 0.90625 0.599017915625 0.9044756359375 0.5327749828125 0.853628178125 0.41695577500000003 0.81655190625 0.370345603125 0.73180614375 0.296899275 0.6746027546875 0.263000971875 0.6046875 0.24040210156250003 0.5157044484375 0.2347523828125 0.4330773296875 0.26017611406249996 0.3631620765625 0.3025489953125 0.29748410937499997 0.35904616875
2 0.44375 0.4515625 0.090234375 0.07890625
2 0.3171875 0.5234375 0.1125 0.077734375
2 0.33515625 0.63515625 0.1265625 0.09375
2 0.4078125 0.73046875 0.0716796875 0.1076171875
2 0.5375 0.7859375 0.1283203125 0.1501953125
2 0.5234375 0.64765625 0.1314453125 0.1
2 0.42734375 0.55390625 0.078125 0.0919921875
2 0.34921875 0.4375 0.0875 0.087890625
2 0.39765625 0.3703125 0.0609375 0.0873046875
2 0.49375 0.3421875 0.0658203125 0.1001953125
2 0.59921875 0.353125 0.0765625 0.099609375
2 0.5546875 0.44140625 0.115234375 0.078125
2 0.54140625 0.5375 0.1015625 0.071875
2 0.640625 0.50546875 0.0560546875 0.0548828125
2 0.7171875 0.39609375 0.08125 0.053125
2 0.7515625 0.50078125 0.090625 0.0548828125
2 0.7953125 0.63828125 0.125390625 0.128125
2 0.7140625 0.76171875 0.121875 0.110546875
2 0.6640625 0.615625 0.0814453125 0.112109375