15 0.3711841421875 0.27252747187500004 0.2885395140625 0.34395604375 0.2523824890625 0.3892857140625 0.2027957125 0.5019230765625 0.20072959687499997 0.578846153125 0.211060175 0.6420329671875 0.2461841421875 0.7244505484375 0.27924199375000003 0.7766483515625 0.3608535640625 0.86868131875 0.43110149687500005 0.9098901093749999 0.49515108437500005 0.9263736265625001 0.5657683437500001 0.9390625 0.5897146078125 0.9390625 0.6191180265625 0.9373626375 0.730688275 0.9016483515625 0.7885395140625 0.8659340656250001 0.861886621875 0.7958791203125 0.9109375 0.6681536875 0.9109375 0.6453811921875 0.9094072828125 0.584340659375 0.8949444734374999 0.5046703296875 0.8474238125 0.40027472499999994 0.7947378609375 0.3329670328125 0.730688275 0.278021978125 0.66250645625 0.2368131859375 0.58192794375 0.2120879109375 0.49515108437500005 0.2175824171875 0.4269692671875 0.2395604390625 0.3711841421875 0.27252747187500004
2 0.459375 0.42265625 0.0875 0.0767578125
2 0.3359375 0.4921875 0.1095703125 0.0748046875
2 0.35390625 0.6015625 0.1234375 0.090625
2 0.42421875 0.69375 0.069921875 0.103515625
2 0.5515625 0.7484375 0.125390625 0.146875
2 0.53671875 0.61328125 0.128125 0.096875
2 0.44375 0.52265625 0.075390625 0.0890625
2 0.3671875 0.409375 0.084765625 0.087109375
2 0.41484375 0.34375 0.059375 0.084375
2 0.50859375 0.31640625 0.0640625 0.0984375
2 0.61171875 0.3265625 0.073828125 0.096484375
2 0.56796875 0.4125 0.1111328125 0.0751953125
2 0.55546875 0.50625 0.0986328125 0.069140625
2 0.6515625 0.475 0.0533203125 0.0533203125
2 0.72578125 0.36875 0.0796875 0.0529296875
2 0.759375 0.4703125 0.0876953125 0.0533203125
2 0.803125 0.6046875 0.1220703125 0.125
2 0.7234375 0.72421875 0.11875 0.1076171875
2 0.675 0.5828125 0.0810546875 0.1091796875