15 0.1708984375 0.9270833328125001 0.1865234375 0.921875 0.2216796875 0.8828125 0.2333984375 0.8854166671874999 0.240234375 0.9153645828125001 0.22265625 0.9440104171874999 0.220703125 0.9622395828125001 0.2880859375 0.9973958328125001 0.7783203125 0.9895833328125001 0.8427734375 0.9244791671874999 0.904296875 0.8372395828125001 0.904296875 0.8059895828125001 0.919921875 0.7877604171875 0.9453125 0.69921875 0.955078125 0.6184895828125 0.951171875 0.53515625 0.9375 0.4752604171875 0.90234375 0.3893229171875 0.8310546875 0.2864583328125 0.7666015625 0.21875 0.7412109375 0.21875 0.7392578125 0.20833333281250002 0.6943359375 0.1744791671875 0.6259765625 0.1458333328125 0.5537109375 0.1380208328125 0.5244140625 0.140625 0.513671875 0.1705729171875 0.4990234375 0.1354166671875 0.3779296875 0.1640625 0.3056640625 0.1953125 0.2197265625 0.265625 0.1826171875 0.28125 0.1513671875 0.3125 0.1015625 0.38671875 0.064453125 0.5611979171875 0.0703125 0.6940104171875 0.0859375 0.77734375 0.1015625 0.8190104171874999 0.1708984375 0.9270833328125001
6 0.203125 0.428125 0.1078125 0.078125
13 0.13125 0.48203125 0.05859375 0.10546875
12 0.75859375 0.49453125 0.0484375 0.04921875
12 0.378125 0.4640625 0.0578125 0.04921875
12 0.4890625 0.8859375 0.06796875 0.1453125
12 0.60234375 0.6921875 0.10234375 0.0921875
12 0.46953125 0.64375 0.1203125 0.03515625
6 0.26796875 0.6046875 0.1046875 0.0875
6 0.4109375 0.53359375 0.0359375 0.05390625
6 0.378125 0.8015625 0.04375 0.0625
13 0.203125 0.765625 0.103125 0.11015625
13 0.14296875 0.61953125 0.08359375 0.09375
1 0.8890625 0.64296875 0.04609375 0.0625
13 0.21171875 0.33125 0.08828125 0.0921875
1 0.82109375 0.56171875 0.034375 0.04140625
1 0.890625 0.55625 0.0265625 0.04296875
1 0.665625 0.71875 0.065625 0.0859375
1 0.70703125 0.82421875 0.0421875 0.05859375
1 0.434375 0.7828125 0.0484375 0.0703125
1 0.39765625 0.9578125 0.05078125 0.0609375
1 0.53828125 0.95625 0.0359375 0.0640625
1 0.36328125 0.753125 0.03671875 0.0625
1 0.40703125 0.69140625 0.034375 0.065625
1 0.19453125 0.6046875 0.0390625 0.04140625
1 0.2140625 0.72578125 0.03984375 0.04609375
1 0.22734375 0.5203125 0.03203125 0.02890625
1 0.209375 0.47734375 0.03984375 0.03828125
1 0.221875 0.3890625 0.02734375 0.03671875
1 0.2109375 0.33828125 0.03359375 0.04609375
1 0.28203125 0.2546875 0.0359375 0.03671875
1 0.3 0.30234375 0.02734375 0.03828125
1 0.3703125 0.31171875 0.034375 0.03828125
1 0.3828125 0.34453125 0.02734375 0.03671875
1 0.44140625 0.3140625 0.0421875 0.03046875
1 0.409375 0.26328125 0.0265625 0.03359375
1 0.440625 0.2515625 0.02421875 0.02421875
13 0.65390625 0.209375 0.0734375 0.06875
13 0.7609375 0.284375 0.075 0.0875
13 0.82578125 0.403125 0.08046875 0.10390625
13 0.87890625 0.55390625 0.0828125 0.09375
13 0.80703125 0.71953125 0.1 0.10234375
13 0.82109375 0.6078125 0.096875 0.0953125
13 0.6 0.7875 0.1125 0.09765625
13 0.70859375 0.86953125 0.0921875 0.13671875
13 0.34140625 0.2375 0.0828125 0.0796875
13 0.42109375 0.196875 0.065625 0.071875
13 0.54609375 0.190625 0.059375 0.075
13 0.41796875 0.8828125 0.0875 0.1484375
1 0.34765625 0.490625 0.03359375 0.05703125
1 0.6 0.38671875 0.04140625 0.05390625
1 0.5953125 0.3078125 0.021875 0.05234375
1 0.65390625 0.26875 0.025 0.02578125
1 0.6375 0.20703125 0.0296875 0.0609375
1 0.60703125 0.19375 0.0171875 0.03203125
1 0.7234375 0.38203125 0.02890625 0.04140625
1 0.4140625 0.50859375 0.0359375 0.02421875
1 0.38515625 0.56015625 0.0484375 0.05078125
1 0.5203125 0.54375 0.02265625 0.04921875
1 0.503125 0.45859375 0.01640625 0.01953125
1 0.55859375 0.4765625 0.025 0.02421875
1 0.4546875 0.36328125 0.03125 0.04296875
1 0.71484375 0.63515625 0.0515625 0.071875
1 0.64140625 0.5984375 0.0515625 0.03828125
1 0.66796875 0.55 0.04453125 0.03671875
1 0.2265625 0.584375 0.03359375 0.04453125
9 0.62734375 0.44609375 0.0578125 0.0609375
9 0.54375 0.2921875 0.0421875 0.04609375
9 0.7890625 0.865625 0.08359375 0.11640625
9 0.63203125 0.87734375 0.0828125 0.11796875
9 0.35546875 0.6328125 0.05859375 0.0828125
9 0.4765625 0.68984375 0.078125 0.05703125
9 0.440625 0.47890625 0.05390625 0.06875
9 0.30703125 0.42578125 0.04609375 0.04296875
9 0.33046875 0.3375 0.06328125 0.05703125
9 0.49765625 0.32578125 0.0640625 0.06875
9 0.46796875 0.190625 0.053125 0.02265625
9 0.565625 0.18671875 0.05625 0.0734375
9 0.38203125 0.2 0.05625 0.04765625
9 0.1734375 0.3890625 0.07578125 0.0828125
9 0.14375 0.60625 0.0296875 0.05390625
9 0.27265625 0.86484375 0.0703125 0.09921875
9 0.31328125 0.80078125 0.04140625 0.05390625
9 0.87109375 0.721875 0.0703125 0.0609375
9 0.8390625 0.496875 0.06171875 0.06875
9 0.52890625 0.40390625 0.0703125 0.090625
9 0.3875 0.4546875 0.04921875 0.04921875
9 0.4 0.3765625 0.03125 0.03984375
9 0.25 0.4484375 0.05859375 0.0640625
9 0.64375 0.51796875 0.03671875 0.03671875
9 0.68671875 0.36640625 0.05078125 0.0765625
6 0.28125 0.69765625 0.09765625 0.12109375
6 0.75859375 0.440625 0.0734375 0.08125
6 0.87578125 0.45703125 0.0421875 0.02265625
6 0.5890625 0.53359375 0.03359375 0.02578125
6 0.621875 0.56484375 0.04453125 0.03828125
6 0.571875 0.57109375 0.03671875 0.0703125
6 0.5125 0.61796875 0.034375 0.02578125
6 0.54765625 0.63671875 0.0296875 0.02578125
6 0.41796875 0.4046875 0.09296875 0.02421875
6 0.490625 0.24921875 0.04375 0.04140625
6 0.54609375 0.2546875 0.0359375 0.03515625
6 0.64140625 0.2984375 0.059375 0.04921875
6 0.5203125 0.9015625 0.07578125 0.03203125
6 0.52421875 0.85234375 0.02890625 0.071875
6 0.57265625 0.87734375 0.046875 0.059375
6 0.63671875 0.80078125 0.0515625 0.04765625