15 0.8238212421875 0.0663373171875 0.764716984375 0.0354549640625 0.1949666171875 0.0354549640625 0.12227939218749999 0.108984375 0.052896132812499996 0.2075137875 0.052896132812499996 0.24280790468750002 0.0352749875 0.263396140625 0.026464414062500004 0.2941653703125 0.026464414062500004 0.6432981015625 0.055098775 0.7133961390625 0.1354952515625 0.8295726109375 0.208182475 0.9060432 0.23681683750000002 0.9060432 0.23901947968749998 0.9178079046875001 0.2896802734375 0.9560432000000001 0.366772784375 0.988396140625 0.4450870765625 0.996875 0.4521424109375 0.996875 0.4813102296875 0.9942784921875001 0.4934247671875 0.9604549640625001 0.5085774984375 0.996875 0.523814359375 0.996875 0.6465084671875 0.9678079046875 0.7280062640625 0.9325137874999999 0.8249225640625 0.8531020234375 0.866772784375 0.8354549640625001 0.9020150750000001 0.800160846875 0.9581824749999999 0.7163373171874999 0.996875 0.5341470359375 0.996875 0.4475987953125 0.9934247671875 0.36927849375 0.975803621875 0.27516084687500003 0.9581824749999999 0.22810202343750002 0.87998864375 0.1060432 0.8623674984375 0.11192555156249999 0.8227199203125 0.1560432 0.8095040609374999 0.15310202343749998 0.8017948109375 0.11927849374999999 0.8216185984375001 0.08692555156250001 0.8238212421875 0.0663373171875
6 0.1828125 0.365625 0.121875 0.0876953125
13 0.10234375 0.4265625 0.066796875 0.119140625
12 0.80859375 0.44140625 0.0546875 0.0548828125
12 0.3796875 0.40625 0.0654296875 0.0560546875
12 0.5046875 0.88359375 0.077734375 0.1640625
12 0.63359375 0.6640625 0.115625 0.1033203125
12 0.4828125 0.61015625 0.134765625 0.0392578125
6 0.25625 0.56484375 0.1185546875 0.0984375
6 0.4171875 0.48515625 0.040234375 0.0609375
6 0.3796875 0.78828125 0.0498046875 0.0705078125
13 0.1828125 0.74765625 0.116015625 0.123828125
13 0.11484375 0.58203125 0.094921875 0.105078125
1 0.95625 0.6078125 0.050390625 0.0716796875
13 0.19296875 0.25625 0.1 0.1033203125
1 0.88046875 0.51640625 0.0390625 0.046875
1 0.95859375 0.51015625 0.0296875 0.0484375
1 0.7046875 0.69375 0.0748046875 0.096875
1 0.7515625 0.81328125 0.0470703125 0.065625
1 0.44375 0.76640625 0.055859375 0.0796875
1 0.40234375 0.9640625 0.0576171875 0.0689453125
1 0.5609375 0.96171875 0.0404296875 0.0732421875
1 0.36328125 0.7328125 0.0419921875 0.0716796875
1 0.4125 0.66328125 0.037890625 0.0736328125
1 0.17265625 0.56484375 0.04375 0.046875
1 0.1953125 0.70234375 0.046484375 0.0515625
1 0.21015625 0.46953125 0.0359375 0.0328125
1 0.18984375 0.42109375 0.0453125 0.0423828125
1 0.20390625 0.321875 0.03125 0.041015625
1 0.19140625 0.26484375 0.0375 0.0515625
1 0.271875 0.16953125 0.0404296875 0.0419921875
1 0.2921875 0.22421875 0.03125 0.0423828125
1 0.37109375 0.234375 0.0390625 0.0435546875
1 0.38515625 0.271875 0.03125 0.0408203125
1 0.4515625 0.23671875 0.047265625 0.034375
1 0.415625 0.1796875 0.030859375 0.0376953125
1 0.45078125 0.16640625 0.0267578125 0.0267578125
13 0.690625 0.11875 0.081640625 0.078125
13 0.8125 0.203125 0.084375 0.09921875
13 0.88515625 0.3375 0.090625 0.1185546875
13 0.9453125 0.5078125 0.0935546875 0.1060546875
13 0.8640625 0.69453125 0.1125 0.115625
13 0.88046875 0.56953125 0.1080078125 0.1076171875
13 0.63046875 0.771875 0.126953125 0.11171875
13 0.753125 0.8640625 0.1033203125 0.1533203125
13 0.33828125 0.15078125 0.0923828125 0.0892578125
13 0.42890625 0.1046875 0.0736328125 0.08125
13 0.56953125 0.09765625 0.0671875 0.084375
13 0.425 0.8796875 0.099609375 0.1685546875
1 0.3453125 0.43671875 0.0375 0.0640625
1 0.63046875 0.31953125 0.046875 0.0609375
1 0.62578125 0.23046875 0.025 0.0580078125
1 0.690625 0.1859375 0.028125 0.028515625
1 0.67265625 0.115625 0.033203125 0.069140625
1 0.63828125 0.1015625 0.0201171875 0.034765625
1 0.76953125 0.3140625 0.0326171875 0.046875
1 0.42109375 0.45703125 0.039453125 0.026953125
1 0.3875 0.51484375 0.055859375 0.0576171875
1 0.540625 0.496875 0.025390625 0.055859375
1 0.52109375 0.40078125 0.0173828125 0.0232421875
1 0.58359375 0.4203125 0.028125 0.0279296875
1 0.46640625 0.2921875 0.035546875 0.04765625
1 0.76015625 0.59921875 0.0580078125 0.08125
1 0.67734375 0.5578125 0.0580078125 0.0435546875
1 0.70703125 0.503125 0.0513671875 0.0408203125
1 0.209375 0.5421875 0.0375 0.05
9 0.6609375 0.3859375 0.065234375 0.069140625
9 0.5671875 0.2125 0.0470703125 0.050390625
9 0.84296875 0.86015625 0.0951171875 0.13125
9 0.66640625 0.87265625 0.092578125 0.133203125
9 0.3546875 0.596875 0.0658203125 0.09375
9 0.49140625 0.66171875 0.0888671875 0.0640625
9 0.45078125 0.42265625 0.0609375 0.078125
9 0.3 0.36328125 0.050390625 0.0484375
9 0.3265625 0.2640625 0.0716796875 0.065234375
9 0.51484375 0.25 0.073046875 0.078125
9 0.48125 0.09765625 0.059375 0.0263671875
9 0.5921875 0.09375 0.062890625 0.08203125
9 0.384375 0.1078125 0.0626953125 0.0533203125
9 0.14921875 0.321875 0.0857421875 0.09375
9 0.115625 0.56640625 0.0341796875 0.0609375
9 0.26171875 0.859375 0.0794921875 0.1125
9 0.3078125 0.7859375 0.046875 0.06015625
9 0.93671875 0.696875 0.0794921875 0.0689453125
9 0.89921875 0.44375 0.0703125 0.078125
9 0.55078125 0.33828125 0.0794921875 0.1017578125
9 0.39140625 0.39609375 0.0548828125 0.0548828125
9 0.40546875 0.3078125 0.0357421875 0.046484375
9 0.2359375 0.3890625 0.0658203125 0.0720703125
9 0.6796875 0.4671875 0.0408203125 0.0408203125
9 0.72890625 0.29609375 0.0576171875 0.0861328125
6 0.2703125 0.6703125 0.1095703125 0.1373046875
6 0.80859375 0.3796875 0.0828125 0.0908203125
6 0.94140625 0.3984375 0.0482421875 0.0251953125
6 0.61796875 0.48515625 0.0375 0.0296875
6 0.65546875 0.51953125 0.0513671875 0.0423828125
6 0.59921875 0.52734375 0.0419921875 0.0796875
6 0.53125 0.58046875 0.03828125 0.0296875
6 0.571875 0.6015625 0.033984375 0.02890625
6 0.425 0.3390625 0.10546875 0.027734375
6 0.50703125 0.16328125 0.0486328125 0.046875
6 0.56953125 0.1703125 0.039453125 0.040234375
6 0.6765625 0.21953125 0.066015625 0.0548828125
6 0.540625 0.90078125 0.0845703125 0.0359375
6 0.5453125 0.8453125 0.031640625 0.08125
6 0.6 0.87265625 0.053125 0.0671875
6 0.671875 0.7859375 0.0591796875 0.0533203125