15 0.043143665625 0.42825088281249996 0.045746796875 0.520718096875 0.06722296250000001 0.587887659375 0.07893724375 0.6262702953125 0.11668321718750001 0.671631615625 0.1427149109375 0.70826968125 0.1967305921875 0.7649712828124999 0.242936884375 0.8199280468750001 0.304111321875 0.8556937250000001 0.404984128125 0.9123953265625 0.48503160312500004 0.9350760203125 0.58330128125 0.9603736046875 0.6503329078125 0.95426730625 0.7648722953125 0.9211186515625001 0.8182373421875001 0.87837441875 0.866395934375 0.8277791171875 0.8982847171874999 0.7562479578125 0.914554525 0.7012908609374999 0.9308243328125 0.6402276 0.9366814234374999 0.5843983828125 0.9366814234374999 0.515484115625 0.9347291249999999 0.40295322968749997 0.9269195390625 0.3410176484375 0.89958638125 0.25727375625 0.8696498953124999 0.2031891125 0.8234436015625001 0.154338515625 0.7668246921875 0.1203175390625 0.714110475 0.0976369140625 0.6425233203125 0.064488290625 0.5637775125 0.0357013296875 0.49544431875 0.014765340625000001 0.43557144687499993 0.0051696984375 0.3880635875 0.0217440609375 0.33534937343750004 0.04180763125 0.2644130515625 0.0636159390625 0.2110481015625 0.0906582625 0.1674449375 0.12991321718749999 0.1544290921875 0.13950892343750002 0.1401116796875 0.145615190625 0.0893498609375 0.2092955125 0.0646198328125 0.3026350125 0.049000757812500004 0.36457059375 0.043143665625 0.42825088281249996
19 0.225 0.30078125 0.12421875 0.08203125
19 0.2921875 0.49765625 0.12734375 0.12265625
19 0.778125 0.37890625 0.084375 0.10234375
19 0.51953125 0.175 0.090625 0.0875
19 0.6359375 0.57890625 0.13515625 0.07421875
19 0.44609375 0.7046875 0.08125 0.1046875
17 0.4203125 0.56875 0.08828125 0.1546875
17 0.47109375 0.328125 0.15390625 0.1359375
17 0.696875 0.25859375 0.23828125 0.1015625
17 0.34296875 0.3125 0.09609375 0.1703125
17 0.58359375 0.4875 0.21953125 0.0890625
17 0.6703125 0.38203125 0.07734375 0.14453125
17 0.5015625 0.0890625 0.0484375 0.0859375
17 0.3953125 0.21015625 0.0765625 0.075