15 0.4012700640625 0.049167325 0.298796103125 0.106773740625 0.2366506421875 0.143110146875 0.189710915625 0.19894388125 0.1348378421875 0.25655029687500003 0.1083929484375 0.29377301093749997 0.0700478328125 0.33985818125 0.058147610937500004 0.37885330625 0.036330553125 0.447094725 0.033686103125 0.5410374796874999 0.0396361640625 0.605733940625 0.0555031609375 0.6686578578125 0.08062572968750001 0.7634868171875 0.13219329062500002 0.8281833125 0.1467379640625 0.834387021875 0.1599604109375 0.8441358515624999 0.20425568749999998 0.884017215625 0.2584677 0.9114910640625 0.3305299953125 0.9336473765625 0.38408094375 0.9540311125000001 0.4128319859375 0.9640625 0.47481511562499995 0.9640625 0.49316613125000003 0.96112119375 0.5625839765625 0.93985111875 0.6425797203125 0.9106047937499999 0.715303178125 0.876927203125 0.768854128125 0.853884653125 0.8263717515625 0.8193207875 0.8733114765625001 0.7696906609374999 0.9037231468750001 0.7147429640625 0.9314901640625 0.6296627328125 0.9394237125 0.5667388171875001 0.940625 0.49749060937499995 0.940625 0.3749437 0.9354569375 0.3256781546875 0.9189288812499999 0.2636404796875 0.9024008203125 0.2078064078125 0.870005865625 0.13513379375 0.8210828515624999 0.08373112031249999 0.7668707421875001 0.0403047984375 0.6505132687499999 0.006627176562500001 0.5824176484375 0.0004234359375 0.4825881328125 0.02612470625 0.4012700640625 0.049167325
19 0.21875 0.2953125 0.1251953125 0.083984375
19 0.28671875 0.4953125 0.1296875 0.124609375
19 0.78046875 0.37421875 0.0857421875 0.1044921875
19 0.5171875 0.1671875 0.091015625 0.090234375
19 0.6359375 0.57734375 0.1375 0.0763671875
19 0.44375 0.70546875 0.081640625 0.10625
17 0.4171875 0.5671875 0.0904296875 0.158984375
17 0.46875 0.32265625 0.15625 0.1388671875
17 0.6984375 0.25234375 0.241015625 0.1044921875
17 0.33828125 0.30703125 0.0982421875 0.1734375
17 0.5828125 0.48515625 0.2220703125 0.0892578125
17 0.67109375 0.378125 0.078125 0.146875
17 0.5 0.08046875 0.049609375 0.0875
17 0.39140625 0.203125 0.078125 0.0751953125