15 0.39090981406249997 0.0002760515625 0.31880856875 0.0068283171875 0.1956065390625 0.042397940625000005 0.13820547968750002 0.08826394374999999 0.0864046421875 0.14255440625 0.052104101562500005 0.21930975312499998 0.034603803125 0.27828057031250003 0.0171035078125 0.3438035078125 0.0108034421875 0.403710140625 0.0108034421875 0.477657471875 0.01290339375 0.5984069046875 0.0213036203125 0.66486586875 0.050703992187500005 0.754725890625 0.0829045828125 0.8127605359375 0.1326054703125 0.8651788734375 0.1935064828125 0.9016845265625 0.2502074890625 0.9260216031249999 0.32720879687500004 0.96159119375 0.3896839828125 0.984375 0.6626790828125 0.984375 0.7339156421874999 0.962527253125 0.7913165953125 0.9335099328125 0.838217478125 0.8913880421875 0.852217715625 0.8810915234375001 0.8676179578125 0.8745392953125 0.9222189046875 0.8062081624999999 0.9488192718749999 0.7060517328125 0.9656196203125 0.6395927671875 0.96875 0.605640378125 0.96875 0.47088780156250004 0.9460192656249999 0.39996602812500004 0.93341903125 0.358780165625 0.8928183203125 0.310105940625 0.86481784375 0.27079206093749997 0.8067169421875 0.20994933124999998 0.75701605625 0.15097887031249999 0.6912149796875 0.1126010921875 0.5827131375 0.0517583625 0.496611653125 0.027421212499999997 0.39090981406249997 0.0002760515625
19 0.20625 0.278125 0.133984375 0.0875
19 0.278125 0.4890625 0.1373046875 0.13125
19 0.8015625 0.36171875 0.090625 0.1107421875
19 0.52265625 0.14296875 0.098046875 0.09375
19 0.6484375 0.57578125 0.146484375 0.0796875
19 0.44453125 0.71171875 0.0875 0.1111328125
17 0.41640625 0.565625 0.0953125 0.1658203125
17 0.47109375 0.30703125 0.165625 0.1455078125
17 0.7140625 0.2328125 0.25625 0.109375
17 0.33359375 0.290625 0.1044921875 0.181640625
17 0.5921875 0.478125 0.23515625 0.09453125
17 0.68515625 0.365625 0.0828125 0.155859375
17 0.50390625 0.05078125 0.0517578125 0.0923828125
17 0.3890625 0.18046875 0.083984375 0.0798828125