15 0.5 0.5 1 1
13 0.2890625 0.34765625 0.578125 0.5171875
7 0.21171875 0.2703125 0.4234375 0.358984375
13 0.8546875 0.73828125 0.290625 0.4673828125
13 0.83671875 0.17578125 0.2861328125 0.2767578125
1 0.9171875 0.58203125 0.165625 0.1875
6 0.15546875 0.17734375 0.0888671875 0.0951171875
6 0.44296875 0.43125 0.5330078125 0.5064453125
6 0.5765625 0.0828125 0.18125 0.165625
7 0.428125 0.12421875 0.2841796875 0.234375
6 0.73984375 0.15234375 0.1357421875 0.1482421875
6 0.8390625 0.06953125 0.177734375 0.1390625
6 0.96953125 0.3671875 0.0607421875 0.165625