15 1 0.27177460781249996 0.9458661421875 0.20231102812500001 0.8730314953124999 0.1368660015625 0.67814960625 0.0347717609375 0.6230314953125 0.0190649546875 0.16437007812499999 0.02430055625 0.0994094484375 0.0400073625 0.03444881875 0.0766565765625 0 0.10459043125 0 0.8979632000000001 0.04035433125 0.9352953203125001 0.1958661421875 0.9771801375000001 0.495078740625 0.9981225453125001 0.7411417328125001 0.9483843265624999 0.9281496062500001 0.8410544828125 1 0.778628653125 1 0.27177460781249996
2 0.1515625 0.20703125 0.218359375 0.170703125
2 0.41796875 0.10546875 0.2453125 0.0875
2 0.790625 0.221875 0.174609375 0.1814453125
2 0.78515625 0.40546875 0.2857421875 0.1861328125
2 0.56171875 0.63671875 0.355078125 0.291796875
2 0.08359375 0.409375 0.1671875 0.30625
0 0.52421875 0.409375 0.141796875 0.134765625
0 0.29921875 0.5390625 0.1796875 0.133984375
0 0.42578125 0.69375 0.1669921875 0.237890625
0 0.86640625 0.5765625 0.215625 0.1435546875
0 0.82890625 0.440625 0.10625 0.112109375
0 0.78125 0.321875 0.084375 0.1564453125
0 0.24921875 0.34296875 0.1609375 0.121875
0 0.1796875 0.26015625 0.1685546875 0.1638671875
0 0.30546875 0.171875 0.125 0.0875
0 0.40390625 0.12578125 0.0578125 0.08125
0 0.5703125 0.1203125 0.08984375 0.071484375
0 0.50390625 0.28203125 0.1734375 0.0798828125