15 1 0.2393535546875 0.9267578125 0.175551471875 0.7412109375 0.06878063749999999 0.4970703125 0.019301471875 0.2001953125 0.0401348046875 0.0458984375 0.081801471875 0.0009765625 0.1234681375 0 0.9034160546875001 0.0400390625 0.9359681375 0.1044921875 0.972426471875 0.1689453125 0.988051471875 0.6240234375 0.9932598046875001 0.6787109375 0.9776348046875001 0.8720703125 0.8760723046875001 0.9443359375 0.8109681375 1 0.7393535546875001 1 0.2393535546875
2 0.15625 0.20625 0.215625 0.1703125
2 0.4203125 0.1046875 0.24375 0.0875
2 0.790625 0.2203125 0.17265625 0.18046875
2 0.784375 0.40390625 0.2828125 0.18515625
2 0.56328125 0.63359375 0.35234375 0.28984375
2 0.0859375 0.40859375 0.171875 0.3046875
0 0.5265625 0.4078125 0.13984375 0.13515625
0 0.303125 0.5359375 0.178125 0.13203125
0 0.42890625 0.68984375 0.165625 0.2375
0 0.86484375 0.5734375 0.2140625 0.1421875
0 0.828125 0.43828125 0.10546875 0.11015625
0 0.78046875 0.3203125 0.08359375 0.15625
0 0.253125 0.340625 0.159375 0.12109375
0 0.184375 0.25859375 0.16640625 0.1625
0 0.309375 0.17109375 0.12421875 0.0875
0 0.40703125 0.125 0.0578125 0.08125
0 0.571875 0.11953125 0.08828125 0.0703125
0 0.50546875 0.28046875 0.17265625 0.0796875