15 0.1527139609375 0 0.0077092515625 0.0835640140625 0 0.09028950625 0 0.8121411203125 0.06938325937499999 0.8747404859374999 0.28744493437499996 0.9894463671875 0.3243284078125 1 0.8673231453125 1 0.9350220265625 0.9835640140624999 1 0.94675474375 1 0 0.1527139609375 0
2 0.1234375 0.11796875 0.24375 0.1921875
2 0.41953125 0.0265625 0.275 0.053125
2 0.83828125 0.134375 0.1951171875 0.2033203125
2 0.83203125 0.34140625 0.31875 0.209375
2 0.5828125 0.60078125 0.397265625 0.326953125
2 0.0703125 0.3453125 0.140625 0.34375
0 0.540625 0.3453125 0.156640625 0.1529296875
0 0.28828125 0.490625 0.2013671875 0.149609375
0 0.43046875 0.66484375 0.1861328125 0.2673828125
0 0.90078125 0.53125 0.1984375 0.1623046875
0 0.88125 0.38046875 0.119140625 0.123828125
0 0.82734375 0.246875 0.094921875 0.17578125
0 0.2328125 0.2703125 0.180859375 0.137109375
0 0.15546875 0.17734375 0.1875 0.1830078125
0 0.2953125 0.078125 0.1404296875 0.099609375
0 0.40390625 0.03515625 0.0640625 0.0703125
0 0.59140625 0.0296875 0.098828125 0.058984375
0 0.5171875 0.2015625 0.1939453125 0.0904296875