19 0.62890625 0.7015625 0.2734375 0.2453125
19 0.73125 0.48125 0.24296875 0.22578125
19 0.68828125 0.2640625 0.171875 0.19609375
19 0.48359375 0.2078125 0.18828125 0.1875
19 0.2953125 0.3453125 0.24375 0.21484375
2 0.34453125 0.603125 0.2625 0.24375
2 0.36171875 0.3375 0.196875 0.21171875
2 0.3953125 0.56484375 0.14375 0.1921875
2 0.615625 0.67109375 0.2359375 0.19375
2 0.71640625 0.47578125 0.1578125 0.16015625
2 0.81171875 0.44140625 0.08125 0.115625
2 0.52421875 0.4234375 0.17578125 0.23125
2 0.50703125 0.23125 0.140625 0.1671875
2 0.65390625 0.240625 0.13828125 0.14609375
2 0.75859375 0.32265625 0.03515625 0.0734375
2 0.25 0.32265625 0.0640625 0.0484375
2 0.50859375 0.815625 0.040625 0.03203125
2 0.65 0.80703125 0.0671875 0.03671875
0 0.3296875 0.71953125 0.040625 0.04140625
0 0.3390625 0.3765625 0.03359375 0.02578125
0 0.49765625 0.384375 0.028125 0.05390625
0 0.56328125 0.36796875 0.0421875 0.04296875
0 0.490625 0.4734375 0.04609375 0.06953125
0 0.421875 0.4578125 0.0515625 0.0296875
0 0.24453125 0.41328125 0.05 0.0640625
0 0.29296875 0.415625 0.06328125 0.04375
0 0.31015625 0.46875 0.071875 0.05859375
0 0.284375 0.5296875 0.05078125 0.04375
0 0.43125 0.52734375 0.025 0.040625
0 0.359375 0.50859375 0.02265625 0.03828125
0 0.35546875 0.54375 0.03515625 0.03671875
0 0.40078125 0.67109375 0.06953125 0.09453125
0 0.42578125 0.740625 0.0703125 0.04921875
0 0.5140625 0.778125 0.021875 0.0203125
0 0.41015625 0.78671875 0.04453125 0.0234375
0 0.35546875 0.71953125 0.01796875 0.02109375
0 0.47578125 0.51015625 0.03125 0.0328125
0 0.32890625 0.25859375 0.0234375 0.03828125
0 0.36953125 0.27109375 0.02890625 0.05703125
0 0.4359375 0.2953125 0.06875 0.1046875
0 0.59375 0.26171875 0.16796875 0.05546875
0 0.63828125 0.31171875 0.0203125 0.06015625
0 0.6546875 0.525 0.090625 0.1
0 0.71796875 0.50234375 0.05546875 0.0421875
0 0.7125 0.43828125 0.140625 0.09140625
0 0.53671875 0.171875 0.028125 0.028125
0 0.5671875 0.21640625 0.0515625 0.04765625
0 0.65 0.1484375 0.03359375 0.04453125
0 0.4203125 0.1640625 0.0609375 0.04296875
0 0.51953125 0.11171875 0.025 0.0203125
0 0.55 0.5484375 0.05703125 0.05
0 0.55859375 0.48984375 0.05859375 0.05859375