19 0.61015625 0.74140625 0.3076171875 0.275
19 0.72421875 0.49453125 0.2732421875 0.253125
19 0.6765625 0.25078125 0.1935546875 0.2203125
19 0.44609375 0.1875 0.2111328125 0.2095703125
19 0.23515625 0.34140625 0.2736328125 0.240625
2 0.290625 0.63125 0.2939453125 0.274609375
2 0.31015625 0.3328125 0.220703125 0.2375
2 0.34765625 0.58828125 0.161328125 0.215625
2 0.5953125 0.70703125 0.2654296875 0.2171875
2 0.7078125 0.48828125 0.1779296875 0.1796875
2 0.81484375 0.45 0.090625 0.130859375
2 0.4921875 0.4296875 0.197265625 0.259375
2 0.47265625 0.2140625 0.1578125 0.1876953125
2 0.6375 0.22421875 0.155859375 0.1640625
2 0.7546875 0.3171875 0.040234375 0.0814453125
2 0.18359375 0.3171875 0.071875 0.053515625
2 0.47421875 0.86953125 0.0453125 0.0359375
2 0.63359375 0.86015625 0.075 0.040625
0 0.27421875 0.76171875 0.0453125 0.045703125
0 0.284375 0.37734375 0.0375 0.0294921875
0 0.4625 0.3859375 0.03125 0.059765625
0 0.5359375 0.36796875 0.046875 0.0482421875
0 0.4546875 0.4859375 0.052734375 0.078125
0 0.37734375 0.46796875 0.0578125 0.0328125
0 0.178125 0.41796875 0.05625 0.071875
0 0.2328125 0.4203125 0.071484375 0.04765625
0 0.2515625 0.48046875 0.08125 0.065625
0 0.2234375 0.5484375 0.0564453125 0.047265625
0 0.38828125 0.54609375 0.028125 0.0455078125
0 0.30703125 0.52578125 0.025 0.0423828125
0 0.303125 0.56484375 0.0404296875 0.0419921875
0 0.353125 0.7078125 0.078125 0.105859375
0 0.38203125 0.78515625 0.0794921875 0.0548828125
0 0.48046875 0.82734375 0.023828125 0.023046875
0 0.36328125 0.8375 0.05 0.025390625
0 0.30234375 0.76171875 0.0203125 0.0236328125
0 0.4375 0.5265625 0.0345703125 0.0373046875
0 0.27265625 0.24453125 0.026171875 0.042578125
0 0.31875 0.259375 0.0314453125 0.062890625
0 0.39296875 0.2859375 0.0767578125 0.1185546875
0 0.56953125 0.2484375 0.1890625 0.0625
0 0.6203125 0.3046875 0.022265625 0.06640625
0 0.63828125 0.54375 0.1017578125 0.1125
0 0.71015625 0.51796875 0.0625 0.046875
0 0.70390625 0.44609375 0.1578125 0.101953125
0 0.50625 0.14765625 0.03125 0.03125
0 0.540625 0.19765625 0.056640625 0.053125
0 0.63359375 0.12109375 0.0388671875 0.05
0 0.37578125 0.13828125 0.0673828125 0.0482421875
0 0.48671875 0.08046875 0.028125 0.023046875
0 0.52109375 0.56953125 0.0640625 0.05625
0 0.53125 0.5046875 0.065625 0.065625