19 0.57421875 0.721875 0.3232421875 0.290625
19 0.69453125 0.46171875 0.2861328125 0.2671875
19 0.64375 0.2046875 0.2029296875 0.233984375
19 0.40234375 0.1375 0.221875 0.221875
19 0.1796875 0.3 0.287890625 0.25546875
2 0.23828125 0.60546875 0.309375 0.2888671875
2 0.25859375 0.290625 0.2326171875 0.2501953125
2 0.2984375 0.5609375 0.1689453125 0.2279296875
2 0.55859375 0.6859375 0.278125 0.2283203125
2 0.6765625 0.4546875 0.184765625 0.190234375
2 0.78984375 0.41484375 0.0953125 0.1361328125
2 0.45078125 0.39296875 0.2076171875 0.2736328125
2 0.4296875 0.165625 0.1658203125 0.199609375
2 0.603125 0.1765625 0.162890625 0.17265625
2 0.7265625 0.2734375 0.0408203125 0.0873046875
2 0.1265625 0.2734375 0.0751953125 0.058984375
2 0.43203125 0.85703125 0.0482421875 0.0375
2 0.5984375 0.84765625 0.078515625 0.042578125
0 0.22109375 0.74375 0.0482421875 0.049609375
0 0.23203125 0.3375 0.0392578125 0.0310546875
0 0.41875 0.346875 0.031640625 0.062890625
0 0.49609375 0.32734375 0.05 0.0513671875
0 0.4109375 0.45234375 0.0533203125 0.0828125
0 0.3296875 0.43359375 0.059765625 0.0357421875
0 0.1203125 0.38125 0.059375 0.0751953125
0 0.17734375 0.38359375 0.0736328125 0.0515625
0 0.19765625 0.446875 0.0857421875 0.06875
0 0.16796875 0.51796875 0.0607421875 0.0515625
0 0.340625 0.515625 0.0283203125 0.049609375
0 0.25546875 0.49375 0.0265625 0.044140625
0 0.2515625 0.5359375 0.041015625 0.04375
0 0.3046875 0.68671875 0.081640625 0.111328125
0 0.334375 0.76875 0.0841796875 0.0591796875
0 0.43828125 0.8125 0.0263671875 0.0248046875
0 0.31484375 0.8234375 0.0517578125 0.028125
0 0.25078125 0.74296875 0.0205078125 0.025
0 0.39296875 0.4953125 0.0375 0.040234375
0 0.21953125 0.19765625 0.0267578125 0.0453125
0 0.26796875 0.21328125 0.0330078125 0.0673828125
0 0.34609375 0.24140625 0.08125 0.1236328125
0 0.53203125 0.2015625 0.1984375 0.0658203125
0 0.584375 0.2609375 0.0248046875 0.0716796875
0 0.60390625 0.51328125 0.107421875 0.11875
0 0.67890625 0.4859375 0.065625 0.0498046875
0 0.67265625 0.4109375 0.165625 0.10859375
0 0.46484375 0.0953125 0.0328125 0.033984375
0 0.5015625 0.14765625 0.059765625 0.05625
0 0.5984375 0.0671875 0.0404296875 0.0529296875
0 0.32734375 0.0859375 0.071875 0.0501953125
0 0.44453125 0.02421875 0.0294921875 0.0236328125
0 0.48046875 0.540625 0.0671875 0.059375
0 0.49140625 0.471875 0.06875 0.06875