15 0.0881696421875 0 0.0178571421875 0.044117646875 0 0.058215390624999995 0 0.8410725109375001 0.2027310921875 0.9831932765625 0.234243696875 1 0.9332505734375 1 1 0.9637410531249999 1 0.0068681328124999995 0.9765037578125 0 0.0881696421875 0
13 0.48828125 0.79296875 0.23125 0.2296875
13 0.20625 0.69609375 0.2529296875 0.2107421875
13 0.1640625 0.25546875 0.178125 0.111328125
13 0.37421875 0.228125 0.158203125 0.108984375
13 0.24609375 0.10390625 0.15 0.13125
13 0.3953125 0.04375 0.140625 0.0875
13 0.5609375 0.034375 0.159375 0.06875
13 0.8125 0.04453125 0.149609375 0.0736328125
13 0.25234375 0.421875 0.2142578125 0.093359375
13 0.43203125 0.47734375 0.1544921875 0.1169921875
13 0.82109375 0.38984375 0.1859375 0.1080078125
13 0.678125 0.5390625 0.14296875 0.119140625
13 0.93125 0.30859375 0.1248046875 0.0669921875
11 0.475 0.31875 0.0654296875 0.05
11 0.7546875 0.2484375 0.0751953125 0.0810546875
6 0.775 0.15703125 0.056640625 0.0330078125
6 0.87421875 0.1734375 0.1375 0.097265625
6 0.546875 0.35234375 0.0720703125 0.0669921875
6 0.525 0.421875 0.080859375 0.08828125
6 0.59140625 0.48671875 0.1173828125 0.05625
6 0.69140625 0.58984375 0.119921875 0.053125
6 0.5171875 0.58828125 0.0626953125 0.0732421875
6 0.553125 0.66796875 0.087890625 0.0701171875
6 0.9296875 0.5875 0.096484375 0.09375
11 0.92734375 0.5046875 0.096875 0.0814453125
11 0.65703125 0.16484375 0.0515625 0.0638671875
11 0.54140625 0.1171875 0.040625 0.04140625
11 0.3078125 0.06015625 0.04609375 0.046875
11 0.35234375 0.5390625 0.0638671875 0.1189453125
11 0.37421875 0.584375 0.0578125 0.0748046875
6 0.70078125 0.165625 0.0453125 0.0654296875
6 0.7296875 0.05 0.05390625 0.024609375
12 0.584375 0.10859375 0.04921875 0.111328125
12 0.8546875 0.08125 0.103125 0.1154296875
12 0.14296875 0.49296875 0.0736328125 0.1828125
12 0.31484375 0.55078125 0.0673828125 0.090625
12 0.57265625 0.2203125 0.1173828125 0.1375