15 0.075693375 0 0 0.041117387500000005 0 0.9795469359375 0.0699710078125 1 0.9445842156250001 1 1 0.9652293109375 1 0.1193430015625 0.835805084375 0.0042372875 0.82786016875 0 0.075693375 0
13 0.45234375 0.78671875 0.2328125 0.23125
13 0.16796875 0.6890625 0.2544921875 0.2123046875
13 0.12578125 0.2453125 0.1794921875 0.1125
13 0.3375 0.2171875 0.159375 0.109375
13 0.2078125 0.09140625 0.152734375 0.1326171875
13 0.359375 0.03828125 0.143359375 0.0765625
13 0.52578125 0.02890625 0.1609375 0.0576171875
13 0.778125 0.03359375 0.15 0.0671875
13 0.2140625 0.4125 0.216015625 0.093359375
13 0.3953125 0.46875 0.153515625 0.118359375
13 0.78828125 0.38046875 0.1875 0.109375
13 0.64375 0.53125 0.14375 0.119140625
13 0.9828125 0.50390625 0.0341796875 0.0890625
13 0.8984375 0.2984375 0.1251953125 0.066015625
11 0.43828125 0.30859375 0.0642578125 0.0513671875
11 0.72109375 0.2375 0.0765625 0.08125
6 0.74140625 0.1453125 0.0580078125 0.034375
6 0.84140625 0.16171875 0.138671875 0.098828125
6 0.5109375 0.34296875 0.072265625 0.0671875
6 0.4890625 0.4125 0.08125 0.090234375
6 0.55625 0.478125 0.11875 0.0564453125
6 0.65703125 0.58203125 0.1203125 0.0544921875
6 0.48125 0.58046875 0.0626953125 0.0734375
6 0.5171875 0.66015625 0.090234375 0.0703125
6 0.896875 0.5796875 0.096484375 0.094140625
11 0.89453125 0.49609375 0.0982421875 0.0828125
11 0.62265625 0.15390625 0.0517578125 0.0638671875
11 0.50625 0.10546875 0.040625 0.0421875
11 0.2703125 0.04765625 0.04609375 0.048046875
11 0.315625 0.53125 0.0626953125 0.119140625
11 0.3375 0.5765625 0.0591796875 0.075
6 0.66640625 0.1546875 0.0453125 0.0654296875
6 0.69609375 0.03828125 0.055078125 0.023828125
12 0.54921875 0.096875 0.0486328125 0.1125
12 0.82109375 0.06875 0.1046875 0.115625
12 0.98671875 0.34453125 0.0265625 0.0953125
12 0.1046875 0.484375 0.075 0.184375
12 0.27734375 0.5421875 0.06875 0.0908203125
12 0.53671875 0.209375 0.11875 0.1376953125