15 0.2490234375 0 0.1904296875 0.03125 0.0009765625 0.1640625 0 0.8896484375 0.0185546875 0.904296875 0.1181640625 0.966796875 0.1962890625 1 0.6318359375 1 0.8095703125 0.974609375 1 0.9189453125 0.9990234375 0.0859375 0.8408203125 0 0.2490234375 0
13 0.45625 0.75234375 0.21484375 0.21328125
13 0.19375 0.6625 0.234375 0.1953125
13 0.1546875 0.253125 0.165625 0.10390625
13 0.35 0.22734375 0.146875 0.10078125
13 0.23046875 0.11171875 0.13984375 0.121875
13 0.371875 0.05703125 0.13046875 0.084375
13 0.5234375 0.0453125 0.1484375 0.071875
13 0.75703125 0.05703125 0.13828125 0.06875
13 0.23671875 0.4078125 0.2 0.0859375
13 0.403125 0.459375 0.14296875 0.1078125
13 0.765625 0.378125 0.17265625 0.10078125
13 0.6328125 0.5171875 0.13203125 0.1109375
13 0.96328125 0.49375 0.06640625 0.0828125
13 0.86796875 0.303125 0.115625 0.06171875
11 0.44296875 0.31171875 0.06015625 0.046875
11 0.70390625 0.24609375 0.0703125 0.075
6 0.72265625 0.16171875 0.05390625 0.03125
6 0.81484375 0.1765625 0.12734375 0.09140625
6 0.51015625 0.34296875 0.06796875 0.06171875
6 0.48984375 0.4078125 0.075 0.0828125
6 0.55234375 0.46796875 0.109375 0.05234375
6 0.64453125 0.5640625 0.1109375 0.04921875
6 0.4828125 0.5625 0.05859375 0.06796875
6 0.51640625 0.6359375 0.0828125 0.06484375
6 0.86640625 0.56171875 0.08828125 0.0875
11 0.8640625 0.484375 0.08984375 0.0765625
11 0.61328125 0.16875 0.0484375 0.05859375
11 0.50546875 0.125 0.0375 0.0390625
11 0.28828125 0.07109375 0.0421875 0.04375
11 0.3296875 0.5171875 0.05859375 0.1109375
11 0.35 0.55859375 0.05390625 0.06875
6 0.65390625 0.16953125 0.0421875 0.06015625
6 0.68046875 0.0625 0.05078125 0.02265625
12 0.97890625 0.29609375 0.04140625 0.0453125
12 0.5453125 0.11640625 0.0453125 0.10390625
12 0.79609375 0.090625 0.09609375 0.10703125
12 0.96875 0.3453125 0.0625 0.0875
12 0.13515625 0.47421875 0.06875 0.16953125
12 0.29453125 0.52734375 0.06328125 0.084375
12 0.534375 0.2203125 0.109375 0.12734375