15 0.07096354218749999 0.422265625 0.027213542187500002 0.513932290625 0.016796875 0.5576822906250001 0.025130209375 0.641015625 0.09908854218749999 0.7920572906250001 0.176171875 0.8608072921875 0.3553385421875 0.9587239578125001 0.4485026171875 0.965625 0.47643228593750003 0.965625 0.6053385421875 0.944140625 0.753255209375 0.887890625 0.8647135421875 0.784765625 0.9022135421874999 0.732682290625 0.9397135421874999 0.657682290625 0.953125 0.5990071640625 0.953125 0.490031825 0.9376302078125001 0.4555989578125 0.8772135421874999 0.357682290625 0.8220052078125001 0.3024739578125 0.759505209375 0.256640625 0.632421875 0.1962239578125 0.5095052078125 0.187890625 0.3907552078125 0.20247395781250002 0.2345052078125 0.273307290625 0.15950520937499998 0.325390625 0.07096354218749999 0.422265625
2 0.503125 0.74375 0.13671875 0.12421875
2 0.31328125 0.734375 0.141796875 0.081640625
2 0.27578125 0.5640625 0.1140625 0.0783203125
2 0.39765625 0.51953125 0.1265625 0.0826171875
2 0.55703125 0.53671875 0.128125 0.0640625
2 0.73515625 0.61640625 0.108203125 0.1125
2 0.66328125 0.66796875 0.1234375 0.1419921875
2 0.60859375 0.7 0.1419921875 0.1689453125
2 0.80703125 0.55234375 0.0830078125 0.0484375
2 0.70390625 0.50546875 0.1140625 0.085546875
2 0.7609375 0.45703125 0.11875 0.075
2 0.63671875 0.37734375 0.1234375 0.0923828125
2 0.57109375 0.3140625 0.11875 0.0845703125
2 0.46015625 0.4390625 0.0625 0.12109375
2 0.30625 0.35859375 0.0814453125 0.0609375
2 0.43515625 0.3109375 0.1125 0.0625
2 0.24140625 0.45625 0.092578125 0.105859375