15 0.88945783125 0.412299196875 0.7820281125 0.3129016078125 0.63945783125 0.2586847390625 0.5069277109375 0.2365963859375 0.3984939765625 0.24462851562500001 0.22580321250000002 0.33900602343749997 0.1515060234375 0.405271084375 0.0802208828125 0.5508534125 0.0721887546875 0.6311747000000001 0.082228915625 0.6733433734375 0.124397590625 0.7616967875 0.20973895625 0.8550702812500001 0.28202811250000004 0.905271084375 0.432630521875 0.9735441781249999 0.5208243578125 0.984375 0.5946630421875 0.984375 0.6655622484375 0.9795682734375 0.788052209375 0.921335340625 0.8482931718750001 0.8771586359375 0.9015060234375 0.823945784375 0.95973895625 0.7295682734375 0.9778112453125001 0.68940763125 0.9778112453125001 0.60507028125 0.9617469875 0.53478915625 0.9256024093749999 0.4625 0.88945783125 0.412299196875
2 0.54140625 0.7734375 0.13125 0.11875
2 0.35859375 0.7640625 0.1359375 0.0783203125
2 0.321875 0.6 0.109375 0.0751953125
2 0.43984375 0.55703125 0.121875 0.0794921875
2 0.59296875 0.5734375 0.1234375 0.0623046875
2 0.76484375 0.65078125 0.1046875 0.1078125
2 0.69609375 0.7 0.11875 0.137109375
2 0.6421875 0.73046875 0.134765625 0.1640625
2 0.834375 0.58828125 0.0810546875 0.0455078125
2 0.734375 0.54296875 0.109375 0.0826171875
2 0.7890625 0.496875 0.115234375 0.0720703125
2 0.66953125 0.4203125 0.11875 0.0904296875
2 0.60703125 0.359375 0.1140625 0.0814453125
2 0.5 0.4796875 0.0595703125 0.115625
2 0.3515625 0.4015625 0.0783203125 0.0591796875
2 0.47578125 0.35625 0.1078125 0.0595703125
2 0.2890625 0.49609375 0.090234375 0.1015625