15 0.1962890625 0.859375 0.2548828125 0.90234375 0.3740234375 0.958984375 0.4892578125 0.966796875 0.6005859375 0.953125 0.7470703125 0.88671875 0.8173828125 0.837890625 0.900390625 0.7470703125 0.94140625 0.6611328125 0.951171875 0.6201171875 0.943359375 0.5419921875 0.8740234375 0.400390625 0.8017578125 0.3359375 0.6337890625 0.244140625 0.5283203125 0.236328125 0.3994140625 0.2578125 0.2607421875 0.310546875 0.15625 0.4072265625 0.12109375 0.4560546875 0.0859375 0.5263671875 0.0703125 0.5947265625 0.0703125 0.6767578125 0.087890625 0.7158203125 0.14453125 0.8076171875 0.1962890625 0.859375
2 0.5265625 0.7578125 0.12734375 0.115625
2 0.3484375 0.74921875 0.13203125 0.0765625
2 0.31328125 0.58984375 0.10703125 0.0734375
2 0.42734375 0.54765625 0.11875 0.0765625
2 0.5765625 0.56328125 0.1203125 0.06015625
2 0.74375 0.63828125 0.10234375 0.10546875
2 0.6765625 0.68671875 0.115625 0.13203125
2 0.625 0.71640625 0.13203125 0.159375
2 0.8109375 0.578125 0.078125 0.0453125
2 0.7140625 0.534375 0.10703125 0.0796875
2 0.76796875 0.4890625 0.1109375 0.0703125
2 0.6515625 0.41484375 0.115625 0.0875
2 0.590625 0.35546875 0.1109375 0.0796875
2 0.4859375 0.47265625 0.05859375 0.1125
2 0.3421875 0.396875 0.0765625 0.05703125
2 0.4625 0.35234375 0.10546875 0.05859375
2 0.28125 0.48828125 0.0875 0.09921875