15 0.9984375 0.782426371875 0.9984375 0.38313162031250003 0.958446284375 0.35936872656249996 0.8741089359374999 0.33728037187500004 0.79378765 0.3312562765625 0.7727033125 0.360372740625 0.7465988953125 0.5752321796875 0.74258283125 0.9326618984374999 0.7825811593750001 0.9765625 0.78654048125 0.9765625 0.8319402609375001 0.95575426875 0.9984375 0.782426371875
15 0.0015625 0.03120325 0.23756468281249998 0.3891450421875 0.2607342828125 0.5914928953125 0.3007404609375 0.9347891578124999 0.39357333125 0.7861175453125 0.48757813437499997 0.9984375 0.7626869765625 0.9984375 0.8670055218750001 0.8906124500000001 0.9171875 0.667804465625 0.9171875 0.44478757656249995 0.8710215859374999 0.3424196796875 0.8288529109375 0.27816265156250003 0.7455195781249999 0.19683735 0.6491340359375 0.1265562234375 0.5206199796875 0.0663152609375 0.33788905625 0.0181224890625 0.245519578125 0.010090360937499999 0.10294929687500001 0.010090360937499999 0.0015625 0.031170784375 0.0015625 0.03120325
9 0.69375 0.0671875 0.05703125 0.03515625
9 0.77265625 0.140625 0.0955078125 0.0498046875
9 0.74609375 0.1984375 0.0765625 0.0501953125
9 0.70546875 0.11875 0.0732421875 0.0533203125
9 0.6109375 0.16875 0.0783203125 0.0498046875
9 0.62578125 0.253125 0.067578125 0.062890625
9 0.6 0.21171875 0.0623046875 0.0330078125
9 0.534375 0.12734375 0.0998046875 0.0517578125
9 0.4734375 0.06171875 0.0439453125 0.0578125
9 0.48046875 0.2078125 0.0919921875 0.077734375
9 0.5125 0.3 0.100390625 0.0626953125
9 0.43203125 0.39375 0.0767578125 0.056640625
9 0.43125 0.46875 0.0689453125 0.0310546875
9 0.8578125 0.38515625 0.109765625 0.0640625
9 0.8046875 0.51640625 0.066015625 0.0701171875
9 0.77109375 0.75 0.0732421875 0.1095703125
9 0.7890625 0.88515625 0.0904296875 0.0611328125
9 0.2296875 0.73984375 0.091015625 0.0986328125
9 0.21328125 0.66015625 0.140625 0.11875
9 0.17578125 0.5578125 0.1013671875 0.09375
9 0.203125 0.459375 0.0623046875 0.074609375
0 0.07734375 0.4015625 0.0671875 0.058984375
0 0.4875 0.49296875 0.068359375 0.0580078125
0 0.53046875 0.6984375 0.0701171875 0.047265625
0 0.43671875 0.7921875 0.0392578125 0.0408203125
0 0.44921875 0.7265625 0.0546875 0.028125
0 0.8140625 0.8109375 0.0720703125 0.027734375
0 0.88984375 0.834375 0.0330078125 0.056640625
0 0.91328125 0.71015625 0.0671875 0.0484375
0 0.87890625 0.57109375 0.026171875 0.020703125
0 0.98359375 0.3796875 0.030078125 0.021484375
0 0.04296875 0.44765625 0.0484375 0.042578125
0 0.21875 0.325 0.0220703125 0.0314453125
0 0.2890625 0.45234375 0.0689453125 0.0826171875
0 0.31875 0.5796875 0.0404296875 0.040234375
0 0.296875 0.64765625 0.0314453125 0.0203125
0 0.390625 0.8890625 0.030859375 0.046875
0 0.4234375 0.9390625 0.016015625 0.01875
0 0.6296875 0.35625 0.0595703125 0.0498046875
0 0.7015625 0.321875 0.02734375 0.031640625
0 0.8296875 0.06796875 0.027734375 0.0169921875
0 0.49609375 0.146875 0.0171875 0.0158203125
0 0.53046875 0.15703125 0.0203125 0.016796875
0 0.3046875 0.184375 0.0341796875 0.0158203125
0 0.31484375 0.21015625 0.01875 0.007421875
0 0.190625 0.26875 0.049609375 0.031640625
9 0.290625 0.55625 0.0966796875 0.049609375
9 0.35859375 0.48359375 0.0640625 0.0826171875
9 0.37578125 0.5984375 0.0767578125 0.1091796875
9 0.38359375 0.8 0.1080078125 0.081640625
9 0.59921875 0.46015625 0.0390625 0.0580078125
9 0.5640625 0.8109375 0.0439453125 0.0783203125
9 0.49609375 0.653125 0.0982421875 0.149609375