15 0.9526931812500001 0.9796875 0.961102084375 0.9796875 0.999625 0.9374062500000001 0.9956250000000001 0.58140625 0.969625 0.36740625 0.948625 0.33840625 0.868625 0.34440624999999997 0.784625 0.36640625 0.731625 0.3978990046875 0.731625 0.774062659375 0.9106249999999999 0.9604062499999999 0.9526931812500001 0.9796875
15 0.23561057812500003 0.3953822125 0.2586875 0.5969206734375 0.298533653125 0.93884375 0.3909951921875 0.7907668265625001 0.4829415234375 0.9984375 0.76230880625 0.9984375 0.862533653125 0.89484375 0.9046875 0.7076806703125 0.9046875 0.4334457578125 0.8665336531250001 0.34884375 0.824533653125 0.28484375 0.7415336531250001 0.20384375000000002 0.645533653125 0.13384374999999998 0.517533653125 0.07384375 0.335533653125 0.02584375 0.243533653125 0.01784375 0.101533653125 0.01784375 0.000533653125 0.038843749999999996 0.23561057812500003 0.3953822125
9 0.68359375 0.075 0.0576171875 0.037109375
9 0.76171875 0.14765625 0.095703125 0.048828125
9 0.73515625 0.20625 0.0763671875 0.0501953125
9 0.69453125 0.12578125 0.071875 0.053125
9 0.60078125 0.17578125 0.0794921875 0.0486328125
9 0.615625 0.26015625 0.0685546875 0.0625
9 0.5890625 0.21875 0.0623046875 0.0341796875
9 0.52421875 0.134375 0.0984375 0.0529296875
9 0.46328125 0.06953125 0.04375 0.0576171875
9 0.4703125 0.21484375 0.090625 0.076171875
9 0.50234375 0.30703125 0.1015625 0.0625
9 0.42265625 0.4 0.076953125 0.056640625
9 0.42109375 0.475 0.0701171875 0.0310546875
9 0.846875 0.39140625 0.109375 0.0640625
9 0.79296875 0.521875 0.0669921875 0.0689453125
9 0.76015625 0.75546875 0.071875 0.109375
9 0.778125 0.88984375 0.08828125 0.061328125
9 0.2203125 0.74453125 0.09140625 0.0984375
9 0.2046875 0.665625 0.1404296875 0.11875
9 0.1671875 0.56328125 0.1 0.0923828125
9 0.19453125 0.465625 0.0611328125 0.074609375
0 0.06953125 0.4078125 0.0669921875 0.0564453125
0 0.47734375 0.49921875 0.0669921875 0.0580078125
0 0.5203125 0.703125 0.0689453125 0.0470703125
0 0.4265625 0.79765625 0.0404296875 0.0419921875
0 0.4390625 0.73203125 0.053515625 0.028125
0 0.80234375 0.815625 0.071875 0.02578125
0 0.878125 0.83828125 0.0341796875 0.0576171875
0 0.9015625 0.715625 0.0658203125 0.0470703125
0 0.8671875 0.5765625 0.025 0.021484375
0 0.99609375 0.6640625 0.0078125 0.0248046875
0 0.97109375 0.3859375 0.0298828125 0.0216796875
0 0.034375 0.45390625 0.047265625 0.042578125
0 0.21015625 0.33125 0.0232421875 0.0314453125
0 0.2796875 0.45859375 0.069140625 0.08125
0 0.309375 0.58515625 0.0404296875 0.0388671875
0 0.28828125 0.653125 0.0326171875 0.019140625
0 0.38125 0.89296875 0.03046875 0.046875
0 0.4140625 0.94296875 0.016015625 0.01875
0 0.61953125 0.3625 0.0607421875 0.0498046875
0 0.690625 0.32890625 0.025390625 0.0326171875
0 0.81875 0.075 0.025390625 0.015625
0 0.4859375 0.15390625 0.016015625 0.015625
0 0.5203125 0.16484375 0.021484375 0.015625
0 0.2953125 0.19140625 0.0341796875 0.015625
0 0.30546875 0.2171875 0.01875 0.006640625
0 0.18203125 0.275 0.0486328125 0.0314453125
9 0.28125 0.56171875 0.096484375 0.048046875
9 0.34921875 0.4890625 0.0640625 0.08125
9 0.36640625 0.60390625 0.076953125 0.1078125
9 0.37421875 0.8046875 0.1078125 0.083984375
9 0.58828125 0.465625 0.0388671875 0.0591796875
9 0.55390625 0.815625 0.04375 0.0783203125
9 0.4859375 0.65859375 0.097265625 0.148046875