15 1 0.4033203125 0.9326171875 0.36328125 0.8505859375 0.341796875 0.7724609375 0.3359375 0.751953125 0.3642578125 0.7265625 0.5732421875 0.72265625 0.9208984375 0.7626953125 0.96484375 0.8095703125 0.943359375 1 0.7451171875 1 0.4033203125
15 0.4126352171875 1 0.5108173078125 0.7782451921875 0.6011117796875001 0.9228515625 0.6400240390625 0.5889423078125 0.6625600953124999 0.39212740468749996 0.8921274046875001 0.0439453125 0.7934945921875001 0.0234375 0.6548227171875001 0.0234375 0.5649789671875001 0.03125 0.38724459218749996 0.078125 0.26224459218749996 0.13671875 0.16849459218750001 0.205078125 0.0874399046875 0.2841796875 0.0464242796875 0.3466796875 0.0015024046875 0.4462890625 0.0015024046875 0.6630859375 0.0503305296875 0.8798828125 0.16654146718750001 1 0.4126352171875 1
9 0.675 0.07890625 0.05625 0.03515625
9 0.7515625 0.15 0.09375 0.0484375
9 0.72578125 0.20703125 0.07421875 0.04921875
9 0.6859375 0.12890625 0.0703125 0.05234375
9 0.59453125 0.178125 0.0765625 0.0484375
9 0.60859375 0.259375 0.06640625 0.0609375
9 0.58359375 0.21953125 0.06015625 0.0328125
9 0.51953125 0.1375 0.09609375 0.05078125
9 0.46015625 0.0734375 0.04296875 0.05625
9 0.4671875 0.215625 0.08828125 0.07421875
9 0.4984375 0.30546875 0.09921875 0.0609375
9 0.4203125 0.396875 0.07578125 0.05625
9 0.41953125 0.46953125 0.06796875 0.0296875
9 0.834375 0.38828125 0.10703125 0.0625
9 0.7828125 0.515625 0.06484375 0.06796875
9 0.75 0.74375 0.0703125 0.10703125
9 0.7671875 0.875 0.0875 0.06015625
9 0.2234375 0.7328125 0.08984375 0.09609375
9 0.2078125 0.65546875 0.13671875 0.115625
9 0.17109375 0.55625 0.09765625 0.09140625
9 0.19765625 0.46015625 0.06015625 0.071875
0 0.07578125 0.4046875 0.06484375 0.05625
0 0.47421875 0.49375 0.06484375 0.05703125
0 0.515625 0.69296875 0.06796875 0.046875
0 0.42421875 0.784375 0.0390625 0.040625
0 0.43671875 0.7203125 0.053125 0.02734375
0 0.79140625 0.80234375 0.0703125 0.02578125
0 0.865625 0.825 0.0328125 0.05625
0 0.88828125 0.7046875 0.06484375 0.046875
0 0.8546875 0.56875 0.025 0.02109375
0 0.98828125 0.6546875 0.0234375 0.0234375
0 0.95625 0.3828125 0.0296875 0.02109375
0 0.04140625 0.44921875 0.046875 0.04140625
0 0.2125 0.3296875 0.021875 0.03125
0 0.28125 0.45390625 0.06796875 0.0796875
0 0.31015625 0.57734375 0.0390625 0.0375
0 0.2890625 0.64375 0.03125 0.01953125
0 0.38046875 0.878125 0.02890625 0.0453125
0 0.4125 0.92734375 0.0171875 0.01796875
0 0.6125 0.36015625 0.05859375 0.0484375
0 0.68203125 0.3265625 0.02578125 0.03125
0 0.80703125 0.0796875 0.02578125 0.015625
0 0.4828125 0.15625 0.0171875 0.015625
0 0.51640625 0.16640625 0.01953125 0.015625
0 0.29609375 0.19296875 0.0328125 0.015625
0 0.30625 0.21796875 0.01796875 0.00625
0 0.1859375 0.275 0.0484375 0.03125
9 0.2828125 0.5546875 0.09375 0.046875
9 0.34921875 0.48359375 0.0625 0.0796875
9 0.365625 0.5953125 0.07578125 0.10546875
9 0.3734375 0.79140625 0.10546875 0.08046875
9 0.5828125 0.4609375 0.0375 0.05703125
9 0.5484375 0.803125 0.04296875 0.0765625
9 0.4828125 0.64921875 0.0953125 0.14453125