15 0.182307496875 0 0.2208915640625 0.24767369687500002 0.2115486796875 0.49271091718750004 0.202672940625 0.99697580625 0.20368508593749998 1 0.8576324546875 1 0.9385028999999999 0.96572580625 0.9796875 0.9189837578125 0.9796875 0.8915090671874999 0.8140089734375 0.55947580625 0.49650663906250003 0.17633374531249998 0.492146625 0.0614919359375 0.4375023890625 0 0.182307496875 0
13 0.39140625 0.178125 0.2232421875 0.187109375
13 0.62578125 0.2484375 0.2236328125 0.197265625
13 0.515625 0.38125 0.2439453125 0.1220703125
13 0.475 0.67421875 0.2376953125 0.25625
13 0.684375 0.48203125 0.1716796875 0.24375
13 0.8609375 0.2015625 0.1841796875 0.191015625
13 0.746875 0.1578125 0.1998046875 0.1533203125
13 0.50859375 0.053125 0.1765625 0.10625
13 0.7640625 0.0484375 0.191015625 0.096875
13 0.28203125 0.02109375 0.167578125 0.0421875