15 0.2205882359375 0 0.217647059375 0.0087890625 0.22624434375 0.4972956734375 0.23529411718749998 0.7346754796875 0.194117646875 0.9990234375 0.4225490203125 1 0.498039215625 0.9150390625 0.5022624437500001 0.8037860578125 0.8098039218749999 0.4326171875 0.9705882359375 0.1103515625 0.9725490203125 0.0869140625 0.9303921562499999 0.0390625 0.83823529375 0 0.2205882359375 0
13 0.40078125 0.17890625 0.215625 0.18046875
13 0.62734375 0.24609375 0.2171875 0.1921875
13 0.52109375 0.375 0.23671875 0.11875
13 0.48203125 0.65859375 0.23046875 0.24765625
13 0.684375 0.47265625 0.165625 0.2359375
13 0.85546875 0.2015625 0.178125 0.1859375
13 0.7453125 0.15859375 0.19296875 0.1484375
13 0.515625 0.0546875 0.171875 0.109375
13 0.7625 0.05 0.1875 0.1
13 0.29609375 0.02421875 0.16171875 0.0484375