15 0.4671875 0.47919895312499994 0.4671875 0.47618224375 0.45718935937499994 0.46875 0.4557477671875 0.46875 0.43309151874999996 0.47296045312499996 0.31999628125 0.5415445234375 0.000055803125 0.7813666078125 0.000055803125 0.837340984375 0.061067707812500004 0.8645533734375 0.2069010421875 0.8933144359374999 0.4138672078125 0.8953125 0.43622034843749996 0.8953125 0.44946056562500003 0.876721515625 0.4671875 0.47919895312499994
15 0.9673549109374999 0.873416759375 0.9790690109375 0.875 0.996875 0.875 0.996875 0.8398329906249999 0.9867001500000001 0.7196556984375 0.93759300625 0.455275165625 0.8036644359375 0.4596999453125 0.651878721875 0.4796114484375 0.526878721875 0.5150096796875 0.5075334828125 0.5288262671874999 0.5075334828125 0.602759384375 0.9078311031249999 0.8402309171875 0.9673549109374999 0.873416759375
13 0.38671875 0.796875 0.0859375 0.08203125
13 0.5859375 0.77890625 0.096484375 0.059375
13 0.6390625 0.6875 0.090234375 0.0623046875
13 0.62109375 0.6015625 0.0875 0.0533203125
13 0.625 0.5390625 0.087109375 0.0529296875
13 0.7375 0.5984375 0.08046875 0.049609375
13 0.81484375 0.628125 0.0859375 0.043359375
13 0.91796875 0.57265625 0.0828125 0.05625
13 0.8109375 0.53671875 0.084375 0.054296875
13 0.3734375 0.53203125 0.071875 0.040625
13 0.378125 0.58984375 0.08125 0.0544921875
13 0.3484375 0.696875 0.084375 0.0564453125
13 0.2859375 0.62890625 0.090625 0.059375
13 0.18046875 0.61796875 0.0859375 0.058203125
13 0.10859375 0.55234375 0.075 0.042578125
13 0.26640625 0.525 0.0859375 0.0529296875