15 0.464613490625 0.8875 0.467779603125 0.8875 0.4763569078125 0.8810839078124999 0.460567434375 0.52478469375 0.4487253296875 0.5080524109375 0.24609375 0.510020915625 0.11714638125000001 0.535611465625 0.031620065625 0.5739972921875001 0.031620065625 0.5858083171875 0.34609375 0.823013040625 0.44609375 0.8840366625 0.464613490625 0.8875
15 0.99375 0.7683178671875 0.59296875 0.5290661921875001 0.5403371703125 0.49953863125 0.5113898015625 0.49560162500000005 0.5232319078125001 0.6363496546875 0.566652959375 0.8715858750000001 0.6850740125 0.8676488687499999 0.8192845390624999 0.84993233125 0.9298108546874999 0.8184362703125 0.99375 0.7724834 0.99375 0.7683178671875
13 0.40546875 0.79921875 0.0765625 0.0734375
13 0.58125 0.78359375 0.084375 0.053125
13 0.628125 0.70234375 0.0783203125 0.0546875
13 0.6125 0.62578125 0.0779296875 0.0482421875
13 0.615625 0.5703125 0.075390625 0.046875
13 0.715625 0.62265625 0.06953125 0.04375
13 0.78359375 0.65 0.0765625 0.0375
13 0.875 0.6 0.07421875 0.05
13 0.7796875 0.56796875 0.075 0.0482421875
13 0.39375 0.5640625 0.06328125 0.03515625
13 0.39765625 0.615625 0.071875 0.0470703125
13 0.37109375 0.71015625 0.075 0.0513671875
13 0.315625 0.65 0.080859375 0.053125
13 0.22265625 0.640625 0.0765625 0.050390625
13 0.159375 0.58203125 0.066015625 0.038671875
13 0.2984375 0.5578125 0.077734375 0.046875