15 0.4672774875 0.8828125 0.476439790625 0.8759765625 0.460732984375 0.5224609375 0.4489528796875 0.505859375 0.24738219843749998 0.5078125 0.11910994687500001 0.533203125 0.0340314140625 0.5712890625 0.0340314140625 0.5830078125 0.34685863906250003 0.818359375 0.446335078125 0.87890625 0.4672774875 0.8828125
15 0.9947643984375001 0.5947265625 0.928010471875 0.546875 0.8180628265625 0.515625 0.6845549734375 0.498046875 0.5667539265625 0.494140625 0.523560209375 0.7275390625 0.5117801046875 0.8671875 0.5405759156250001 0.86328125 0.5929319375000001 0.833984375 0.9947643984375001 0.5947265625
13 0.40546875 0.7953125 0.07578125 0.07265625
13 0.58046875 0.7796875 0.084375 0.05234375
13 0.62734375 0.6984375 0.07890625 0.0546875
13 0.61171875 0.62265625 0.07734375 0.04765625
13 0.61484375 0.56796875 0.07578125 0.04609375
13 0.7140625 0.61953125 0.0703125 0.04296875
13 0.78203125 0.646875 0.07578125 0.03671875
13 0.87265625 0.596875 0.07265625 0.04921875
13 0.778125 0.565625 0.07421875 0.04765625
13 0.39375 0.56171875 0.06328125 0.0359375
13 0.3984375 0.6125 0.071875 0.04765625
13 0.371875 0.70703125 0.07421875 0.05
13 0.3171875 0.646875 0.0796875 0.05234375
13 0.22421875 0.6375 0.07578125 0.0515625
13 0.1609375 0.57890625 0.06640625 0.03828125
13 0.3 0.55546875 0.07578125 0.04609375