15 0 0.7322899453125 0.004401160937500001 0.7428746234375 0.1367541015625 0.861850528125 0.2679758203125 0.9100432984375001 0.4617159234375 0.921875 0.522867765625 0.921875 0.700102515625 0.8528143828125 0.806437359375 0.7684770328125 0.873179440625 0.673597515625 0.8912789890624999 0.6073324546875 0.896875 0.5328313390625 0.896875 0.5132438328125 0.8528174484375001 0.37540474375 0.80756858125 0.2910673953125 0.697840075 0.184139684375 0.489695278125 0.111850528125 0.3516862265625 0.1028143828125 0.27928803750000003 0.111850528125 0.1412789890625 0.1600432984375 0.034944146875 0.2534167921875 0 0.3022081890625 0 0.7322899453125
0 0.3421875 0.1875 0.0939453125 0.090625
0 0.38671875 0.15234375 0.0515625 0.0703125
0 0.47890625 0.15625 0.0875 0.100390625
0 0.49921875 0.2296875 0.0701171875 0.0748046875
0 0.6046875 0.203125 0.0876953125 0.078125
0 0.56875 0.1734375 0.0970703125 0.052734375
0 0.621875 0.265625 0.180859375 0.0845703125
0 0.5390625 0.34921875 0.07109375 0.048828125
0 0.646875 0.40078125 0.1125 0.084375
0 0.6140625 0.44453125 0.0935546875 0.0544921875
0 0.8328125 0.4765625 0.10390625 0.078125
0 0.7515625 0.44765625 0.091015625 0.0703125
0 0.70546875 0.48203125 0.076953125 0.066796875
0 0.71953125 0.56953125 0.083203125 0.0953125
7 0.190625 0.21328125 0.121875 0.084375
7 0.065625 0.47421875 0.093359375 0.0794921875
7 0.09921875 0.31953125 0.0830078125 0.0203125
7 0.128125 0.36328125 0.0345703125 0.0453125
7 0.12890625 0.39296875 0.060546875 0.04375
7 0.08828125 0.57109375 0.1142578125 0.1076171875
7 0.2890625 0.48984375 0.1310546875 0.0578125
7 0.396875 0.61796875 0.0595703125 0.0640625
7 0.38828125 0.803125 0.0828125 0.04375
7 0.46796875 0.79296875 0.0826171875 0.0517578125
7 0.478125 0.515625 0.099609375 0.059765625
7 0.4234375 0.45625 0.071484375 0.1060546875
7 0.11796875 0.6625 0.0515625 0.1001953125
7 0.28203125 0.58515625 0.0861328125 0.0794921875
7 0.21484375 0.33671875 0.0763671875 0.05
7 0.25859375 0.36015625 0.08125 0.061328125
7 0.14375 0.459375 0.084765625 0.05078125
7 0.18984375 0.5671875 0.098046875 0.03984375
7 0.46328125 0.61796875 0.030078125 0.03125
7 0.41328125 0.57734375 0.0451171875 0.04375
7 0.45859375 0.571875 0.0388671875 0.0310546875
7 0.40078125 0.540625 0.0798828125 0.0625
7 0.23515625 0.6703125 0.0875 0.091015625
7 0.56171875 0.55703125 0.1517578125 0.1578125