15 0.1591796875 0.75 0.2509765625 0.8307291671874999 0.3701171875 0.8723958328125001 0.4326171875 0.8802083328125001 0.5517578125 0.8723958328125001 0.7314453125 0.8098958328125001 0.826171875 0.7174479171875 0.865234375 0.64453125 0.904296875 0.5221354171875 0.8984375 0.4440104171875 0.8828125 0.38671875 0.8251953125 0.3046875 0.7333984375 0.23177083281250002 0.5732421875 0.1692708328125 0.3603515625 0.1822916671875 0.2470703125 0.22395833281250002 0.1328125 0.3268229171875 0.072265625 0.47265625 0.064453125 0.5377604171875 0.078125 0.6080729171875 0.119140625 0.6940104171875 0.1591796875 0.75
0 0.42421875 0.24296875 0.08125 0.078125
0 0.4625 0.2125 0.04453125 0.0609375
0 0.5421875 0.215625 0.07578125 0.08671875
0 0.56015625 0.2796875 0.06015625 0.0640625
0 0.65078125 0.25625 0.0765625 0.0671875
0 0.6203125 0.23046875 0.084375 0.04453125
0 0.66640625 0.31015625 0.15546875 0.0734375
0 0.59453125 0.3828125 0.0609375 0.0421875
0 0.6875 0.42734375 0.096875 0.07265625
0 0.65859375 0.46484375 0.08046875 0.046875
0 0.84765625 0.49296875 0.090625 0.0671875
0 0.778125 0.46796875 0.0796875 0.0609375
0 0.73828125 0.49765625 0.06640625 0.0578125
0 0.75 0.57265625 0.07265625 0.0828125
7 0.29375 0.265625 0.1046875 0.07265625
7 0.1859375 0.490625 0.0796875 0.06875
7 0.2140625 0.35703125 0.07265625 0.0171875
7 0.23984375 0.3953125 0.03046875 0.0390625
7 0.23984375 0.4203125 0.05234375 0.03828125
7 0.2046875 0.57421875 0.09921875 0.0921875
7 0.378125 0.5046875 0.1125 0.05
7 0.47109375 0.61484375 0.05234375 0.05546875
7 0.4640625 0.775 0.071875 0.03828125
7 0.5328125 0.76640625 0.07109375 0.0453125
7 0.54140625 0.5265625 0.08515625 0.05234375
7 0.49453125 0.475 0.0609375 0.09140625
7 0.23046875 0.653125 0.04453125 0.08671875
7 0.37265625 0.58671875 0.075 0.06875
7 0.3140625 0.371875 0.06484375 0.04375
7 0.35234375 0.3921875 0.0703125 0.053125
7 0.253125 0.478125 0.0734375 0.04453125
7 0.29296875 0.57109375 0.084375 0.03359375
7 0.52890625 0.61484375 0.02578125 0.02734375
7 0.48515625 0.5796875 0.03828125 0.03828125
7 0.52421875 0.575 0.03359375 0.02578125
7 0.475 0.54765625 0.06953125 0.05390625
7 0.33125 0.66015625 0.07578125 0.07890625
7 0.61328125 0.56171875 0.13203125 0.13671875