15 0.0313802078125 0.412934028125 0.016796875 0.48793402812500003 0.0251302078125 0.5573784734375 0.089713540625 0.7129340281250001 0.211588540625 0.82265625 0.332421875 0.8671006953125 0.5382161296875 0.8796875 0.5628417984375 0.8796875 0.730338540625 0.8143229171874999 0.8282552078125001 0.7365451390625 0.8897135421875 0.6490451390625 0.9063802078125001 0.5879340281250001 0.9109375 0.5271701328125 0.9109375 0.499296878125 0.8709635421874999 0.37404513906250003 0.829296875 0.29626736249999996 0.7282552078125 0.19765625 0.536588540625 0.130989584375 0.4095052078125 0.12265625 0.34283854062499997 0.130989584375 0.21575520781250002 0.175434028125 0.11783854062500002 0.2615451390625 0.0751302078125 0.3212673625 0.0313802078125 0.412934028125
0 0.4 0.20078125 0.0873046875 0.0830078125
0 0.44140625 0.16875 0.0482421875 0.0654296875
0 0.5265625 0.171875 0.080859375 0.093359375
0 0.5453125 0.23984375 0.065234375 0.0673828125
0 0.6421875 0.21484375 0.08125 0.071875
0 0.609375 0.1875 0.090625 0.0470703125
0 0.65859375 0.27265625 0.165625 0.0794921875
0 0.58203125 0.35 0.0642578125 0.044140625
0 0.68125 0.396875 0.103125 0.0779296875
0 0.65078125 0.4375 0.0859375 0.05
0 0.85234375 0.4671875 0.0955078125 0.071875
0 0.778125 0.440625 0.0845703125 0.0654296875
0 0.73515625 0.47265625 0.070703125 0.061328125
0 0.74765625 0.553125 0.076953125 0.087890625
7 0.2609375 0.225 0.1123046875 0.0779296875
7 0.14609375 0.465625 0.0857421875 0.0720703125
7 0.1765625 0.32265625 0.0779296875 0.01875
7 0.20390625 0.36328125 0.0326171875 0.0419921875
7 0.20390625 0.38984375 0.0548828125 0.040625
7 0.16640625 0.5546875 0.10625 0.097265625
7 0.3515625 0.4796875 0.119140625 0.053125
7 0.45078125 0.59765625 0.055078125 0.059375
7 0.44296875 0.76875 0.0765625 0.040625
7 0.51640625 0.75859375 0.076171875 0.0484375
7 0.52578125 0.503125 0.0919921875 0.0560546875
7 0.475 0.4484375 0.0654296875 0.096875
7 0.19375 0.63828125 0.0470703125 0.0923828125
7 0.3453125 0.5671875 0.07890625 0.072265625
7 0.2828125 0.33828125 0.0689453125 0.0455078125
7 0.3234375 0.36015625 0.075 0.0576171875
7 0.21796875 0.4515625 0.078125 0.0470703125
7 0.26015625 0.55078125 0.090625 0.0359375
7 0.5125 0.59765625 0.028125 0.029296875
7 0.465625 0.56015625 0.040625 0.040625
7 0.50703125 0.55546875 0.0359375 0.028125
7 0.4546875 0.52578125 0.072265625 0.0578125
7 0.3015625 0.64609375 0.0810546875 0.084375
7 0.60234375 0.54140625 0.140625 0.1455078125