15 1 0.269117646875 0.9658203125 0.2147058828125 0.7724609375 0.06176470625 0.6396484375 0.01176470625 0.3544921875 0.0088235296875 0.2431640625 0.0235294125 0.0927734375 0.0705882359375 0.0439453125 0.0970588234375 0.0185546875 0.1294117640625 0 0.157352940625 0 0.9044117640625 0.0439453125 0.9529411765625 0.2763671875 0.9852941171875 0.7333984375 0.9852941171875 0.8642578125 0.93823529375 1 0.8102941171875001 1 0.269117646875
13 0.328125 0.6703125 0.234375 0.12421875
13 0.41875 0.49765625 0.20078125 0.16875
13 0.2375 0.36171875 0.1703125 0.165625
13 0.05703125 0.3640625 0.1140625 0.1546875
13 0.66328125 0.4546875 0.16484375 0.153125
13 0.86328125 0.58203125 0.22890625 0.1796875
13 0.32265625 0.21171875 0.12734375 0.09609375
13 0.21875 0.115625 0.128125 0.08203125
13 0.54296875 0.06796875 0.12265625 0.09296875
13 0.51328125 0.1921875 0.1421875 0.09296875
13 0.6453125 0.27109375 0.1265625 0.11796875
13 0.82734375 0.21953125 0.146875 0.1328125