15 0.21969697031250002 0 0.1677489171875 0.01960784375 0 0.1526374875 0 0.9310786671875 0.06601731562499999 0.9934640515625001 0.084145021875 1 0.98396300625 1 1 0.982244009375 1 0.090623428125 0.9751082249999999 0.0588235296875 0.9209956703125 0.0294117640625 0.8272456703125 0 0.21969697031250002 0
13 0.33984375 0.69609375 0.259375 0.1375
13 0.440625 0.50390625 0.221875 0.1875
13 0.2390625 0.35234375 0.190234375 0.184375
13 0.05078125 0.353125 0.1015625 0.169140625
13 0.7109375 0.45546875 0.1814453125 0.1703125
13 0.90234375 0.59609375 0.1951171875 0.1986328125
13 0.33359375 0.18671875 0.1419921875 0.10625
13 0.21796875 0.07890625 0.1421875 0.0919921875
13 0.5765625 0.0375 0.1373046875 0.075
13 0.54453125 0.1640625 0.1576171875 0.103125
13 0.69140625 0.25234375 0.1392578125 0.1298828125
13 0.89296875 0.1953125 0.1638671875 0.1470703125