15 0.1904947921875 0 0.0802083328125 0.0345911953125 0.028125 0.06289308125000001 0.0010416671875 0.0974842765625 0 0.099056603125 0 0.9468553453125 0.028125 0.9779874218750001 0.1858901515625 1 0.7984375 1 0.903125 0.9622641515625 1 0.8707411421875 1 0.1795946890625 0.8052083328125 0.025157232812500003 0.7385416671875 0 0.1904947921875 0
13 0.33125 0.67578125 0.25 0.1326171875
13 0.428125 0.49140625 0.212890625 0.1798828125
13 0.234375 0.3453125 0.1814453125 0.1779296875
13 0.05078125 0.3453125 0.1015625 0.1625
13 0.68828125 0.44453125 0.1763671875 0.1640625
13 0.8890625 0.58046875 0.221875 0.1921875
13 0.32578125 0.1859375 0.1359375 0.1029296875
13 0.2140625 0.08203125 0.137109375 0.0875
13 0.559375 0.0390625 0.13125 0.078125
13 0.528125 0.1640625 0.150390625 0.0998046875
13 0.66953125 0.2484375 0.1357421875 0.1251953125
13 0.86328125 0.19453125 0.1576171875 0.1421875