15 1 0.3189080609375 0.60972850625 0.015003765625000002 0.51923076875 0.0029555734375 0 0.1286401296875 0 0.9984375 1 0.9984375 1 0.3189080609375
13 0.89609375 0.44140625 0.2078125 0.25625
13 0.315625 0.6765625 0.4783203125 0.3654296875
13 0.25625 0.41875 0.4533203125 0.212109375
13 0.103125 0.1859375 0.1 0.103125
19 0.23203125 0.64296875 0.2013671875 0.2982421875
19 0.57265625 0.51328125 0.2 0.2234375
11 0.41171875 0.20703125 0.1171875 0.1453125
11 0.18125 0.30625 0.128125 0.112890625
11 0.68515625 0.4203125 0.115625 0.1001953125
11 0.5171875 0.3296875 0.1029296875 0.0595703125
11 0.6359375 0.271875 0.0939453125 0.0720703125
11 0.5453125 0.240625 0.1060546875 0.0845703125
11 0.4890625 0.29140625 0.091015625 0.0515625