15 1 0.3033854171875 0.6376953125 0.0208333328125 0.5595703125 0.010416667187500001 0.0009765625 0.1458333328125 0 0.7278645828125 0.03125 0.9752604171874999 0.0478515625 0.9973958328125001 0.7041015625 0.9947916671874999 0.8017578125 0.9791666671874999 0.9306640625 0.9296875 1 0.8684895828125001 1 0.3033854171875
13 0.89765625 0.38984375 0.2046875 0.221875
13 0.38359375 0.59296875 0.41328125 0.315625
13 0.3328125 0.3703125 0.39140625 0.18203125
13 0.20078125 0.16875 0.0859375 0.0890625
19 0.31171875 0.5640625 0.1734375 0.25703125
19 0.60546875 0.4515625 0.17265625 0.19296875
11 0.46640625 0.18671875 0.10078125 0.12578125
11 0.26796875 0.27265625 0.11015625 0.0984375
11 0.70234375 0.371875 0.1 0.0875
11 0.5578125 0.2921875 0.08828125 0.05234375
11 0.66015625 0.24296875 0.08125 0.0625
11 0.58203125 0.215625 0.090625 0.0734375
11 0.53359375 0.259375 0.07890625 0.04453125