15 1 0.0062208828125 0 0.0062208828125 0 0.8512237078125 0.5998800953125001 0.996875 0.6362645203125 0.996875 0.7058139531250001 0.9875873421874999 1 0.7578029765625 1 0.0062208828125
13 0.94609375 0.45703125 0.1078125 0.2640625
13 0.403125 0.70078125 0.49296875 0.3765625
13 0.3421875 0.43515625 0.466015625 0.2171875
13 0.18515625 0.19453125 0.1017578125 0.10625
19 0.31796875 0.66640625 0.20625 0.307421875
19 0.6671875 0.5328125 0.205859375 0.230859375
11 0.5015625 0.21640625 0.12109375 0.15
11 0.265625 0.31875 0.13125 0.118359375
11 0.7828125 0.43671875 0.11875 0.1044921875
11 0.6109375 0.34296875 0.105859375 0.0625
11 0.73203125 0.28359375 0.096875 0.075
11 0.6390625 0.2515625 0.108984375 0.0875
11 0.58203125 0.303125 0.0951171875 0.053125