15 0.1884765625 0.76171875 0.4306640625 0.857421875 0.5966796875 0.876953125 0.6845703125 0.849609375 0.857421875 0.7001953125 0.888671875 0.6533203125 0.904296875 0.6025390625 0.916015625 0.5302734375 0.916015625 0.4365234375 0.873046875 0.3212890625 0.8212890625 0.26171875 0.7294921875 0.19140625 0.6650390625 0.171875 0.4462890625 0.169921875 0.3388671875 0.19140625 0.2529296875 0.22265625 0.1640625 0.2841796875 0.111328125 0.3642578125 0.087890625 0.4248046875 0.07421875 0.4697265625 0.080078125 0.5771484375 0.125 0.6884765625 0.1884765625 0.76171875
0 0.61484375 0.3875 0.0578125 0.04609375
0 0.696875 0.478125 0.0515625 0.02265625
0 0.8125 0.5171875 0.03671875 0.05078125
0 0.58125 0.5609375 0.0578125 0.11953125
0 0.58984375 0.46953125 0.03125 0.025
0 0.43828125 0.51796875 0.09765625 0.0640625
0 0.48203125 0.61953125 0.05390625 0.05546875
0 0.4609375 0.69765625 0.0640625 0.07578125
0 0.38515625 0.59765625 0.0390625 0.04453125
0 0.315625 0.65234375 0.078125 0.11015625
0 0.2828125 0.5671875 0.02890625 0.01953125
0 0.25078125 0.52421875 0.05078125 0.065625
0 0.2921875 0.4703125 0.04921875 0.0609375
0 0.2484375 0.378125 0.0734375 0.0828125
0 0.35703125 0.31484375 0.0609375 0.053125
0 0.4375 0.37421875 0.1171875 0.0390625
0 0.3515625 0.26796875 0.025 0.021875
0 0.4 0.303125 0.03125 0.03984375
0 0.3703125 0.2390625 0.05078125 0.04140625
0 0.3234375 0.24609375 0.04921875 0.04140625
0 0.5390625 0.22578125 0.06171875 0.0359375
0 0.5609375 0.3 0.065625 0.06171875
0 0.68125 0.33046875 0.0578125 0.03984375
0 0.7390625 0.3609375 0.06171875 0.06328125
0 0.65859375 0.28671875 0.03828125 0.03828125
0 0.790625 0.34296875 0.03828125 0.04453125