15 0.12376247343749999 0.29309020625 0.0775439875 0.4170397859375 0.0775439875 0.5178801203125001 0.090149028125 0.5956112140625 0.10695575156249999 0.6502330640625 0.140569196875 0.7006532328125 0.3264935671875 0.861367515625 0.41551315625 0.8890625 0.4356240203125 0.8890625 0.5996028109375 0.869770878125 0.8601070125 0.766829703125 0.9283843218750001 0.688048190625 0.9767036499999999 0.5683002890625 0.9796875 0.51359638125 0.9796875 0.44184986562499995 0.9683002890625 0.40443474375 0.9430902046874999 0.33930869218750004 0.886367515625 0.253174240625 0.7907792812500001 0.1869977703125 0.69834230625 0.15338432500000002 0.5827960875 0.13027508125 0.3475019703125 0.1323759203125 0.2781742390625 0.15338432500000002 0.17943474375 0.22901457500000003 0.12376247343749999 0.29309020625
0 0.659375 0.3640625 0.0623046875 0.0498046875
0 0.74765625 0.46171875 0.0548828125 0.025
0 0.871875 0.50390625 0.0404296875 0.0546875
0 0.6234375 0.55078125 0.062109375 0.129296875
0 0.6328125 0.453125 0.033984375 0.027734375
0 0.46953125 0.5046875 0.1046875 0.0689453125
0 0.51640625 0.61328125 0.0578125 0.059375
0 0.49375 0.69765625 0.0689453125 0.08125
0 0.41171875 0.590625 0.0421875 0.049609375
0 0.3375 0.64921875 0.084375 0.11875
0 0.30234375 0.55703125 0.03125 0.0205078125
0 0.2671875 0.51171875 0.053515625 0.0703125
0 0.3125 0.45390625 0.053125 0.065625
0 0.26484375 0.35390625 0.0794921875 0.0890625
0 0.38125 0.2859375 0.065625 0.0564453125
0 0.46875 0.35 0.1251953125 0.043359375
0 0.37578125 0.2359375 0.0267578125 0.022265625
0 0.42890625 0.2734375 0.0330078125 0.0435546875
0 0.39609375 0.2046875 0.0546875 0.0439453125
0 0.34609375 0.21171875 0.053125 0.0451171875
0 0.57734375 0.190625 0.0669921875 0.0376953125
0 0.6015625 0.2703125 0.071484375 0.0658203125
0 0.73046875 0.303125 0.0611328125 0.0435546875
0 0.7921875 0.3359375 0.0658203125 0.0685546875
0 0.70625 0.25546875 0.040625 0.040625
0 0.8484375 0.31640625 0.040625 0.0484375