15 0.0002592640625 0.3837769640625 0.0002592640625 0.48997165468750004 0.0135336015625 0.5718300609375 0.0312327171875 0.6293521828124999 0.066630946875 0.682449528125 0.2624274078125 0.85169731875 0.35741817187499997 0.88125 0.3740614640625 0.88125 0.5500380265625 0.860546875 0.8243743078125 0.7521397953125 0.8962769625 0.66917519375 0.9125 0.6289702796875 0.9125 0.30382068906250004 0.9117636890625 0.30191855625 0.852029175 0.2112105921875 0.7513654609375 0.1415203265625 0.654020328125 0.106122096875 0.5323389109375001 0.08178581406249999 0.28455130156249997 0.083998203125 0.2115424515625 0.106122096875 0.10756015000000001 0.1857681140625 0.0489318296875 0.25324599062500003 0.0002592640625 0.3837769640625
0 0.57265625 0.328125 0.064453125 0.052734375
0 0.665625 0.43046875 0.0591796875 0.0263671875
0 0.79609375 0.475 0.041796875 0.056640625
0 0.534375 0.52421875 0.065234375 0.135546875
0 0.54453125 0.421875 0.0357421875 0.0283203125
0 0.37265625 0.4765625 0.1109375 0.0720703125
0 0.421875 0.590625 0.062109375 0.0625
0 0.39765625 0.6796875 0.0732421875 0.084765625
0 0.31171875 0.56640625 0.0451171875 0.0513671875
0 0.23359375 0.62890625 0.0888671875 0.125
0 0.196875 0.53125 0.03203125 0.021875
0 0.16015625 0.48359375 0.0576171875 0.0736328125
0 0.20703125 0.42265625 0.05625 0.06875
0 0.15703125 0.3171875 0.083203125 0.09375
0 0.28046875 0.24609375 0.06875 0.0607421875
0 0.371875 0.31328125 0.131640625 0.0451171875
0 0.27421875 0.19296875 0.0294921875 0.025
0 0.3296875 0.23203125 0.0345703125 0.0453125
0 0.2953125 0.16015625 0.0564453125 0.046875
0 0.2421875 0.16796875 0.05625 0.046875
0 0.48671875 0.1453125 0.0703125 0.040625
0 0.51171875 0.22890625 0.0736328125 0.0703125
0 0.64765625 0.26328125 0.0642578125 0.0453125
0 0.71328125 0.2984375 0.0703125 0.071875
0 0.62265625 0.2140625 0.0423828125 0.0435546875
0 0.771875 0.278125 0.043359375 0.050390625