15 0 0.5915663062500001 0.45390601249999996 0.71549459375 0.8441445999999999 0.8265625 0.84933605625 0.8265625 0.8546875 0.782413084375 0.8546875 0.7761482625 0.722984759375 0.379526215625 0.6500142515625 0.2107819171875 0.5207956453125 0.21686279218750001 0.4022185703125 0.2548682640625 0.23347427031249998 0.3369600875 0.058649095312499996 0.4418551921875 0 0.5324947015625 0 0.5915663062500001
13 0.8578125 0.675 0.108984375 0.178125
13 0.5328125 0.58671875 0.1998046875 0.1703125
13 0.3859375 0.53671875 0.225 0.1892578125
13 0.20703125 0.5078125 0.2048828125 0.1625
13 0.38125 0.4109375 0.169140625 0.1283203125
13 0.628125 0.38203125 0.171875 0.16875
13 0.6953125 0.5453125 0.2060546875 0.166015625
13 0.5703125 0.490625 0.1841796875 0.1435546875
13 0.4703125 0.3125 0.1904296875 0.1404296875
13 0.59140625 0.27109375 0.204296875 0.1140625
13 0.721875 0.6828125 0.1970703125 0.122265625