15 0 0.5844350953124999 0.4567307703125 0.709134615625 0.8473557703125 0.8203125 0.8533653843750001 0.7707331734375 0.72265625 0.377103365625 0.650540865625 0.2103365390625 0.5228365390625 0.2163461546875 0.4056490390625 0.25390625 0.2388822109375 0.33503605937500003 0.0661057703125 0.4387019234375 0 0.540865384375 0 0.5844350953124999
13 0.85546875 0.66953125 0.10703125 0.17578125
13 0.534375 0.58125 0.196875 0.16796875
13 0.3890625 0.5328125 0.22265625 0.1875
13 0.2125 0.50390625 0.203125 0.1609375
13 0.384375 0.4078125 0.16796875 0.12734375
13 0.62890625 0.3796875 0.16953125 0.16640625
13 0.69453125 0.540625 0.203125 0.165625
13 0.571875 0.48671875 0.18203125 0.14140625
13 0.47265625 0.3109375 0.1875 0.13828125
13 0.5921875 0.26953125 0.2015625 0.1125
13 0.72109375 0.6765625 0.1953125 0.121875