15 0 0.4523742890625 0.0732865875 0.5656353765625 0.2716308421875 0.6846419312500001 0.4630761703125 0.7777774953125001 0.597605315625 0.8208958109375001 0.71802248125 0.8265625 0.7447404546875 0.8265625 0.826994759375 0.6363494140625 0.9765625 0.185927028125 0.9765625 0.18047643124999999 0.970147571875 0.12755327968750002 0.5217170796875 0.2551834953125 0 0.39762599062500004 0 0.4523742890625
13 0.95859375 0.65234375 0.0828125 0.2015625
13 0.6109375 0.553125 0.2251953125 0.1935546875
13 0.44453125 0.496875 0.2548828125 0.215625
13 0.2421875 0.4640625 0.233984375 0.184375
13 0.4390625 0.35390625 0.1935546875 0.146875
13 0.71953125 0.32109375 0.194921875 0.191796875
13 0.7953125 0.50625 0.233984375 0.1904296875
13 0.65390625 0.44453125 0.2080078125 0.1625
13 0.53984375 0.24296875 0.215625 0.1580078125
13 0.67734375 0.1953125 0.23125 0.128515625
13 0.82578125 0.6625 0.223828125 0.140234375