15 0 0 0.0090144234375 0.25540865468749996 0.1186899046875 0.30949519062499997 0.2689302890625 0.33503605937500003 0.6786152328124999 0.3246077125 0.6790865390625 0.326021634375 0.8218149046875001 0.3170072109375 0.9405048078125 0.24489182656250003 0.9720552890624999 0.1832932703125 0.5964543265625 0.1186899046875 0.9675480765625 0.030048076562499998 0.9675480765625 0.0105168265625 0.9525240390624999 0 0 0
15 1 0.7958984375 0.9990234375 0.376953125 0.7333984375 0.294921875 0.4987980765625 0.2614182703125 0.3951322109375 0.22385817343749997 0.3801081734375 0.28996394062499997 0.2358774046875 0.31400240468749996 0 0.3861177890625 0.0009765625 1 0.912109375 0.9990234375 1 1 1 0.7958984375
9 0.7390625 0.6 0.1234375 0.0765625
9 0.796875 0.69375 0.121875 0.13203125
9 0.75625 0.7828125 0.1125 0.06328125
9 0.83046875 0.80546875 0.09296875 0.0875
7 0.71015625 0.8421875 0.05859375 0.0765625
7 0.56875 0.66796875 0.24765625 0.26875
7 0.3828125 0.609375 0.225 0.14296875
7 0.1203125 0.5515625 0.165625 0.1265625
7 0.13671875 0.89296875 0.2734375 0.2140625
7 0.575 0.89921875 0.228125 0.2015625
7 0.88125 0.54296875 0.23671875 0.16640625
9 0.40703125 0.47734375 0.15625 0.09765625
9 0.23984375 0.55625 0.0859375 0.10234375
9 0.09765625 0.6734375 0.18046875 0.190625
9 0.05546875 0.86640625 0.1109375 0.1484375
9 0.5625 0.93984375 0.1484375 0.11953125
9 0.74296875 0.95625 0.103125 0.0875
9 0.940625 0.678125 0.11796875 0.09453125
9 0.95703125 0.91171875 0.0859375 0.1765625
1 0.221875 0.1453125 0.0828125 0.0703125
1 0.3953125 0.05546875 0.05078125 0.05703125
1 0.471875 0.0453125 0.06875 0.06015625
1 0.65078125 0.15078125 0.09921875 0.05234375
1 0.73515625 0.20546875 0.1484375 0.09296875
1 0.0890625 0.06484375 0.1125 0.06875
1 0.303125 0.25625 0.06640625 0.06171875
1 0.6296875 0.06015625 0.05703125 0.0359375
9 0.684375 0.03203125 0.05 0.0640625
9 0.2578125 0.22734375 0.1125 0.0765625
9 0.17421875 0.2265625 0.06328125 0.0453125
9 0.59921875 0.21953125 0.15625 0.10546875
9 0.296875 0.05234375 0.11875 0.08984375
9 0.4984375 0.0859375 0.06015625 0.06640625