15 0.7785276624999999 0 0.30352045625 0.012091096875 0.3029720265625 0.01044580625 0.1368881109375 0.0209353171875 0 0.10410783906250001 0 0.183054896875 0.399125875 0.251704546875 0.039948303125 0.3375 1 0.3375 1 0.051833870312499995 0.9550699296875 0.0296765765625 0.7805018593749999 0 0.7785276624999999 0
15 1 0.36515869218749997 0.7602272734375 0.2911112328125 0.48723776093750004 0.25212521875 0.366608390625 0.2084189265625 0.34912587500000003 0.2853420015625 0.18129370625000002 0.31331403125 0 0.36874140624999996 0 1 1 1 1 0.36515869218749997
9 0.7671875 0.64609375 0.14375 0.0890625
9 0.834375 0.75546875 0.141015625 0.154296875
9 0.78671875 0.85859375 0.13125 0.0734375
9 0.8734375 0.88515625 0.108984375 0.1015625
7 0.7328125 0.92734375 0.0685546875 0.0890625
7 0.56875 0.725 0.2876953125 0.3126953125
7 0.35234375 0.65625 0.2625 0.166015625
7 0.0703125 0.58828125 0.140625 0.1453125
7 0.1125 0.93046875 0.225 0.138671875
7 0.57578125 0.93828125 0.265625 0.1232421875
7 0.89609375 0.57734375 0.2078125 0.1921875
9 0.38046875 0.503125 0.1826171875 0.1126953125
9 0.1859375 0.59453125 0.1 0.11875
9 0.0625 0.73046875 0.125 0.2203125
9 0.0171875 0.93359375 0.034375 0.1328125
9 0.56171875 0.98515625 0.1732421875 0.0296875
9 0.965625 0.73671875 0.0685546875 0.109375
1 0.16484375 0.11640625 0.0955078125 0.0826171875
1 0.365625 0.02265625 0.059375 0.0453125
1 0.4546875 0.0171875 0.0814453125 0.034375
1 0.6640625 0.1234375 0.115625 0.06015625
1 0.7625 0.1875 0.17421875 0.108984375
1 0.0375 0.03046875 0.075 0.0609375
1 0.26015625 0.24609375 0.0765625 0.071875
1 0.6375 0.01953125 0.065625 0.0388671875
9 0.70234375 0.01171875 0.059375 0.023046875
9 0.20625 0.2125 0.13125 0.087890625
9 0.109375 0.21171875 0.07421875 0.051953125
9 0.6046875 0.203125 0.1814453125 0.1220703125
9 0.25078125 0.0296875 0.1388671875 0.059375
9 0.4875 0.04765625 0.069140625 0.0765625