15 0.3779233875 0 0.28114919375 0.020161290625 0.10171370937499999 0.09072580625 0.06844758125 0.11794354843749999 0.070463709375 0.170362903125 0.24710763125000001 0.4900744421875 0.426044734375 1 0.6607855890625001 1 0.9898185484375001 0.164314515625 0.9984375 0.137794665625 0.9984375 0.0296650984375 0.988810484375 0.02217741875 0.9101814515625 0 0.3779233875 0
19 0.778125 0.36640625 0.0908203125 0.1482421875
11 0.44765625 0.30234375 0.0830078125 0.0861328125
11 0.5421875 0.31484375 0.0998046875 0.0955078125
11 0.83125 0.3921875 0.0626953125 0.1154296875
11 0.76953125 0.61015625 0.061328125 0.123046875
19 0.47109375 0.715625 0.079296875 0.144140625
19 0.4125 0.55859375 0.0939453125 0.0955078125
19 0.29765625 0.315625 0.1107421875 0.1251953125
19 0.69453125 0.71640625 0.0951171875 0.1455078125
19 0.5671875 0.9421875 0.090625 0.115234375
19 0.675 0.56796875 0.0810546875 0.0673828125
19 0.5609375 0.6390625 0.1001953125 0.1123046875