15 0.37273732656249997 0 0.213294909375 0.4543706296875 0.014169034375 0.8147727265625001 0.011896306249999999 0.8738636359375 0.04939630625 0.9045454546875 0.2516690359375 0.984090909375 0.328032671875 1 0.984933496875 1 1 0.995750475 1 0.693246871875 0.7270491406249999 0 0.37273732656249997 0
19 0.81171875 0.40625 0.103125 0.1658203125
11 0.43828125 0.334375 0.0951171875 0.0970703125
11 0.5453125 0.3484375 0.1123046875 0.1091796875
11 0.87109375 0.43515625 0.071875 0.1296875
11 0.8015625 0.68125 0.071484375 0.1376953125
19 0.465625 0.8 0.087890625 0.1625
19 0.39921875 0.62265625 0.10625 0.1080078125
19 0.26953125 0.34921875 0.1236328125 0.1419921875
19 0.7171875 0.80078125 0.10625 0.1640625
19 0.6953125 0.6328125 0.090625 0.077734375
19 0.56640625 0.71328125 0.113671875 0.126171875