15 0 0 0 0.035630959375 0.008407871875 0.27385398125 0.1389982109375 0.33825469531249996 0.3091911578125 0.3671875 0.375978828125 0.3671875 0.8056999984375001 0.3562491390625 0.80626118125 0.3579326921875 0.9762075140625001 0.347199240625 1 0.3327430484375 1 0.16130943749999999 0.7078711984375 0.1110632828125 1 0.0412835296875 1 0 0 0
15 1 0.3609786875 0.8709302328125 0.32111890625 0.5915921281250001 0.281226240625 0.4681574234375 0.236503521875 0.4502683375 0.31521550625 0.2785330953125 0.3438380484375 0 0.4289946640625 0 1 1 1 1 0.3609786875
9 0.878125 0.684375 0.146875 0.091015625
9 0.9359375 0.7953125 0.128125 0.158984375
9 0.8984375 0.9015625 0.134375 0.075
9 0.96484375 0.928125 0.069921875 0.102734375
7 0.8421875 0.9625 0.069140625 0.074609375
7 0.675 0.76484375 0.294140625 0.3203125
7 0.45390625 0.6953125 0.267578125 0.17109375
7 0.140625 0.6265625 0.196875 0.15
7 0.16171875 0.95234375 0.3234375 0.0953125
7 0.6828125 0.96015625 0.271875 0.0794921875
7 0.95234375 0.61484375 0.0953125 0.1982421875
9 0.4828125 0.5375 0.184765625 0.1158203125
9 0.2828125 0.63203125 0.1029296875 0.121875
9 0.1140625 0.771875 0.2154296875 0.2279296875
9 0.0640625 0.95546875 0.128125 0.088671875
1 0.26171875 0.1421875 0.0984375 0.084375
1 0.46796875 0.0359375 0.0609375 0.0685546875
1 0.5578125 0.02890625 0.0841796875 0.0578125
1 0.77265625 0.14921875 0.1173828125 0.0625
1 0.8734375 0.21484375 0.1779296875 0.1109375
1 0.10390625 0.046875 0.134375 0.081640625
1 0.359375 0.275 0.078515625 0.07421875
1 0.746875 0.04140625 0.0685546875 0.0423828125
9 0.81171875 0.0234375 0.0607421875 0.046875
9 0.3046875 0.240625 0.134375 0.0908203125
9 0.20546875 0.23984375 0.075 0.0544921875
9 0.71171875 0.23125 0.1859375 0.125
9 0.35 0.0421875 0.143359375 0.0841796875
9 0.59140625 0.071875 0.071875 0.0783203125