15 0.3701171875 0 0.2763671875 0.01953125 0.1025390625 0.087890625 0.0703125 0.1142578125 0.072265625 0.1650390625 0.24338942343749997 0.474759615625 0.421875 0.9833984375 0.4384765625 1 0.6318359375 1 0.962890625 0.1591796875 0.98828125 0.0810546875 0.98828125 0.0419921875 0.9619140625 0.021484375 0.8857421875 0 0.3701171875 0
19 0.7578125 0.35546875 0.08828125 0.14296875
11 0.4375 0.29296875 0.08125 0.084375
11 0.52890625 0.3046875 0.09609375 0.09296875
11 0.809375 0.38046875 0.06171875 0.1109375
11 0.75 0.59140625 0.06015625 0.11875
19 0.46015625 0.69375 0.0765625 0.13984375
19 0.403125 0.540625 0.09140625 0.09296875
19 0.2921875 0.30546875 0.10703125 0.121875
19 0.6765625 0.69375 0.09140625 0.14140625
19 0.5546875 0.91328125 0.0875 0.1109375
19 0.6578125 0.55 0.078125 0.06640625
19 0.54765625 0.61875 0.09765625 0.1078125