15 0.9130859375 1 1 0.9541015625 0.9990234375 0.359375 0.6611328125 0.173828125 0.5380859375 0.130859375 0.1533203125 0.08203125 0.0009765625 0.123046875 0.0009765625 1 0.9130859375 1
2 0.18125 0.62734375 0.28125 0.2
2 0.10546875 0.4671875 0.153125 0.08984375
2 0.0296875 0.5375 0.05859375 0.21875
2 0.03203125 0.340625 0.0640625 0.11875
2 0.16328125 0.2265625 0.22421875 0.078125
2 0.15625 0.3421875 0.15625 0.10234375
2 0.31796875 0.34453125 0.13671875 0.13671875
2 0.24296875 0.428125 0.13671875 0.078125
2 0.29765625 0.48203125 0.1265625 0.0875
2 0.3609375 0.5453125 0.13828125 0.09921875
2 0.44921875 0.6015625 0.15625 0.10390625
2 0.4828125 0.74453125 0.2 0.13046875
2 0.59765625 0.684375 0.2828125 0.18203125
2 0.7234375 0.68203125 0.14609375 0.1265625
2 0.85078125 0.46484375 0.190625 0.08828125
2 0.73359375 0.55390625 0.13984375 0.10390625
2 0.65234375 0.40234375 0.1171875 0.06640625
2 0.68515625 0.3515625 0.09921875 0.06328125
0 0.48359375 0.29296875 0.20703125 0.09296875
0 0.11640625 0.403125 0.11875 0.0734375
0 0.20859375 0.5125 0.12890625 0.25546875
0 0.24140625 0.29921875 0.17578125 0.05703125
0 0.3859375 0.33203125 0.1234375 0.10234375
0 0.30859375 0.25625 0.034375 0.04375
0 0.421875 0.25703125 0.06328125 0.0484375
0 0.55625 0.35546875 0.190625 0.040625
0 0.628125 0.44453125 0.309375 0.1921875
0 0.63671875 0.59296875 0.20703125 0.09765625
0 0.8828125 0.315625 0.215625 0.13984375