15 1 0.0734188984375 0.06710148593750001 0.0734188984375 0 0.10885451718750001 0 0.723163140625 0.334325396875 0.9067522312499999 0.459325396875 0.950403025 0.8255245453125 0.996875 0.8618285890624999 0.996875 1 0.959675003125 1 0.0734188984375
2 0.178125 0.62734375 0.284765625 0.203125
2 0.10078125 0.46484375 0.155078125 0.091796875
2 0.0265625 0.5359375 0.053125 0.221875
2 0.0296875 0.334375 0.059375 0.1216796875
2 0.159375 0.2203125 0.2279296875 0.078515625
2 0.153125 0.33828125 0.1591796875 0.1044921875
2 0.3171875 0.340625 0.140234375 0.137890625
2 0.240625 0.425 0.13828125 0.08046875
2 0.29609375 0.4796875 0.128125 0.0876953125
2 0.36015625 0.54375 0.140625 0.1001953125
2 0.45078125 0.6015625 0.158203125 0.105859375
2 0.484375 0.74609375 0.203125 0.1328125
2 0.6015625 0.68515625 0.2873046875 0.184375
2 0.72890625 0.6828125 0.1484375 0.128125
2 0.85859375 0.4625 0.19375 0.0904296875
2 0.73984375 0.55234375 0.1421875 0.1048828125
2 0.65625 0.39921875 0.11875 0.0671875
2 0.68984375 0.346875 0.1013671875 0.062890625
0 0.48515625 0.2875 0.2109375 0.0939453125
0 0.1125 0.4 0.11953125 0.075
0 0.20625 0.51015625 0.13125 0.259375
0 0.2390625 0.29375 0.1783203125 0.056640625
0 0.3859375 0.32734375 0.125 0.104296875
0 0.3078125 0.25 0.034765625 0.044140625
0 0.42265625 0.25078125 0.0640625 0.0486328125
0 0.559375 0.35078125 0.19375 0.0419921875
0 0.63203125 0.4421875 0.3140625 0.196484375
0 0.64140625 0.5921875 0.2109375 0.099609375
0 0.88984375 0.309375 0.2203125 0.1435546875