15 0 0 0 0.7448028718749999 0.2769058296875 0.8968609859375001 0.418161434375 0.9461883406249999 0.8421973093749999 1 0.868193465625 1 1 0.964513625 1 0 0 0
2 0.171875 0.6234375 0.322265625 0.22890625
2 0.0859375 0.4390625 0.171875 0.103125
2 0.015625 0.5203125 0.03125 0.2501953125
2 0.01875 0.2921875 0.0375 0.1375
2 0.1515625 0.1640625 0.2564453125 0.0904296875
2 0.14375 0.296875 0.180859375 0.118359375
2 0.32890625 0.29921875 0.1576171875 0.1576171875
2 0.24296875 0.3953125 0.157421875 0.090234375
2 0.30546875 0.45703125 0.1451171875 0.1
2 0.378125 0.5296875 0.1591796875 0.115234375
2 0.4796875 0.59453125 0.178515625 0.11875
2 0.51875 0.7578125 0.230859375 0.15
2 0.65078125 0.6890625 0.323828125 0.208984375
2 0.79453125 0.68671875 0.1671875 0.1451171875
2 0.91484375 0.4359375 0.1703125 0.1001953125
2 0.80703125 0.5390625 0.1607421875 0.11875
2 0.7125 0.365625 0.134375 0.0751953125
2 0.75078125 0.30703125 0.1140625 0.0732421875
0 0.51953125 0.23984375 0.238671875 0.107421875
0 0.09765625 0.36640625 0.1359375 0.084375
0 0.20390625 0.49140625 0.1484375 0.292578125
0 0.240625 0.246875 0.200390625 0.065625
0 0.40703125 0.284375 0.1419921875 0.118359375
0 0.31875 0.19765625 0.0404296875 0.05
0 0.4484375 0.1984375 0.0720703125 0.0560546875
0 0.603125 0.31171875 0.21875 0.046875
0 0.68515625 0.4140625 0.3548828125 0.2216796875
0 0.6953125 0.584375 0.2376953125 0.1123046875
0 0.92578125 0.26484375 0.1482421875 0.1611328125