15 0.000478096875 0 0 0.00048720312499999995 0 1 1 1 1 0 0.000478096875 0
13 0.41796875 0.053125 0.0888671875 0.0751953125
13 0.3140625 0.03125 0.128125 0.0625
13 0.21953125 0.0765625 0.0986328125 0.091015625
13 0.31328125 0.115625 0.0828125 0.09375
13 0.41484375 0.15859375 0.107421875 0.1328125
13 0.55234375 0.17109375 0.1078125 0.1078125
13 0.46328125 0.29140625 0.1015625 0.1328125
13 0.36015625 0.2875 0.117578125 0.06796875
13 0.3140625 0.22265625 0.127734375 0.0763671875
13 0.18046875 0.18984375 0.0919921875 0.1044921875
13 0.09609375 0.0359375 0.1017578125 0.0716796875
13 0.05 0.14609375 0.1 0.0859375
13 0.08671875 0.25625 0.076171875 0.10625
13 0.01640625 0.2703125 0.0326171875 0.1908203125
7 0.7203125 0.3296875 0.109375 0.13125
7 0.83515625 0.27109375 0.0888671875 0.06875
7 0.93203125 0.31015625 0.084375 0.123046875
7 0.98359375 0.2515625 0.0326171875 0.096875
7 0.87734375 0.76640625 0.1451171875 0.1705078125
7 0.96796875 0.75 0.0640625 0.0876953125
7 0.875 0.6140625 0.1466796875 0.1251953125
7 0.72109375 0.4578125 0.121875 0.1404296875
7 0.7 0.61484375 0.100390625 0.1419921875
7 0.7125 0.87265625 0.143359375 0.254296875
7 0.9078125 0.47734375 0.122265625 0.1419921875
7 0.82421875 0.371875 0.1451171875 0.0966796875
1 0.725 0.94375 0.18125 0.1125
1 0.76171875 0.1734375 0.04375 0.053515625
1 0.72578125 0.2625 0.039453125 0.053515625
1 0.79453125 0.321875 0.0453125 0.0345703125
1 0.8328125 0.35078125 0.04375 0.0580078125
1 0.85546875 0.32265625 0.036328125 0.060546875
1 0.8984375 0.34609375 0.059375 0.04375
1 0.97734375 0.3203125 0.0451171875 0.0466796875
1 0.99453125 0.36875 0.0109375 0.0625
1 0.92734375 0.40234375 0.0736328125 0.06875
1 0.85546875 0.471875 0.0578125 0.062890625
1 0.784375 0.46484375 0.09453125 0.079296875
1 0.69375 0.571875 0.053515625 0.037890625
1 0.67578125 0.61015625 0.046875 0.0544921875
1 0.77421875 0.62578125 0.0419921875 0.071875
1 0.70859375 0.71484375 0.059375 0.0625
1 0.75234375 0.74140625 0.0611328125 0.0640625
1 0.76875 0.7890625 0.062109375 0.065625
1 0.784375 0.9375 0.050390625 0.0875
1 0.93203125 0.91328125 0.0703125 0.0763671875
1 0.97734375 0.98125 0.0451171875 0.0375
1 0.8859375 0.63203125 0.0533203125 0.0640625
1 0.93046875 0.59140625 0.0578125 0.0607421875
1 0.98203125 0.65546875 0.0359375 0.065625
1 0.6140625 0.503125 0.05 0.04921875
1 0.56875 0.5359375 0.0625 0.056640625
1 0.5796875 0.6 0.05 0.04375
1 0.55 0.62578125 0.0373046875 0.0421875
9 0.45703125 0.61875 0.0544921875 0.1408203125
9 0.484375 0.75859375 0.0810546875 0.1017578125
9 0.42421875 0.8515625 0.103125 0.1125
9 0.328125 0.815625 0.0685546875 0.0625
9 0.1734375 0.8640625 0.0935546875 0.108984375
9 0.07265625 0.8171875 0.1453125 0.1091796875
9 0.05546875 0.65 0.1109375 0.134375
9 0.09296875 0.509375 0.0919921875 0.09375
9 0.125 0.490625 0.044140625 0.090625
9 0.2125 0.49609375 0.094140625 0.1236328125
9 0.2703125 0.359375 0.059375 0.106640625
9 0.35234375 0.36328125 0.0857421875 0.0982421875
9 0.40859375 0.53359375 0.1015625 0.10625
9 0.4625 0.45625 0.091015625 0.081640625
9 0.5015625 0.5296875 0.052734375 0.0595703125
6 0.3078125 0.96015625 0.109765625 0.0796875
6 0.046875 0.5828125 0.09375 0.078515625
6 0.1546875 0.5984375 0.071875 0.1470703125
6 0.2890625 0.46484375 0.040234375 0.0955078125
6 0.16953125 0.403125 0.046875 0.062890625
6 0.396875 0.40078125 0.1779296875 0.0890625
6 0.3984375 0.71171875 0.06875 0.2138671875
6 0.2875 0.603125 0.071875 0.062890625
6 0.24296875 0.63828125 0.1609375 0.1236328125
6 0.1828125 0.75390625 0.1435546875 0.1328125
6 0.08125 0.74921875 0.0908203125 0.0607421875
6 0.303125 0.915625 0.044140625 0.0501953125
6 0.35234375 0.90234375 0.0548828125 0.0671875