15 0.0436580875 0 0 0.0444240203125 0 1 1 1 1 0.16390931250000002 0.838694853125 0 0.0436580875 0
13 0.42578125 0.03671875 0.075 0.0671875
13 0.38359375 0.1265625 0.08046875 0.06875
13 0.35 0.0453125 0.07890625 0.05390625
13 0.28984375 0.09375 0.1171875 0.0859375
13 0.203125 0.14765625 0.090625 0.084375
13 0.28828125 0.18359375 0.07578125 0.0859375
13 0.38125 0.22265625 0.09765625 0.12109375
13 0.50703125 0.234375 0.0984375 0.0984375
13 0.42578125 0.34375 0.09296875 0.12109375
13 0.33125 0.33984375 0.1078125 0.0609375
13 0.2890625 0.28125 0.11640625 0.06875
13 0.1671875 0.2515625 0.08359375 0.0953125
13 0.090625 0.1109375 0.09453125 0.06875
13 0.178125 0.03984375 0.08984375 0.05546875
13 0.046875 0.2125 0.09375 0.078125
13 0.08125 0.31171875 0.06875 0.096875
13 0.01640625 0.3265625 0.03203125 0.175
7 0.66015625 0.378125 0.1 0.11953125
7 0.76484375 0.32578125 0.08046875 0.0625
7 0.85390625 0.3609375 0.07734375 0.11171875
7 0.91875 0.309375 0.06328125 0.0890625
7 0.96484375 0.3734375 0.0703125 0.0375
7 0.95390625 0.48984375 0.0921875 0.07265625
7 0.95859375 0.6375 0.0828125 0.084375
7 0.80390625 0.7765625 0.13203125 0.15625
7 0.92890625 0.76171875 0.1421875 0.08046875
7 0.8015625 0.63828125 0.13359375 0.11484375
7 0.6609375 0.4953125 0.11171875 0.12734375
7 0.64140625 0.6390625 0.09296875 0.12890625
7 0.6546875 0.8796875 0.13203125 0.23984375
7 0.83203125 0.51328125 0.1125 0.12890625
7 0.75546875 0.4171875 0.13203125 0.0875
1 0.66484375 0.94453125 0.1671875 0.1109375
1 0.69765625 0.2359375 0.03984375 0.04921875
1 0.66484375 0.3171875 0.03671875 0.04921875
1 0.728125 0.371875 0.04140625 0.03203125
1 0.76328125 0.39765625 0.03984375 0.05390625
1 0.784375 0.371875 0.03359375 0.05546875
1 0.8234375 0.39375 0.05390625 0.03984375
1 0.90078125 0.3703125 0.0484375 0.04140625
1 0.928125 0.415625 0.04375 0.05703125
1 0.85 0.4453125 0.06796875 0.0625
1 0.78359375 0.50859375 0.053125 0.05859375
1 0.71953125 0.5015625 0.0875 0.071875
1 0.6359375 0.6 0.04921875 0.03515625
1 0.61953125 0.634375 0.0421875 0.04921875
1 0.709375 0.6484375 0.03828125 0.065625
1 0.65 0.7296875 0.05390625 0.05703125
1 0.68984375 0.75390625 0.05625 0.05859375
1 0.7046875 0.79765625 0.05625 0.059375
1 0.71875 0.9328125 0.046875 0.0796875
1 0.85390625 0.9109375 0.0640625 0.06875
1 0.90859375 0.978125 0.06640625 0.04375
1 0.81171875 0.65390625 0.04921875 0.05859375
1 0.85234375 0.6171875 0.053125 0.05546875
1 0.90078125 0.6765625 0.034375 0.059375
1 0.9796875 0.575 0.040625 0.06875
1 0.56328125 0.53671875 0.04609375 0.04453125
1 0.521875 0.5671875 0.0578125 0.05234375
1 0.53203125 0.625 0.04609375 0.03984375
1 0.5046875 0.6484375 0.03359375 0.03828125
9 0.4203125 0.6421875 0.04921875 0.12890625
9 0.44453125 0.76953125 0.0734375 0.09375
9 0.38984375 0.85390625 0.09453125 0.10234375
9 0.30234375 0.821875 0.06171875 0.05703125
9 0.1609375 0.865625 0.08515625 0.09765625
9 0.06796875 0.825 0.1359375 0.09921875
9 0.0515625 0.6703125 0.103125 0.12265625
9 0.08671875 0.5421875 0.08359375 0.0859375
9 0.11640625 0.52578125 0.04140625 0.0828125
9 0.19609375 0.5296875 0.0875 0.11328125
9 0.2484375 0.40625 0.05390625 0.09765625
9 0.32421875 0.409375 0.078125 0.0890625
9 0.375 0.56484375 0.09296875 0.096875
9 0.42421875 0.49375 0.08359375 0.075
9 0.46015625 0.5609375 0.046875 0.05546875
6 0.284375 0.95859375 0.10234375 0.08203125
6 0.04453125 0.609375 0.0890625 0.075
6 0.14296875 0.6234375 0.065625 0.13515625
6 0.265625 0.5015625 0.0359375 0.0875
6 0.15703125 0.44609375 0.0421875 0.05859375
6 0.36484375 0.44375 0.16171875 0.08125
6 0.365625 0.7265625 0.06328125 0.19453125
6 0.26484375 0.628125 0.065625 0.05859375
6 0.22421875 0.66015625 0.146875 0.11328125
6 0.16875 0.76484375 0.13125 0.12109375
6 0.0765625 0.76171875 0.08359375 0.05546875
6 0.27890625 0.91328125 0.04140625 0.04609375
6 0.32421875 0.90078125 0.05078125 0.0609375