15 0.0191419375 0 0 0.019423354687499998 0 1 1 1 1 0.105033925 0.8963452999999999 0 0.0191419375 0
13 0.43984375 0.03203125 0.0826171875 0.0640625
13 0.39609375 0.12421875 0.086328125 0.073828125
13 0.359375 0.0375 0.0845703125 0.056640625
13 0.29453125 0.0890625 0.1263671875 0.091015625
13 0.2015625 0.14765625 0.097265625 0.090625
13 0.29375 0.1859375 0.08125 0.091015625
13 0.39296875 0.228125 0.1046875 0.130859375
13 0.528125 0.23984375 0.10625 0.105078125
13 0.44140625 0.3578125 0.1 0.12890625
13 0.3390625 0.35390625 0.1158203125 0.065625
13 0.29375 0.290625 0.125 0.0748046875
13 0.16328125 0.25859375 0.0892578125 0.1015625
13 0.08046875 0.1078125 0.1015625 0.0748046875
13 0.175 0.03125 0.0966796875 0.059375
13 0.0421875 0.21484375 0.084375 0.0830078125
13 0.07109375 0.3234375 0.0736328125 0.1033203125
13 0.00859375 0.33671875 0.0171875 0.1875
7 0.69296875 0.39453125 0.1078125 0.128125
7 0.80625 0.33828125 0.087109375 0.0671875
7 0.90234375 0.37578125 0.0828125 0.1203125
7 0.96796875 0.31796875 0.0640625 0.0953125
7 0.99140625 0.38984375 0.0171875 0.0421875
7 0.9796875 0.5140625 0.0404296875 0.078125
7 0.98515625 0.671875 0.0296875 0.093359375
7 0.84765625 0.821875 0.1421875 0.1685546875
7 0.95234375 0.80625 0.0951171875 0.0873046875
7 0.84609375 0.6734375 0.14375 0.122265625
7 0.69453125 0.5203125 0.1201171875 0.1373046875
7 0.6734375 0.67421875 0.1 0.138671875
7 0.6859375 0.90078125 0.140625 0.1984375
7 0.878125 0.5390625 0.1216796875 0.1376953125
7 0.79609375 0.43671875 0.1421875 0.09375
1 0.6984375 0.9703125 0.1783203125 0.0591796875
1 0.73359375 0.2421875 0.0423828125 0.0529296875
1 0.6984375 0.32890625 0.0404296875 0.0517578125
1 0.76640625 0.3875 0.0451171875 0.034375
1 0.8046875 0.41484375 0.043359375 0.0578125
1 0.8265625 0.38828125 0.034765625 0.059375
1 0.86875 0.4109375 0.056640625 0.0435546875
1 0.95234375 0.3859375 0.0515625 0.044140625
1 0.97890625 0.4328125 0.0421875 0.062109375
1 0.896875 0.46640625 0.0720703125 0.0671875
1 0.82578125 0.534375 0.057421875 0.0625
1 0.75703125 0.52734375 0.09375 0.0767578125
1 0.6671875 0.63203125 0.053125 0.0375
1 0.65 0.66875 0.0466796875 0.0529296875
1 0.74609375 0.684375 0.040625 0.069140625
1 0.68203125 0.771875 0.0578125 0.062109375
1 0.725 0.796875 0.0595703125 0.0625
1 0.74140625 0.84375 0.0607421875 0.062890625
1 0.75546875 0.971875 0.0517578125 0.05625
1 0.89921875 0.96328125 0.0703125 0.0734375
1 0.85625 0.690625 0.053125 0.0625
1 0.9 0.65078125 0.056640625 0.059375
1 0.95234375 0.7140625 0.0361328125 0.065234375
1 0.5890625 0.56484375 0.0498046875 0.0482421875
1 0.54453125 0.596875 0.061328125 0.05625
1 0.55546875 0.659375 0.048828125 0.043359375
1 0.5265625 0.684375 0.034765625 0.0408203125
9 0.43515625 0.67734375 0.053125 0.138671875
9 0.46171875 0.81484375 0.0794921875 0.1
9 0.40234375 0.9046875 0.1015625 0.1095703125
9 0.30859375 0.8703125 0.066796875 0.06015625
9 0.15625 0.9171875 0.0908203125 0.1060546875
9 0.0640625 0.871875 0.128125 0.10625
9 0.04765625 0.7078125 0.0951171875 0.13125
9 0.0765625 0.5703125 0.0904296875 0.091015625
9 0.1078125 0.55234375 0.0439453125 0.0890625
9 0.19453125 0.55703125 0.09375 0.121875
9 0.25078125 0.42421875 0.0578125 0.1048828125
9 0.33203125 0.42734375 0.084375 0.0953125
9 0.38671875 0.59453125 0.1 0.104296875
9 0.43984375 0.51875 0.0892578125 0.0810546875
9 0.478125 0.58984375 0.0501953125 0.059375
6 0.2875 0.9859375 0.109375 0.028125
6 0.0390625 0.6421875 0.0779296875 0.078125
6 0.13671875 0.6578125 0.0703125 0.1439453125
6 0.26953125 0.52734375 0.0388671875 0.09375
6 0.1515625 0.4671875 0.0466796875 0.0625
6 0.37578125 0.46484375 0.173828125 0.086328125
6 0.3765625 0.76875 0.0685546875 0.2091796875
6 0.26796875 0.6625 0.0703125 0.0625
6 0.22421875 0.696875 0.1578125 0.121875
6 0.16484375 0.809375 0.140625 0.13046875
6 0.065625 0.80546875 0.0904296875 0.059375
6 0.28359375 0.96796875 0.0451171875 0.0486328125
6 0.33203125 0.9546875 0.0546875 0.065625