15 0.1311493828125 0 0.0809895828125 0.08828125 0.0434895828125 0.1966145828125 0.0247395828125 0.292447915625 0.026822915625 0.48828125 0.0684895828125 0.6716145828125 0.19453125 0.8768229171874999 0.35078125 0.9518229171874999 0.42373511875 0.965625 0.47005209375 0.965625 0.5403645828125 0.9643229171875 0.6153645828125 0.9497395828125 0.7278645828125 0.89140625 0.8403645828125 0.7997395828125 0.90390625 0.7278645828125 0.9872395828125 0.5091145828125 0.996875 0.406979165625 0.996875 0.39361979062499997 0.98515625 0.31744791562499997 0.9309895828125001 0.1591145828125 0.8872395828125 0.06328125 0.8114583359375 0 0.1311493828125 0
2 0.57265625 0.0796875 0.1607421875 0.1060546875
2 0.7265625 0.078125 0.11484375 0.102734375
2 0.61328125 0.215625 0.161328125 0.134375
2 0.44453125 0.13828125 0.1234375 0.2515625
2 0.28046875 0.13828125 0.134375 0.0919921875
2 0.30390625 0.3078125 0.2830078125 0.2748046875
2 0.36640625 0.66796875 0.219921875 0.291796875
2 0.63046875 0.75625 0.1203125 0.187890625
2 0.775 0.45859375 0.1498046875 0.196875
2 0.865625 0.5078125 0.05703125 0.06015625
2 0.8234375 0.2515625 0.133984375 0.0814453125
2 0.5796875 0.45078125 0.196875 0.2578125
0 0.89921875 0.415625 0.0578125 0.1435546875
0 0.17734375 0.2109375 0.0359375 0.053515625
0 0.28828125 0.3234375 0.0515625 0.053515625
0 0.340625 0.4484375 0.04375 0.0466796875
0 0.38828125 0.45078125 0.0515625 0.0392578125
0 0.30390625 0.471875 0.0484375 0.055859375
0 0.36015625 0.5546875 0.034375 0.028125
0 0.27421875 0.765625 0.0625 0.0248046875
0 0.4046875 0.7484375 0.081640625 0.04609375
0 0.39140625 0.70078125 0.0328125 0.023828125
0 0.4515625 0.5953125 0.043359375 0.050390625
0 0.41484375 0.5546875 0.0392578125 0.027734375
0 0.49921875 0.6390625 0.0484375 0.077734375
0 0.50859375 0.5171875 0.046875 0.0873046875
0 0.553125 0.4609375 0.0685546875 0.0564453125
0 0.5609375 0.5921875 0.0564453125 0.1001953125
0 0.5765625 0.66171875 0.053515625 0.0625
0 0.6015625 0.771875 0.0404296875 0.0345703125
0 0.62265625 0.74453125 0.0388671875 0.0455078125
0 0.6453125 0.70234375 0.0498046875 0.0359375
0 0.67890625 0.7015625 0.028125 0.034765625
0 0.684375 0.6671875 0.0466796875 0.0376953125
0 0.815625 0.57265625 0.046875 0.0326171875
0 0.90078125 0.52890625 0.0326171875 0.0736328125
0 0.72265625 0.47578125 0.0392578125 0.046875
0 0.76640625 0.534375 0.04375 0.03203125
0 0.7609375 0.49765625 0.0314453125 0.0392578125
0 0.77421875 0.47109375 0.0205078125 0.025
0 0.74296875 0.440625 0.0298828125 0.025
0 0.71171875 0.4015625 0.0267578125 0.0564453125
0 0.79765625 0.3453125 0.096875 0.0748046875
0 0.65078125 0.309375 0.0328125 0.0248046875
0 0.48125 0.24453125 0.040625 0.0517578125
0 0.4484375 0.171875 0.0408203125 0.049609375
0 0.62734375 0.065625 0.0205078125 0.0314453125
0 0.69921875 0.1578125 0.0515625 0.047265625
0 0.66796875 0.02734375 0.08125 0.0486328125
0 0.7703125 0.07265625 0.0314453125 0.0296875
0 0.80078125 0.171875 0.0328125 0.062109375
0 0.86796875 0.28515625 0.0265625 0.0392578125
0 0.70234375 0.3421875 0.0326171875 0.033984375
0 0.67578125 0.3484375 0.0201171875 0.0216796875
0 0.64609375 0.34296875 0.019921875 0.038671875
0 0.634375 0.428125 0.0529296875 0.08125
0 0.61015625 0.49609375 0.0298828125 0.0736328125
0 0.6453125 0.64921875 0.024609375 0.0375
0 0.2890625 0.184375 0.052734375 0.0501953125
0 0.346875 0.1375 0.0248046875 0.018359375
0 0.43125 0.04140625 0.028125 0.021875