15 0.0146722546875 0.41622205156250003 0.024834856250000002 0.5239456296875 0.10613567187499999 0.7373602625 0.168127540625 0.8074822156250001 0.2778836375 0.8969131109375 0.387639734375 0.9538236796874999 0.460810465625 0.9680513218750001 0.49853911406250007 0.96875 0.5776168640625 0.96875 0.645769815625 0.9558561984375 0.7982088421875 0.8826854687499999 0.9211763203125001 0.6824822140625 0.9618267265625 0.5036204265625 0.9625 0.440332771875 0.9625 0.3056162484375 0.945566565625 0.21906757968749999 0.9089811984375 0.1133765234375 0.8581681906249999 0.0239456296875 0.8363788828125 0.0005716453125 0.23573558593750002 0.0005716453125 0.22097306875 0.0066692062499999994 0.1223958328125 0.0889862796875 0.07971290625 0.1824822140625 0.026867378125 0.336953759375 0.0146722546875 0.41622205156250003
2 0.5484375 0.10390625 0.15625 0.103125
2 0.69921875 0.10234375 0.1109375 0.1
2 0.58828125 0.23671875 0.1578125 0.13125
2 0.42421875 0.1609375 0.1203125 0.24609375
2 0.26328125 0.1609375 0.13125 0.08984375
2 0.2859375 0.3265625 0.277734375 0.266015625
2 0.346875 0.678125 0.212890625 0.284375
2 0.60546875 0.7640625 0.1171875 0.184375
2 0.74609375 0.47421875 0.1453125 0.1921875
2 0.834375 0.521875 0.05625 0.059375
2 0.79296875 0.271875 0.1296875 0.08046875
2 0.55546875 0.46640625 0.1921875 0.2515625
0 0.8671875 0.43203125 0.05625 0.1390625
0 0.16328125 0.23203125 0.0357421875 0.053125
0 0.27109375 0.3421875 0.05 0.053125
0 0.321875 0.4640625 0.0435546875 0.046484375
0 0.36796875 0.46640625 0.05 0.0388671875
0 0.28671875 0.48671875 0.046875 0.053125
0 0.34140625 0.56796875 0.0328125 0.028125
0 0.25703125 0.7734375 0.0609375 0.022265625
0 0.384375 0.75625 0.0810546875 0.04375
0 0.371875 0.71015625 0.0314453125 0.0234375
0 0.43046875 0.60703125 0.041796875 0.048828125
0 0.39453125 0.56796875 0.0388671875 0.0263671875
0 0.4765625 0.65 0.046875 0.075
0 0.4859375 0.53125 0.046484375 0.084375
0 0.5296875 0.47578125 0.066015625 0.055078125
0 0.53671875 0.60390625 0.0548828125 0.0984375
0 0.55234375 0.671875 0.0517578125 0.062109375
0 0.5765625 0.7796875 0.0376953125 0.034375
0 0.596875 0.753125 0.0375 0.044140625
0 0.61953125 0.71171875 0.0484375 0.035546875
0 0.65234375 0.7109375 0.028125 0.0345703125
0 0.6578125 0.67734375 0.046484375 0.0375
0 0.78515625 0.58515625 0.0455078125 0.03125
0 0.86875 0.5421875 0.03125 0.0720703125
0 0.6953125 0.490625 0.0376953125 0.0466796875
0 0.73828125 0.54765625 0.042578125 0.032421875
0 0.73203125 0.5125 0.03125 0.0376953125
0 0.74453125 0.4859375 0.0203125 0.025
0 0.7140625 0.45625 0.028515625 0.025
0 0.68359375 0.41796875 0.0265625 0.0548828125
0 0.76796875 0.36328125 0.0951171875 0.0732421875
0 0.62421875 0.328125 0.0326171875 0.024609375
0 0.459375 0.26484375 0.0404296875 0.0515625
0 0.42734375 0.19453125 0.040625 0.046875
0 0.6015625 0.08984375 0.021484375 0.03125
0 0.671875 0.18046875 0.05 0.046875
0 0.64140625 0.053125 0.079296875 0.04921875
0 0.74140625 0.09765625 0.03125 0.0294921875
0 0.77109375 0.19453125 0.0326171875 0.0607421875
0 0.8359375 0.3046875 0.0251953125 0.0376953125
0 0.675 0.36015625 0.03125 0.0326171875
0 0.64921875 0.36640625 0.0201171875 0.0203125
0 0.6203125 0.3609375 0.019140625 0.0375
0 0.60859375 0.44375 0.0515625 0.078515625
0 0.58515625 0.51015625 0.0296875 0.0732421875
0 0.61953125 0.66015625 0.0234375 0.0361328125
0 0.271875 0.20625 0.05 0.0498046875
0 0.328125 0.16015625 0.024609375 0.0171875
0 0.4109375 0.0671875 0.028125 0.021484375