15 0.3544921875 0.953125 0.4267578125 0.966796875 0.5322265625 0.96484375 0.6025390625 0.951171875 0.7080078125 0.896484375 0.8134765625 0.810546875 0.873046875 0.7431640625 0.951171875 0.5380859375 0.9609375 0.4345703125 0.94921875 0.3583984375 0.8984375 0.2099609375 0.857421875 0.1201171875 0.7626953125 0.041015625 0.6728515625 0.00390625 0.2041015625 0 0.150390625 0.0576171875 0.1015625 0.1435546875 0.06640625 0.2451171875 0.048828125 0.3349609375 0.05078125 0.5185546875 0.08984375 0.6904296875 0.2080078125 0.8828125 0.3544921875 0.953125
2 0.56171875 0.13515625 0.15 0.09921875
2 0.70703125 0.13359375 0.10703125 0.09609375
2 0.6 0.26328125 0.1515625 0.1265625
2 0.4421875 0.18984375 0.115625 0.2359375
2 0.28828125 0.18984375 0.1265625 0.0859375
2 0.31015625 0.34921875 0.265625 0.25703125
2 0.36875 0.68671875 0.20546875 0.2734375
2 0.61640625 0.76953125 0.1125 0.17734375
2 0.7515625 0.490625 0.13984375 0.18515625
2 0.83671875 0.53671875 0.05390625 0.05703125
2 0.796875 0.296875 0.125 0.0765625
2 0.56875 0.4828125 0.18515625 0.2421875
0 0.86875 0.45 0.05390625 0.13359375
0 0.19140625 0.2578125 0.03359375 0.0515625
0 0.2953125 0.3640625 0.0484375 0.0515625
0 0.34453125 0.48125 0.04140625 0.04296875
0 0.3890625 0.4828125 0.0484375 0.03671875
0 0.31015625 0.50234375 0.0453125 0.0515625
0 0.36328125 0.58046875 0.03203125 0.0265625
0 0.28203125 0.778125 0.05859375 0.02265625
0 0.4046875 0.7625 0.07734375 0.0421875
0 0.39296875 0.7171875 0.03046875 0.02265625
0 0.4484375 0.61875 0.03984375 0.04765625
0 0.4140625 0.58046875 0.03671875 0.025
0 0.49375 0.66015625 0.0453125 0.071875
0 0.50234375 0.5453125 0.04453125 0.08125
0 0.54375 0.4921875 0.0640625 0.053125
0 0.55078125 0.615625 0.053125 0.09453125
0 0.565625 0.68125 0.05 0.05859375
0 0.5890625 0.784375 0.03671875 0.0328125
0 0.609375 0.75859375 0.0359375 0.04296875
0 0.63046875 0.71875 0.04609375 0.03359375
0 0.66171875 0.71796875 0.0265625 0.03359375
0 0.6671875 0.6859375 0.04296875 0.0359375
0 0.78984375 0.59765625 0.04453125 0.0296875
0 0.8703125 0.55625 0.0296875 0.06953125
0 0.703125 0.50625 0.03671875 0.04453125
0 0.74453125 0.5609375 0.04140625 0.03046875
0 0.73828125 0.52734375 0.0296875 0.03671875
0 0.75078125 0.50234375 0.01953125 0.0234375
0 0.721875 0.4734375 0.02890625 0.0234375
0 0.6921875 0.43671875 0.02578125 0.053125
0 0.77265625 0.384375 0.090625 0.06953125
0 0.63515625 0.35078125 0.03046875 0.02265625
0 0.4765625 0.28984375 0.03828125 0.04921875
0 0.44609375 0.221875 0.0390625 0.0453125
0 0.61328125 0.121875 0.01953125 0.0296875
0 0.68125 0.20859375 0.0484375 0.0453125
0 0.6515625 0.0859375 0.07578125 0.04609375
0 0.74765625 0.12890625 0.0296875 0.028125
0 0.77578125 0.221875 0.03046875 0.0578125
0 0.8390625 0.328125 0.025 0.03671875
0 0.684375 0.38125 0.0296875 0.03046875
0 0.65859375 0.38671875 0.01875 0.01953125
0 0.63125 0.38203125 0.01875 0.0359375
0 0.61953125 0.46171875 0.04921875 0.07578125
0 0.596875 0.525 0.02890625 0.06953125
0 0.63046875 0.66953125 0.02265625 0.03515625
0 0.296875 0.23359375 0.0484375 0.04765625
0 0.35078125 0.1890625 0.02265625 0.01640625
0 0.4296875 0.1 0.0265625 0.0203125