15 1 0.43578849999999997 0.9396929828125 0.359375 0.790570175 0.23828125 0.48355263125 0.1640625 0.148026315625 0.1640625 0.0471491234375 0.20703125 0 0.2550223203125 0 1 1 1 1 0.43578849999999997
2 0.65234375 0.3578125 0.1236328125 0.1091796875
2 0.45390625 0.28984375 0.2125 0.078125
2 0.25234375 0.3125 0.155078125 0.11796875
2 0.0890625 0.4171875 0.134765625 0.166015625
2 0.14375 0.6828125 0.2 0.187890625
2 0.46953125 0.5 0.2361328125 0.1873046875
2 0.7875 0.54609375 0.1875 0.19375
2 0.72734375 0.74140625 0.2486328125 0.1830078125
2 0.3953125 0.81484375 0.2189453125 0.2515625
0 0.1828125 0.46796875 0.1123046875 0.0953125
0 0.27578125 0.52421875 0.046875 0.040625
0 0.16484375 0.53125 0.0390625 0.0685546875
0 0.0546875 0.52578125 0.0404296875 0.0546875
0 0.15078125 0.7640625 0.061328125 0.072265625
0 0.184375 0.82109375 0.034765625 0.040625
0 0.253125 0.81875 0.03671875 0.072265625
0 0.25703125 0.68125 0.0859375 0.059375
0 0.290625 0.621875 0.037890625 0.037890625
0 0.35625 0.675 0.0185546875 0.019140625
0 0.4359375 0.6125 0.0564453125 0.0470703125
0 0.34765625 0.56171875 0.0548828125 0.0451171875
0 0.3484375 0.4859375 0.025 0.041015625
0 0.22578125 0.20703125 0.032421875 0.048828125
0 0.17109375 0.25859375 0.0326171875 0.0390625
0 0.66875 0.2515625 0.0251953125 0.041015625
0 0.6875 0.3046875 0.0375 0.0341796875
0 0.66328125 0.4203125 0.0484375 0.084765625
0 0.64140625 0.48359375 0.0484375 0.0642578125
0 0.725 0.6390625 0.056640625 0.05625
0 0.88203125 0.6421875 0.0484375 0.0625
0 0.8640625 0.78828125 0.0595703125 0.05625
0 0.89140625 0.86015625 0.0767578125 0.0642578125
0 0.7953125 0.82578125 0.065625 0.130078125
0 0.62265625 0.8921875 0.0734375 0.121484375
0 0.52578125 0.8015625 0.0609375 0.1064453125
0 0.54609375 0.59453125 0.0828125 0.0892578125
0 0.6328125 0.6171875 0.0314453125 0.0470703125
0 0.59921875 0.42109375 0.0294921875 0.0390625
0 0.575 0.3921875 0.027734375 0.04140625
0 0.4765625 0.37734375 0.0283203125 0.0326171875
0 0.3703125 0.375 0.01875 0.0375
0 0.40390625 0.384375 0.0392578125 0.0314453125
0 0.4359375 0.38515625 0.02109375 0.0203125
0 0.5171875 0.353125 0.030859375 0.028515625
0 0.94375 0.615625 0.0376953125 0.055859375