15 1 0.116796875 0 0.116796875 0 0.80034466875 0.1483644859375 0.9209635421875 0.46201733437500003 0.996875 0.8405772109375 0.996875 0.9404205609374999 0.954296875 1 0.8935825859375001 1 0.116796875
2 0.7046875 0.3234375 0.1314453125 0.115625
2 0.49296875 0.25078125 0.2265625 0.0830078125
2 0.27890625 0.275 0.165625 0.125
2 0.1046875 0.38671875 0.1439453125 0.1767578125
2 0.1625 0.6703125 0.212890625 0.200390625
2 0.509375 0.475 0.250390625 0.1998046875
2 0.8484375 0.52421875 0.2 0.20625
2 0.784375 0.7328125 0.265234375 0.19609375
2 0.43046875 0.81015625 0.2330078125 0.2673828125
0 0.2046875 0.440625 0.11875 0.100390625
0 0.303125 0.50078125 0.05 0.04375
0 0.18515625 0.5078125 0.0419921875 0.0720703125
0 0.06796875 0.50234375 0.0423828125 0.0578125
0 0.16953125 0.75703125 0.0669921875 0.078125
0 0.20546875 0.81796875 0.0375 0.04375
0 0.27890625 0.81484375 0.0388671875 0.078125
0 0.2828125 0.66796875 0.0908203125 0.0638671875
0 0.31953125 0.6046875 0.0419921875 0.0408203125
0 0.3890625 0.66171875 0.0189453125 0.021875
0 0.47421875 0.59453125 0.0609375 0.051171875
0 0.3796875 0.540625 0.0591796875 0.046875
0 0.38046875 0.46015625 0.0265625 0.0453125
0 0.24921875 0.1625 0.034375 0.052734375
0 0.19140625 0.2171875 0.034375 0.0408203125
0 0.72109375 0.21015625 0.0267578125 0.0453125
0 0.74140625 0.2671875 0.039453125 0.03515625
0 0.71640625 0.38984375 0.0515625 0.090625
0 0.69296875 0.45703125 0.0515625 0.06875
0 0.78125 0.62265625 0.0623046875 0.0607421875
0 0.94921875 0.6265625 0.0515625 0.066015625
0 0.9296875 0.78203125 0.06484375 0.060546875
0 0.9578125 0.85859375 0.084375 0.066796875
0 0.85625 0.82265625 0.06953125 0.139453125
0 0.67265625 0.89296875 0.078125 0.1294921875
0 0.56953125 0.796875 0.0642578125 0.112890625
0 0.59140625 0.57578125 0.0888671875 0.0955078125
0 0.68359375 0.6 0.034375 0.0501953125
0 0.64765625 0.39140625 0.030078125 0.041796875
0 0.621875 0.36015625 0.030859375 0.0453125
0 0.51640625 0.34375 0.0298828125 0.034375
0 0.40390625 0.34140625 0.0203125 0.0392578125
0 0.43984375 0.3515625 0.042578125 0.034375
0 0.4734375 0.35234375 0.0216796875 0.021875
0 0.56015625 0.31875 0.0328125 0.030859375