15 1 0.5017361109375 0.9052734375 0.38194444375000003 0.7724609375 0.27430555624999997 0.4990234375 0.20833333281250002 0.2001953125 0.20833333281250002 0.1103515625 0.246527778125 0.0009765625 0.3576388890625 0.0029296875 0.9895833328125001 1 0.9913194437499999 1 0.5017361109375
2 0.65 0.38046875 0.11015625 0.096875
2 0.47265625 0.3203125 0.1890625 0.06953125
2 0.29375 0.340625 0.13828125 0.10390625
2 0.14765625 0.43359375 0.1203125 0.14765625
2 0.19609375 0.66953125 0.178125 0.1671875
2 0.48671875 0.50703125 0.2109375 0.16640625
2 0.76953125 0.54765625 0.1671875 0.171875
2 0.71640625 0.721875 0.221875 0.16328125
2 0.4203125 0.78671875 0.1953125 0.2234375
0 0.23125 0.47890625 0.09921875 0.084375
0 0.3140625 0.528125 0.04140625 0.0359375
0 0.215625 0.534375 0.03515625 0.06015625
0 0.1171875 0.5296875 0.0359375 0.0484375
0 0.20234375 0.7421875 0.05546875 0.06484375
0 0.23203125 0.7921875 0.03125 0.0359375
0 0.29375 0.790625 0.03203125 0.06484375
0 0.296875 0.66796875 0.0765625 0.053125
0 0.32734375 0.61484375 0.03515625 0.034375
0 0.3859375 0.6625 0.01640625 0.01796875
0 0.45703125 0.60703125 0.05078125 0.0421875
0 0.378125 0.56171875 0.04921875 0.0390625
0 0.37890625 0.49453125 0.021875 0.0375
0 0.26953125 0.246875 0.02890625 0.04375
0 0.22109375 0.2921875 0.02890625 0.034375
0 0.66328125 0.2859375 0.02265625 0.0375
0 0.68046875 0.33359375 0.0328125 0.03046875
0 0.659375 0.4359375 0.04296875 0.07578125
0 0.63984375 0.4921875 0.04296875 0.05703125
0 0.7140625 0.63046875 0.0515625 0.05
0 0.85390625 0.63359375 0.04296875 0.05625
0 0.8375 0.76328125 0.053125 0.05
0 0.8625 0.82734375 0.06875 0.05703125
0 0.7765625 0.79609375 0.05859375 0.11640625
0 0.62265625 0.85546875 0.065625 0.10703125
0 0.53671875 0.775 0.0546875 0.0953125
0 0.5546875 0.59140625 0.07421875 0.0796875
0 0.63203125 0.61171875 0.02890625 0.0421875
0 0.60234375 0.43671875 0.02578125 0.034375
0 0.58046875 0.41171875 0.025 0.0375
0 0.4921875 0.39765625 0.02578125 0.02890625
0 0.3984375 0.3953125 0.0171875 0.03359375
0 0.428125 0.40390625 0.0359375 0.02890625
0 0.45625 0.4046875 0.01796875 0.01796875
0 0.52890625 0.3765625 0.02734375 0.02578125
0 0.90859375 0.61015625 0.03359375 0.0484375