15 0.0001599046875 0 0.0001599046875 0.5682957390625 0.10432657187500001 0.7309941515625 0.35607319375 1 0.5734375 1 0.5734375 0.9963607890624999 0.5505985015625 0.823099415625 0.3920962484375 0 0.0001599046875 0
15 0.4273848703125 0 0.4273848703125 0.165204678125 0.5063322375 0.6008771937499999 0.5998766453125 1 0.6558005140625001 1 0.7409813609375 0.9225146203125 0.8637883765625001 0.6418128656250001 0.9984375 0.27045181875 0.9984375 0.0816413234375 0.9416392546875001 0.0321637421875 0.8709938906250001 0 0.4273848703125 0
0 0.25390625 0.315625 0.096875 0.1248046875
0 0.165625 0.434375 0.108984375 0.130859375
0 0.40234375 0.42890625 0.0919921875 0.034375
0 0.38984375 0.49140625 0.0794921875 0.0455078125
0 0.37890625 0.58828125 0.1109375 0.1015625
0 0.278125 0.628125 0.03828125 0.024609375
0 0.10625 0.665625 0.062109375 0.084375
0 0.43828125 0.85 0.028125 0.078515625
0 0.2109375 0.60078125 0.022265625 0.0267578125
0 0.23125 0.6421875 0.0408203125 0.0439453125
0 0.30546875 0.72109375 0.0267578125 0.0203125
0 0.46015625 0.575 0.0375 0.0248046875
0 0.36796875 0.3109375 0.04375 0.0564453125
0 0.325 0.334375 0.040234375 0.027734375
0 0.346875 0.3734375 0.044140625 0.034765625
0 0.20859375 0.2734375 0.0419921875 0.0404296875
0 0.090625 0.346875 0.0251953125 0.069140625
0 0.0078125 0.5234375 0.015625 0.0591796875
0 0.06875 0.5234375 0.0564453125 0.0591796875
0 0.23203125 0.82890625 0.0734375 0.0576171875
0 0.46328125 0.85859375 0.0267578125 0.034375
13 0.3 0.68046875 0.03125 0.0419921875
13 0.5421875 0.24609375 0.1154296875 0.1328125
13 0.7625 0.46328125 0.153125 0.148046875
13 0.6265625 0.559375 0.1654296875 0.271875
13 0.61171875 0.84375 0.1142578125 0.2814453125
13 0.71953125 0.8375 0.0794921875 0.2154296875