15 0.4560546875 0.9921875 0.6064453125 0.9947916671874999 0.578125 0.7799479171875 0.4296875 0.009114582812499999 0.0478515625 0.0052083328125 0.0009765625 0.0234375 0 0.40234375 0.078125 0.5377604171875 0.1806640625 0.6979166671875 0.4560546875 0.9921875
15 1 0.1393229171875 0.9267578125 0.07552083281250001 0.7666015625 0.0026041671875 0.4775390625 0.0026041671875 0.46875 0.01171875 0.46875 0.1940104171875 0.5390625 0.58203125 0.626953125 0.95703125 0.6435546875 0.9635416671874999 0.748046875 0.8684895828125001 0.857421875 0.6184895828125 1 0.22526041718749998 1 0.1393229171875
0 0.3140625 0.328125 0.0859375 0.11015625
0 0.23515625 0.43359375 0.096875 0.11640625
0 0.44609375 0.42890625 0.08125 0.03046875
0 0.43515625 0.48515625 0.0703125 0.04140625
0 0.425 0.5703125 0.0984375 0.090625
0 0.33515625 0.60625 0.034375 0.02109375
0 0.1828125 0.63984375 0.05546875 0.075
0 0.478125 0.80390625 0.025 0.0703125
0 0.27578125 0.58203125 0.0203125 0.02421875
0 0.29375 0.61875 0.03671875 0.03984375
0 0.36015625 0.6890625 0.02421875 0.01875
0 0.4984375 0.559375 0.03359375 0.02109375
0 0.415625 0.32421875 0.0390625 0.05078125
0 0.37734375 0.34453125 0.0359375 0.02421875
0 0.396875 0.37890625 0.03984375 0.03203125
0 0.2734375 0.290625 0.03671875 0.03515625
0 0.16875 0.35625 0.02265625 0.0625
0 0.08984375 0.5140625 0.02421875 0.05078125
0 0.14921875 0.51328125 0.05078125 0.05234375
0 0.29453125 0.78515625 0.065625 0.05078125
0 0.55546875 0.984375 0.0296875 0.03125
0 0.5 0.81171875 0.02421875 0.03046875
13 0.3546875 0.65234375 0.02734375 0.03671875
13 0.5703125 0.265625 0.10234375 0.11796875
13 0.7671875 0.459375 0.13671875 0.13203125
13 0.6453125 0.5453125 0.146875 0.2421875
13 0.6328125 0.7984375 0.10234375 0.2515625
13 0.72890625 0.79296875 0.0703125 0.19140625