15 0.3280249859375 0 0.184486071875 0.0014705875 0.017085190625 0.8720588234375001 0.00024498125 1 0.25919076093750004 1 0.465323075 0.7794117640625 0.5640625 0.6249633890624999 0.5640625 0 0.3280249859375 0
15 0.6511406515625 0 0.4834251078125 0.07647058749999999 0.4250550640625 0.12739215625 0.4250550640625 0.31251007343750004 0.5616189421875 0.6897058828125 0.6849669578124999 0.9720588234375 0.7156380125 1 0.8383948234374999 1 0.920649778125 0.6485294125000001 0.9984375 0.21862513749999998 0.9984375 0.0028462031249999998 0.995696978125 0 0.6511406515625 0
0 0.25078125 0.36171875 0.096875 0.1236328125
0 0.16171875 0.48046875 0.108203125 0.13125
0 0.4 0.47578125 0.093359375 0.034375
0 0.38671875 0.5390625 0.0794921875 0.046875
0 0.37578125 0.6359375 0.111328125 0.102734375
0 0.275 0.6765625 0.037890625 0.0248046875
0 0.10234375 0.71328125 0.0625 0.084375
0 0.43515625 0.89921875 0.028125 0.0796875
0 0.2078125 0.6484375 0.022265625 0.0279296875
0 0.228125 0.68984375 0.041015625 0.0453125
0 0.30234375 0.76953125 0.0267578125 0.0205078125
0 0.4578125 0.62265625 0.0375 0.023828125
0 0.365625 0.35703125 0.04375 0.0576171875
0 0.321875 0.38046875 0.040234375 0.026953125
0 0.34453125 0.41953125 0.0453125 0.0359375
0 0.2046875 0.31875 0.0408203125 0.0404296875
0 0.08671875 0.39375 0.0263671875 0.0716796875
0 0.00546875 0.5703125 0.0109375 0.0591796875
0 0.06484375 0.57109375 0.0576171875 0.0580078125
0 0.22890625 0.878125 0.0736328125 0.0564453125
0 0.4609375 0.9078125 0.0279296875 0.034375
13 0.296875 0.728125 0.03125 0.0408203125
13 0.53984375 0.29140625 0.115625 0.1330078125
13 0.76171875 0.51015625 0.1544921875 0.1484375
13 0.625 0.60703125 0.165625 0.2734375
13 0.6078125 0.875 0.1154296875 0.25
13 0.71875 0.88671875 0.0783203125 0.2169921875