15 0.5164892140624999 0.850621309375 0.622683903125 0.972668553125 0.6473140203125001 0.9734375 0.75185955 0.9734375 0.85940956875 0.8624323328125 0.9025511625 0.7699126484375001 0.89812638125 0.5336921765625 0.8737900984375001 0.47070005000000004 0.7996750546875 0.358495325 0.518701603125 0.3545583171875 0.4534361171875 0.48251107343750005 0.4490113375 0.6203063484375 0.47113523281249997 0.7384165859375 0.5164892140624999 0.850621309375
15 0.473371928125 0 0.44307936875 0.0451648625 0.43865458906250004 0.13571604375 0.4497165359375 0.1790231296875 0.48400857343750003 0.22823572812499998 0.5260439703124999 0.25579478437500003 0.603546734375 0.2703125 0.6216376359375 0.2703125 0.7207342359375 0.25973179218750003 0.7515625 0.1973051828125 0.7515625 0.1865317515625 0.7306899890625 0.049101870312500004 0.6799551265625 0 0.473371928125 0
15 0.30429764375 0.278125 0.32383849531250003 0.2638994828125 0.3935287609375 0.12413570468749999 0.3953125 0.08287093125 0.3953125 0.07204416875 0.3614491140625 0.00011995625 0.1402101765625 0.00011995625 0.09375 0.0040569640625 0.0627765484375 0.0394900359375 0.046183628125 0.0847656265625 0.0421875 0.14521100468749998 0.0421875 0.1538560109375 0.05503318593749999 0.21862389218749997 0.09925560312500001 0.278125 0.30429764375 0.278125
15 0.1994659171875 1 0.2404037609375 0.980573328125 0.36097898125 0.7502583671874999 0.36875 0.70877214375 0.36875 0.620484734375 0.3676161515625 0.533722934375 0.3399612828125 0.45695128125 0.2603152640625 0.374274115625 0.1563329640625 0.3664001 0.0103152640625 0.46482529687499996 0.0003595125 0.48005529999999996 0.0003595125 0.9539187218749999 0.06423441875 1 0.1994659171875 1
7 0.58984375 0.1921875 0.0544921875 0.10625
7 0.6671875 0.1296875 0.059765625 0.0595703125
7 0.66328125 0.1828125 0.0953125 0.0626953125
7 0.596875 0.0796875 0.0908203125 0.128125
7 0.51796875 0.02578125 0.0705078125 0.0515625
7 0.48125 0.08671875 0.053125 0.05625
7 0.503125 0.13984375 0.0689453125 0.0982421875
7 0.66875 0.04609375 0.0466796875 0.0611328125
19 0.55234375 0.8234375 0.0546875 0.0814453125
19 0.621875 0.4265625 0.025390625 0.06875
19 0.6015625 0.48515625 0.021484375 0.05
19 0.559375 0.51796875 0.0435546875 0.0455078125
19 0.65078125 0.59140625 0.0423828125 0.0830078125
19 0.675 0.65234375 0.046875 0.0578125
19 0.70078125 0.72734375 0.0546875 0.0546875
19 0.7421875 0.72265625 0.028125 0.0859375
19 0.73828125 0.7875 0.0455078125 0.071875
19 0.70859375 0.83359375 0.0421875 0.0642578125
19 0.6796875 0.8375 0.046484375 0.1126953125
19 0.63046875 0.8828125 0.0455078125 0.0810546875
19 0.62890625 0.7984375 0.044921875 0.11015625
19 0.503125 0.70703125 0.056640625 0.1138671875
19 0.71015625 0.5796875 0.0484375 0.072265625
19 0.7203125 0.5 0.040234375 0.0623046875
19 0.7609375 0.58125 0.028125 0.069140625
0 0.8140625 0.7828125 0.0623046875 0.0966796875
0 0.81875 0.6890625 0.046875 0.0970703125
0 0.7875 0.5875 0.012890625 0.075
0 0.74609375 0.53515625 0.0359375 0.0328125
0 0.5328125 0.5625 0.07109375 0.062890625
0 0.68828125 0.44296875 0.0453125 0.053125
0 0.61796875 0.6671875 0.040625 0.141015625
19 0.61875 0.6703125 0.0283203125 0.071484375
19 0.590625 0.59765625 0.040625 0.0578125
19 0.5875 0.68046875 0.034375 0.0734375
19 0.78359375 0.66328125 0.0453125 0.0734375
19 0.5734375 0.4734375 0.0435546875 0.071484375
17 0.12734375 0.49296875 0.1171875 0.1265625
17 0.10625 0.709375 0.068359375 0.1560546875
17 0.059375 0.825 0.11875 0.1375
17 0.23125 0.78828125 0.049609375 0.1109375
17 0.30703125 0.6140625 0.0513671875 0.196875
17 0.21328125 0.68515625 0.0611328125 0.0921875
17 0.178125 0.5953125 0.062109375 0.108984375
3 0.0328125 0.5609375 0.065625 0.121875
3 0.034375 0.6890625 0.06875 0.102734375
3 0.05703125 0.596875 0.0421875 0.0841796875
3 0.1265625 0.57734375 0.040234375 0.034375
3 0.1984375 0.52890625 0.041015625 0.0515625
3 0.2234375 0.42109375 0.018359375 0.0515625
3 0.240625 0.4875 0.0341796875 0.01875
3 0.2765625 0.49453125 0.05 0.0826171875
3 0.2453125 0.6140625 0.052734375 0.071484375
3 0.259375 0.7390625 0.053125 0.1001953125
9 0.2765625 0.08046875 0.0251953125 0.0419921875
9 0.3734375 0.084375 0.028515625 0.056640625
9 0.17109375 0.05390625 0.0236328125 0.0390625
9 0.13515625 0.053125 0.0173828125 0.0439453125
9 0.12890625 0.16328125 0.0388671875 0.0669921875
9 0.12578125 0.2296875 0.0390625 0.0408203125
9 0.215625 0.2015625 0.028515625 0.03984375
9 0.19140625 0.24140625 0.0263671875 0.0482421875
9 0.203125 0.134375 0.025390625 0.037890625
9 0.1671875 0.1421875 0.0435546875 0.0623046875
9 0.2515625 0.13125 0.040625 0.0466796875
9 0.28125 0.10703125 0.0439453125 0.05625
9 0.30546875 0.07578125 0.0453125 0.034375
9 0.25078125 0.01171875 0.0421875 0.0234375
9 0.209375 0.025 0.03046875 0.028515625
6 0.328125 0.121875 0.043359375 0.12421875
6 0.10390625 0.0875 0.0388671875 0.056640625
6 0.08671875 0.15390625 0.0205078125 0.0298828125
6 0.1640625 0.2578125 0.025 0.033984375