15 0.9583717640625 0.705078125 0.978125 0.599984734375 0.978125 0.5173416468750001 0.9759929093749999 0.451171875 0.9114148 0.325 0.8550677999999999 0.325 0.631279253125 0.328125 0.5574907062500001 0.439453125 0.53326163125 0.501953125 0.5288563453124999 0.736328125 0.5718078875 0.828125 0.6811805125 0.940625 0.707050178125 0.940625 0.80749070625 0.9375 0.9132175796875 0.81640625 0.9583717640625 0.705078125
15 0.8086625812499999 0.220703125 0.828125 0.0929962140625 0.828125 0.0709975671875 0.7987506890625 0.01171875 0.6886185296875 0 0.6049180890625 0.015625 0.5630678687499999 0.04296875 0.5289269 0.091796875 0.5179136843750001 0.134765625 0.5223189703125 0.224609375 0.534149296875 0.2421875 0.7863874656250001 0.2421875 0.8086625812499999 0.220703125
15 0.1894112671875 0 0.12589138125 0.126953125 0.1236887375 0.177734375 0.1578297078125 0.25 0.378094025 0.25 0.42434953125 0.24609375 0.4551865359375 0.2109375 0.471706359375 0.166015625 0.475 0.1163665609375 0.475 0.094023646875 0.4628957859375 0.033203125 0.438133815625 0 0.1894112671875 0
15 0 0.6828125015625 0.0283039640625 0.783203125 0.0910792953125 0.87890625 0.23645374531250002 0.9765625 0.339977975 0.96875 0.4192731296875 0.88671875 0.4468061671875 0.810546875 0.4484375 0.6861450359375 0.4484375 0.639538571875 0.4401982390625 0.595703125 0.320154184375 0.3671875 0.25407488906250003 0.3359375 0.1505506625 0.34375 0.0690528625 0.40234375 0.01068281875 0.505859375 0 0.5584852421875001 0 0.6828125015625
7 0.66875 0.16328125 0.0533203125 0.1048828125
7 0.74609375 0.10078125 0.0607421875 0.059375
7 0.7421875 0.15390625 0.094140625 0.0625
7 0.675 0.05625 0.090625 0.1125
7 0.596875 0.01171875 0.069140625 0.0234375
7 0.56015625 0.05859375 0.0517578125 0.05625
7 0.5828125 0.1109375 0.06875 0.096875
7 0.7453125 0.0234375 0.0466796875 0.046875
19 0.63125 0.78984375 0.055859375 0.08125
19 0.70078125 0.39609375 0.0265625 0.067578125
19 0.68046875 0.4546875 0.0205078125 0.0498046875
19 0.6390625 0.48671875 0.0435546875 0.0455078125
19 0.7296875 0.559375 0.043359375 0.083984375
19 0.75390625 0.6203125 0.046875 0.058984375
19 0.7796875 0.69453125 0.053515625 0.0546875
19 0.82109375 0.68984375 0.028125 0.0857421875
19 0.81640625 0.75390625 0.0455078125 0.0705078125
19 0.78671875 0.8 0.0421875 0.0654296875
19 0.75859375 0.803125 0.0453125 0.1123046875
19 0.709375 0.8484375 0.0466796875 0.078515625
19 0.70703125 0.76484375 0.04375 0.1107421875
19 0.5828125 0.67421875 0.058984375 0.1111328125
19 0.78828125 0.54765625 0.0482421875 0.0732421875
19 0.7984375 0.46875 0.040234375 0.062109375
19 0.8390625 0.54921875 0.028125 0.0701171875
0 0.8921875 0.74921875 0.059765625 0.0953125
0 0.89609375 0.65625 0.046875 0.096875
0 0.865625 0.55546875 0.012890625 0.075
0 0.82421875 0.50390625 0.0357421875 0.0326171875
0 0.61171875 0.53046875 0.0701171875 0.0625
0 0.7671875 0.41171875 0.046484375 0.0517578125
0 0.696875 0.634375 0.040234375 0.140625
19 0.69765625 0.6375 0.0294921875 0.0689453125
19 0.66953125 0.565625 0.039453125 0.05703125
19 0.66640625 0.64765625 0.034375 0.0732421875
19 0.86171875 0.63125 0.0453125 0.0720703125
19 0.65234375 0.4421875 0.0423828125 0.0689453125
17 0.20859375 0.46171875 0.1171875 0.1263671875
17 0.1875 0.6765625 0.06796875 0.15390625
17 0.13515625 0.79296875 0.1357421875 0.1390625
17 0.31171875 0.7546875 0.0482421875 0.1095703125
17 0.38671875 0.58203125 0.051171875 0.1953125
17 0.29375 0.65234375 0.06171875 0.091796875
17 0.25859375 0.56328125 0.0607421875 0.1076171875
3 0.09140625 0.53125 0.1142578125 0.11875
3 0.0984375 0.6578125 0.1060546875 0.1
3 0.13828125 0.56484375 0.0421875 0.083203125
3 0.2078125 0.5453125 0.03984375 0.033984375
3 0.27890625 0.49765625 0.0421875 0.0513671875
3 0.30390625 0.390625 0.0173828125 0.0501953125
3 0.32109375 0.45625 0.0330078125 0.01875
3 0.35703125 0.4640625 0.05 0.08125
3 0.32578125 0.58203125 0.0515625 0.069921875
3 0.33984375 0.70546875 0.0517578125 0.1
9 0.35703125 0.05234375 0.026171875 0.040625
9 0.453125 0.05625 0.030859375 0.056640625
9 0.2515625 0.0265625 0.0248046875 0.040234375
9 0.21640625 0.02578125 0.0173828125 0.04375
9 0.21015625 0.13515625 0.0388671875 0.0669921875
9 0.20703125 0.2 0.0390625 0.040625
9 0.29609375 0.17265625 0.0294921875 0.0390625
9 0.271875 0.2125 0.0251953125 0.0470703125
9 0.28359375 0.10625 0.0265625 0.03828125
9 0.24765625 0.1140625 0.042578125 0.06015625
9 0.33203125 0.103125 0.039453125 0.046484375
9 0.36171875 0.07890625 0.04375 0.05625
9 0.3859375 0.04765625 0.04609375 0.034375
9 0.28984375 0.00625 0.0294921875 0.0123046875
6 0.4078125 0.09375 0.0435546875 0.1220703125
6 0.18515625 0.059375 0.0388671875 0.056640625
6 0.16796875 0.12578125 0.020703125 0.030078125
6 0.24453125 0.228125 0.025 0.0314453125