15 0.8369140625 0.9377162625000001 0.89453125 0.8252595156250001 0.8984375 0.7041522484375 0.87890625 0.6003460203125 0.8388671875 0.501730103125 0.7451171875 0.39446366718750003 0.6337890625 0.3910034609375 0.5361328125 0.49134948125 0.498046875 0.572664359375 0.501953125 0.7802768171875 0.5234375 0.8356401390625001 0.5888671875 0.9342560546875 0.8369140625 0.9377162625000001
15 0.5654296875 0.3044982703125 0.6396484375 0.3183391 0.7373046875 0.307958478125 0.765625 0.2508650515625 0.74609375 0.1228373703125 0.6904296875 0.06920415156250001 0.6298828125 0.0449826984375 0.5654296875 0.0449826984375 0.5283203125 0.0657439453125 0.4921875 0.1193771625 0.48828125 0.1989619375 0.498046875 0.237024221875 0.5283203125 0.28027681718749997 0.5654296875 0.3044982703125
15 0.4052734375 0.3217993078125 0.4326171875 0.29065743906249997 0.447265625 0.2508650515625 0.451171875 0.192041521875 0.439453125 0.13321799375 0.3994140625 0.079584775 0.3037109375 0.04844290625 0.2451171875 0.062283737500000005 0.2021484375 0.09342560625 0.140625 0.21626297499999997 0.138671875 0.261245675 0.1689453125 0.325259515625 0.3642578125 0.325259515625 0.4052734375 0.3217993078125
15 0.1630859375 0.961937715625 0.2548828125 0.96885813125 0.3134765625 0.9411764703125 0.419921875 0.738754325 0.427734375 0.6972318343749999 0.42578125 0.54844290625 0.4013671875 0.4809688578125 0.3310546875 0.40830449843750005 0.2392578125 0.4013840828125 0.1103515625 0.48788927343750005 0.0546875 0.572664359375 0.0234375 0.683391003125 0.021484375 0.7318339093749999 0.0390625 0.8183391 0.0908203125 0.9100346015625 0.1630859375 0.961937715625
7 0.62265625 0.2484375 0.04765625 0.09296875
7 0.690625 0.19296875 0.053125 0.05234375
7 0.6875 0.23984375 0.084375 0.05546875
7 0.62890625 0.15 0.08046875 0.1125
7 0.56015625 0.1015625 0.06171875 0.05
7 0.52578125 0.15546875 0.046875 0.05
7 0.54609375 0.20234375 0.0609375 0.0859375
7 0.6921875 0.1203125 0.040625 0.05390625
19 0.5890625 0.803125 0.0484375 0.071875
19 0.65078125 0.4546875 0.0234375 0.06015625
19 0.6328125 0.50625 0.01875 0.04375
19 0.5953125 0.53515625 0.03828125 0.040625
19 0.6765625 0.59921875 0.03828125 0.0734375
19 0.69765625 0.653125 0.04140625 0.05078125
19 0.7203125 0.71875 0.0484375 0.0484375
19 0.75703125 0.71484375 0.025 0.075
19 0.753125 0.771875 0.040625 0.06328125
19 0.7265625 0.8125 0.0375 0.05703125
19 0.7015625 0.815625 0.03984375 0.09921875
19 0.6578125 0.85546875 0.040625 0.0703125
19 0.65625 0.78125 0.0390625 0.09765625
19 0.54609375 0.70078125 0.05078125 0.09921875
19 0.72890625 0.5890625 0.0421875 0.06484375
19 0.7375 0.51875 0.03515625 0.05390625
19 0.7734375 0.590625 0.025 0.06171875
0 0.8203125 0.7671875 0.0546875 0.084375
0 0.82421875 0.68515625 0.04140625 0.0859375
0 0.796875 0.59609375 0.0125 0.06640625
0 0.76015625 0.55 0.03125 0.02890625
0 0.571875 0.57421875 0.06171875 0.05546875
0 0.709375 0.46875 0.03984375 0.046875
0 0.646875 0.665625 0.0359375 0.125
19 0.64765625 0.66875 0.02578125 0.06171875
19 0.6234375 0.6046875 0.0359375 0.05078125
19 0.61953125 0.678125 0.03046875 0.06484375
19 0.79375 0.6625 0.03984375 0.06484375
19 0.6078125 0.49609375 0.03828125 0.06171875
17 0.2140625 0.51328125 0.10390625 0.1109375
17 0.1953125 0.703125 0.059375 0.13671875
17 0.14921875 0.80625 0.11953125 0.1234375
17 0.30546875 0.77265625 0.0421875 0.09765625
17 0.37265625 0.61875 0.0453125 0.17265625
17 0.28984375 0.68125 0.0546875 0.08125
17 0.25859375 0.60234375 0.053125 0.09453125
3 0.11015625 0.575 0.1015625 0.10546875
3 0.11640625 0.68671875 0.09375 0.0890625
3 0.15234375 0.60390625 0.0375 0.0734375
3 0.21328125 0.58671875 0.03515625 0.03046875
3 0.2765625 0.54453125 0.0375 0.0453125
3 0.2984375 0.45 0.01640625 0.0453125
3 0.3140625 0.5078125 0.0296875 0.01640625
3 0.3453125 0.51484375 0.04453125 0.071875
3 0.31875 0.61875 0.04609375 0.06171875
3 0.33046875 0.72890625 0.046875 0.0890625
9 0.34609375 0.15078125 0.02265625 0.0359375
9 0.43125 0.153125 0.0265625 0.05078125
9 0.25234375 0.12734375 0.02109375 0.034375
9 0.22109375 0.1265625 0.01640625 0.0390625
9 0.215625 0.2234375 0.03359375 0.05859375
9 0.2125 0.28125 0.03515625 0.0359375
9 0.2921875 0.25625 0.02578125 0.034375
9 0.2703125 0.2921875 0.02265625 0.0421875
9 0.28125 0.19765625 0.0234375 0.034375
9 0.24921875 0.2046875 0.03828125 0.05390625
9 0.3234375 0.19453125 0.0359375 0.040625
9 0.35 0.1734375 0.0390625 0.05
9 0.371875 0.14609375 0.03984375 0.03046875
9 0.3234375 0.0859375 0.0375 0.0359375
9 0.28671875 0.1015625 0.0265625 0.02578125
6 0.39140625 0.18671875 0.03828125 0.10859375
6 0.19375 0.15625 0.03359375 0.05078125
6 0.178125 0.21484375 0.01875 0.02734375
6 0.24609375 0.30625 0.021875 0.02890625