15 0 0 0 1 0.587086396875 1 0.6801470593750001 0.533085171875 1 0.3860263484375 1 0.0107199765625 1 0 0 0
11 0.3984375 0.209375 0.075 0.078125
11 0.06328125 0.525 0.08984375 0.1421875
11 0.5640625 0.67578125 0.103125 0.11640625
11 0.53671875 0.3484375 0.08984375 0.09921875
11 0.69609375 0.228125 0.078125 0.0828125
11 0.69140625 0.3640625 0.09296875 0.08125
11 0.33515625 0.14921875 0.0703125 0.059375
11 0.21953125 0.10078125 0.0875 0.0703125
11 0.46796875 0.1203125 0.08828125 0.090625
11 0.64375 0.1046875 0.10546875 0.10234375
11 0.92578125 0.52578125 0.1484375 0.08828125
11 0.334375 0.98203125 0.084375 0.0359375