15 0.458490034375 0 0.37503388437499996 0.4206644875 0 0.5938921421875001 0 1 1 1 1 0 0.458490034375 0
11 0.2921875 0.1953125 0.087890625 0.093359375
11 0.48828125 0.7484375 0.121875 0.1376953125
11 0.45546875 0.3609375 0.1048828125 0.1185546875
11 0.64375 0.21796875 0.093359375 0.0982421875
11 0.6375 0.37890625 0.109765625 0.095703125
11 0.21796875 0.12421875 0.0828125 0.0705078125
11 0.08125 0.0671875 0.103125 0.0841796875
11 0.375 0.08984375 0.105859375 0.1076171875
11 0.58125 0.071875 0.125 0.121875
11 0.91328125 0.57109375 0.173046875 0.1046875