15 0.6533897109375 0.1834302078125 0.7515625 0.104637778125 0.7515625 0.10295664687499999 0.7298549125 0.0803406765625 0.5798549125 0.035258709375 0.32747396093750003 0.027061987500000002 0.24771205468750002 0.08546362656249999 0.23342634062499998 0.11620133437499999 0.23580729374999998 0.15923411875 0.3036644359375 0.252471825 0.3613429171875 0.253125 0.48793099843750004 0.253125 0.6533897109375 0.1834302078125
15 0.23714601875 0.84375 0.75625 0.8377242031250001 0.75625 0.8360254703125 0.579427084375 0.2998078890625 0.4722842265625 0.30595543125 0.4331816625 0.333225290625 0.36175309218749996 0.3552933875 0.148474703125 0.3981685453125 0.0496651796875 0.45247182343750003 0.0520461328125 0.79673411875 0.0937127984375 0.8305455953124999 0.13535608125 0.84375 0.23714601875 0.84375
12 0.4234375 0.44765625 0.12734375 0.1390625
12 0.20078125 0.5390625 0.0798828125 0.0720703125
12 0.54453125 0.77734375 0.2140625 0.1609375
12 0.084375 0.684375 0.075 0.162109375
12 0.3125 0.61328125 0.1029296875 0.1013671875
6 0.4234375 0.6171875 0.0564453125 0.0498046875
6 0.1 0.51796875 0.099609375 0.092578125
6 0.48515625 0.19765625 0.065625 0.0455078125
6 0.6296875 0.1828125 0.040625 0.047265625
6 0.48203125 0.11875 0.0357421875 0.0529296875
6 0.5703125 0.0671875 0.0498046875 0.021484375
6 0.6359375 0.1078125 0.0595703125 0.016015625
6 0.50859375 0.071875 0.065625 0.031640625
6 0.63203125 0.55078125 0.060546875 0.098828125
12 0.19453125 0.75625 0.2 0.1220703125
12 0.51875 0.640625 0.096875 0.0841796875
12 0.540625 0.5265625 0.149609375 0.0939453125
12 0.31484375 0.61171875 0.098828125 0.091796875