15 0.71875 0.157808309375 0.71875 0.1050372125 0.6485171796875 0.008310421875 0.459462453125 0.0061645 0.283132565625 0.08061151250000001 0.1796117078125 0.163889821875 0.2032435484375 0.1885679328125 0.359959965625 0.2357782328125 0.5568456109375 0.2421875 0.626604371875 0.2421875 0.7069748921875 0.18320312656249998 0.71875 0.157808309375
15 0 0.8203134578125001 0.033484918749999995 0.847548953125 0.0756107875 0.8609375 0.22109203281249998 0.8609375 0.725 0.8550744703125 0.725 0.8511964140625 0.5409476062499999 0.2917549625 0.4290073078125 0.29819273125 0.38815388125 0.326750009375 0.31352701562499996 0.349859946875 0.09069885 0.3947592546875 0 0.444721240625 0 0.8203134578125001
12 0.378125 0.44765625 0.1314453125 0.1453125
12 0.1453125 0.54296875 0.084375 0.0763671875
12 0.50390625 0.7921875 0.2236328125 0.16875
12 0.03125 0.69453125 0.0625 0.1701171875
12 0.26171875 0.6203125 0.107421875 0.105859375
6 0.378125 0.625 0.059375 0.050390625
6 0.04453125 0.5203125 0.0890625 0.096875
6 0.4421875 0.1859375 0.06875 0.0470703125
6 0.59296875 0.1703125 0.0421875 0.0498046875
6 0.4390625 0.103125 0.0373046875 0.055859375
6 0.53046875 0.0484375 0.0515625 0.0216796875
6 0.6 0.09140625 0.062890625 0.017578125
6 0.46640625 0.05390625 0.06875 0.034375
6 0.59609375 0.55546875 0.0638671875 0.1044921875
12 0.13828125 0.77109375 0.2080078125 0.1294921875
12 0.47734375 0.64921875 0.1015625 0.0875
12 0.5 0.5296875 0.155859375 0.0998046875
12 0.2640625 0.61875 0.103125 0.096484375