15 0.5531674203125 0.25390625 0.6957013578125 0.2109375 0.7171945703125 0.1884765625 0.623042115625 0.11268028906250001 0.4626696828125 0.044921875 0.29072398125 0.046875 0.22624434375 0.1357421875 0.22398189999999998 0.1767578125 0.23755656093750002 0.2060546875 0.31334841562500004 0.26171875 0.5531674203125 0.25390625
15 0.72171945625 0.8173828125 0.5531674203125 0.3046875 0.451357465625 0.310546875 0.41420118281249996 0.3365384609375 0.3463278796875 0.357572115625 0.1436651578125 0.3984375 0.04977375625 0.4501953125 0.0520361984375 0.7783203125 0.091628959375 0.810546875 0.134615384375 0.82421875 0.72171945625 0.8173828125
12 0.4046875 0.44609375 0.1203125 0.13203125
12 0.19296875 0.53359375 0.0765625 0.06875
12 0.51953125 0.76015625 0.20390625 0.153125
12 0.0828125 0.671875 0.07109375 0.153125
12 0.29921875 0.60390625 0.09765625 0.09609375
6 0.4046875 0.6078125 0.05390625 0.046875
6 0.09765625 0.51328125 0.09375 0.08828125
6 0.46328125 0.2078125 0.0625 0.04375
6 0.60078125 0.19375 0.03828125 0.0453125
6 0.46015625 0.1328125 0.0328125 0.04921875
6 0.54375 0.08359375 0.046875 0.01953125
6 0.60625 0.12265625 0.05703125 0.01640625
6 0.4859375 0.0875 0.0625 0.03125
6 0.603125 0.54453125 0.05703125 0.09453125
12 0.18671875 0.740625 0.18984375 0.1171875
12 0.4953125 0.63046875 0.0921875 0.0796875
12 0.51640625 0.52109375 0.140625 0.08984375
12 0.30078125 0.60234375 0.09375 0.0875