13 0.3703125 0.24765625 0.090234375 0.1125
13 0.3 0.640625 0.109375 0.13828125
13 0.62421875 0.71484375 0.115625 0.1419921875
7 0.66015625 0.3984375 0.084375 0.1064453125
7 0.1671875 0.47734375 0.1060546875 0.1232421875
7 0.15390625 0.5484375 0.153125 0.2033203125
7 0.246875 0.7890625 0.1189453125 0.1470703125
7 0.4 0.81015625 0.14375 0.1
7 0.51171875 0.87109375 0.114453125 0.134375
7 0.3921875 0.975 0.109375 0.05
7 0.80390625 0.65390625 0.1482421875 0.2076171875
7 0.5046875 0.51796875 0.171484375 0.2140625
7 0.578125 0.23515625 0.0875 0.0734375
7 0.50625 0.20703125 0.0501953125 0.0609375
15 0.0346455625 0.5736632953125 0.07793560625 0.6777095390625 0.22620400468750002 0.8843569375 0.362567640625 0.965281790625 0.581182359375 0.9970737 0.6915719703125001 0.9999638718750001 0.7586715374999999 0.9855130046875 0.8225243515624999 0.9031430625000001 0.9307494593750001 0.6690390171875 0.9578125 0.5838608328125 0.9578125 0.41548500781250003 0.9437364718750001 0.293316475 0.8636498921875001 0.0447615609375 0.8542067203125001 0.037536128125 0.14235802656250002 0.037536128125 0.11364989218749999 0.0577673421875 0.0454680734375 0.1459176296875 0.0173295453125 0.2123916171875 0.0043425328125 0.3626806375 0.013000540625000001 0.4840679203125 0.0346455625 0.5736632953125
12 0.446875 0.24609375 0.0564453125 0.0673828125
12 0.46796875 0.3125 0.0794921875 0.1125
12 0.246875 0.26015625 0.0875 0.078125
12 0.6796875 0.62109375 0.0873046875 0.1171875
12 0.63515625 0.52578125 0.0705078125 0.059375
12 0.4890625 0.6828125 0.1251953125 0.1125
12 0.38359375 0.72578125 0.0703125 0.088671875
12 0.3703125 0.61640625 0.05625 0.0919921875
12 0.3390625 0.46171875 0.152734375 0.11875
12 0.17421875 0.68984375 0.0732421875 0.0919921875