13 0.415625 0.2390625 0.08046875 0.10078125
13 0.35234375 0.59296875 0.0984375 0.12578125
13 0.6453125 0.659375 0.1046875 0.12734375
7 0.678125 0.37421875 0.07578125 0.096875
7 0.2328125 0.44609375 0.0953125 0.11015625
7 0.2203125 0.51015625 0.1375 0.18359375
7 0.3046875 0.7265625 0.1078125 0.13359375
7 0.44296875 0.7453125 0.1296875 0.090625
7 0.54375 0.80078125 0.103125 0.12109375
7 0.4375 0.9328125 0.0984375 0.11953125
7 0.8078125 0.60546875 0.13359375 0.18671875
7 0.5375 0.4828125 0.15390625 0.19296875
7 0.60390625 0.22734375 0.07890625 0.065625
7 0.5390625 0.20234375 0.04609375 0.05546875
15 0.173828125 0.91015625 0.2607421875 0.9765625 0.3193359375 0.9947916671874999 0.6865234375 0.9869791671874999 0.7802734375 0.9479166671874999 0.8505859375 0.8984375 0.912109375 0.8190104171874999 0.9375 0.7591145828125 0.94921875 0.6236979171875 0.94140625 0.5143229171875 0.921875 0.43359375 0.8828125 0.33984375 0.7490234375 0.1536458328125 0.6259765625 0.08072916718749999 0.4287109375 0.05208333281250001 0.3291015625 0.0494791671875 0.2685546875 0.0625 0.2109375 0.13671875 0.11328125 0.34765625 0.0859375 0.43359375 0.0859375 0.55078125 0.1015625 0.6861979171875 0.173828125 0.91015625
12 0.48515625 0.2375 0.0515625 0.0609375
12 0.5046875 0.296875 0.07109375 0.10078125
12 0.3046875 0.25 0.07890625 0.0703125
12 0.6953125 0.575 0.078125 0.10546875
12 0.6546875 0.4890625 0.0640625 0.05390625
12 0.5234375 0.63125 0.1140625 0.10078125
12 0.428125 0.66953125 0.06328125 0.0796875
12 0.415625 0.57109375 0.05078125 0.0828125
12 0.3875 0.43203125 0.13671875 0.10703125
12 0.23984375 0.6375 0.065625 0.0828125