13 0.40078125 0.2 0.0857421875 0.1064453125
13 0.33359375 0.5734375 0.1046875 0.13359375
13 0.64296875 0.64375 0.1109375 0.134375
7 0.678125 0.34296875 0.0810546875 0.1015625
7 0.20703125 0.41796875 0.1013671875 0.1169921875
7 0.19375 0.4859375 0.1466796875 0.19375
7 0.2828125 0.71484375 0.115234375 0.140625
7 0.42890625 0.734375 0.1375 0.09453125
7 0.5359375 0.7921875 0.109375 0.127734375
7 0.4234375 0.93203125 0.103515625 0.1263671875
7 0.81484375 0.5859375 0.140625 0.196875
7 0.5296875 0.45703125 0.1625 0.2044921875
7 0.59921875 0.1875 0.083203125 0.069140625
7 0.53046875 0.1609375 0.0484375 0.058984375
15 0.060456482812500004 0.490667925 0.0521920203125 0.6060525421875 0.0645887125 0.7489096828124999 0.09144821875 0.8120964984375 0.15653086249999998 0.8958877046874999 0.23091102812500003 0.9480855078125 0.33008458125 0.9892942984375 0.687359025 0.996875 0.7206450171875 0.996875 0.7804978046875 0.9783052874999999 0.872439953125 0.9082503421875 0.9488862328125001 0.6719866062500001 0.9640625 0.5408203171875 0.9640625 0.4012635484375 0.936489540625 0.3148437484375 0.8331837546875001 0.0923162765625 0.7722333406249999 0.014019573437499998 0.7081837546875 0.000283309375 0.602811853125 0.0030305625 0.39413416875 0.0332503421875 0.263968878125 0.11017341875 0.122439953125 0.30660199062500004 0.081117640625 0.4055030890625 0.060456482812500004 0.490667925
12 0.47421875 0.1984375 0.0546875 0.065234375
12 0.49453125 0.2609375 0.075 0.1064453125
12 0.28359375 0.2109375 0.083203125 0.074609375
12 0.69609375 0.5546875 0.0828125 0.1123046875
12 0.653125 0.4640625 0.0685546875 0.05625
12 0.5140625 0.61328125 0.12109375 0.107421875
12 0.41328125 0.65390625 0.0671875 0.084375
12 0.40078125 0.55078125 0.053125 0.0875
12 0.37109375 0.40390625 0.1451171875 0.1138671875
12 0.2140625 0.6203125 0.0689453125 0.0875