15 0.06722296250000001 0.7501403625 0.1401116796875 0.90113551875 0.277428896875 1 0.9223641109375 0.99746014375 0.9952527312499999 0.889854234375 0.997856059375 0.5193083859375001 0.9171576546875 0.32926259375 0.8286500578125 0.1956230859375 0.747951753125 0.1331422765625 0.6177932921875 0.0741326328125 0.48633316718749997 0.0376855265625 0.39261911562499996 0.0350821328125 0.3399048984375 0.0489667734375 0.27482566875000003 0.0906206375 0.20584174375000003 0.132274565625 0.15052439687500002 0.1704572265625 0.13378903281250001 0.19574652812499999 0.0535562828125 0.300625534375 0.0203659359375 0.43860398749999996 0.011254785937500001 0.5644333828125 0.06722296250000001 0.7501403625
13 0.1609375 0.35078125 0.08671875 0.08828125
13 0.88046875 0.81796875 0.08046875 0.12890625
13 0.378125 0.715625 0.08125 0.084375
11 0.571875 0.84765625 0.04921875 0.109375
11 0.3328125 0.56640625 0.06875 0.07265625
11 0.496875 0.3578125 0.04609375 0.08515625
11 0.64609375 0.28203125 0.0546875 0.05078125
11 0.8421875 0.51875 0.04375 0.08203125
11 0.353125 0.2625 0.0375 0.059375
11 0.4609375 0.746875 0.02578125 0.03828125
11 0.43984375 0.60234375 0.06875 0.09765625
11 0.5484375 0.26015625 0.10625 0.128125
11 0.6953125 0.19453125 0.1109375 0.09375
0 0.75390625 0.36171875 0.1171875 0.1671875
12 0.36640625 0.36640625 0.13046875 0.1015625
16 0.70234375 0.7078125 0.0921875 0.20859375
16 0.52734375 0.5390625 0.0890625 0.0734375