15 0.41646906093749997 0 0.3283329734375 0.0244708984375 0.1840881 0.0899613703125 0.0946562125 0.15930423437500002 0 0.30243420468750004 0 1 0.7776862734375001 1 0.85771173125 0.942300690625 0.9384888374999999 0.7747222515625001 1 0.5703282578125 1 0.5615084078125 0.990416971875 0.4289708984375 0.9536345953125 0.27583874218750004 0.864718646875 0.159441234375 0.8461720968750001 0.13137449375000002 0.7848680234375001 0.08899836093749999 0.7084183078125 0.042769724999999995 0.6416921015625 0 0.41646906093749997 0
13 0.165625 0.33125 0.0966796875 0.0970703125
13 0.95859375 0.8484375 0.082421875 0.141015625
13 0.40625 0.73671875 0.0904296875 0.09375
11 0.6203125 0.8828125 0.053515625 0.121875
11 0.35546875 0.5703125 0.0765625 0.0810546875
11 0.5375 0.3390625 0.05078125 0.094140625
11 0.703125 0.25546875 0.06171875 0.057421875
11 0.92109375 0.51796875 0.0484375 0.091796875
11 0.378125 0.23359375 0.043359375 0.065625
11 0.49765625 0.77109375 0.028125 0.0421875
11 0.47421875 0.6109375 0.076171875 0.10859375
11 0.59453125 0.23046875 0.1173828125 0.1421875
11 0.7578125 0.15859375 0.122265625 0.1044921875
0 0.82265625 0.34375 0.1296875 0.187109375
12 0.39296875 0.3484375 0.1451171875 0.1126953125
16 0.765625 0.728125 0.102734375 0.231640625
16 0.57109375 0.53984375 0.098828125 0.082421875