15 1 0.40656596718750004 0.9755036890625 0.3486281765625 0.8782592921875001 0.2011638921875 0.7895950593750001 0.13221955000000002 0.6465883390625 0.0671054609375 0.5021514640625 0.026887964062500002 0.3991866671875 0.0240152546875 0.3412689015625 0.039336237499999996 0.269765540625 0.085299121875 0.1939720453125 0.1312620765625 0.13319418593750001 0.17339466875 0.11480683437500001 0.20130010468749998 0.0266541140625 0.3170286625 0 0.42831238593750004 0 0.674185046875 0.0416698640625 0.8130450250000001 0.1217536046875 0.97966036875 0.147722053125 0.9984375 1 0.9984375 1 0.40656596718750004
13 0.14453125 0.37265625 0.0953125 0.096875
13 0.93515625 0.88828125 0.0888671875 0.1421875
13 0.3828125 0.775 0.090234375 0.09375
11 0.59609375 0.9203125 0.0544921875 0.1216796875
11 0.33359375 0.61015625 0.0763671875 0.0798828125
11 0.5140625 0.38046875 0.0501953125 0.09375
11 0.678125 0.296875 0.0595703125 0.05625
11 0.89375 0.55859375 0.04921875 0.090625
11 0.35546875 0.275 0.0419921875 0.065625
11 0.47421875 0.809375 0.028125 0.043359375
11 0.45078125 0.65078125 0.075 0.1078125
11 0.5703125 0.27265625 0.11640625 0.141796875
11 0.73203125 0.20078125 0.121875 0.103125
0 0.79609375 0.38515625 0.129296875 0.184375
12 0.3703125 0.38984375 0.143359375 0.1125
16 0.73984375 0.7671875 0.1015625 0.2310546875
16 0.546875 0.58046875 0.0970703125 0.08125