15 1 0.44641410156249994 0.9315477421875 0.33880825937500003 0.8517172890625 0.241615925 0.7209803124999999 0.180870665625 0.5752027656250001 0.15396928906250001 0.43868114374999995 0.15570480625 0.3102580578125 0.164382696875 0.21307314375000003 0.1739283609375 0.111260265625 0.2338058125 0.0591968828125 0.2928154859375 0.067295596875 0.3561640390625 0 0.422115984375 0.0059764640625 0.5817891625 0.06382466875000001 0.6998084453125 0.1413412265625 0.75447930625 0.2628224578125 0.808282128125 0.45487856718749997 0.84039029375 0.5821446203125 0.8030753421875 0.8644437890625 0.772702728125 0.938489596875 0.7267099546875 0.99518076875 0.6555512218749999 1 0.5705079453125 1 0.44641410156249994
2 0.58359375 0.60859375 0.309375 0.13203125
2 0.47109375 0.303125 0.153125 0.0671875
2 0.22578125 0.43125 0.1203125 0.08828125
2 0.47734375 0.46796875 0.21875 0.11015625
2 0.246875 0.3171875 0.1109375 0.046875
2 0.7625 0.415625 0.1234375 0.096875
2 0.7359375 0.5484375 0.15078125 0.0765625
2 0.33125 0.5859375 0.1125 0.078125
0 0.33828125 0.3046875 0.096875 0.0625
0 0.759375 0.49453125 0.24453125 0.0734375
0 0.53046875 0.5515625 0.059375 0.0296875
0 0.31875 0.453125 0.040625 0.059375
0 0.3703125 0.33046875 0.0625 0.0265625
0 0.4203125 0.39609375 0.04140625 0.0265625
0 0.7578125 0.35390625 0.07421875 0.03046875
2 0.61953125 0.3609375 0.0390625 0.0265625
2 0.6140625 0.31015625 0.11640625 0.06328125