15 1 0.32639003125 0.9425000140625001 0.2540236109375 0.8668787640625 0.2069270125 0.578573228125 0.1758254546875 0.4485993890625 0.137614946875 0.252456978125 0.1704937046875 0.128391040625 0.22558779687500002 0.04922519375 0.2815707578125 0 0.3822655703125 0 0.581608375 0.052769970312500004 0.633462628125 0.04449894375 0.698331546875 0.0976700578125 0.7587574546875 0.20164916718749998 0.8200719640624999 0.30090184531249997 0.8298467234375 0.4320573375 0.8387328828125 0.571483675 0.8405100531249999 0.720362871875 0.8129630421874999 0.8538814859375 0.750759896875 0.935410459375 0.6512349484375 1 0.5494304796875 1 0.32639003125
2 0.5796875 0.603125 0.3158203125 0.1345703125
2 0.46484375 0.290625 0.15625 0.0689453125
2 0.21484375 0.42109375 0.1232421875 0.090625
2 0.471875 0.459375 0.224609375 0.1125
2 0.2359375 0.3046875 0.112890625 0.04765625
2 0.7625 0.40546875 0.125390625 0.098828125
2 0.73515625 0.5421875 0.1544921875 0.078125
2 0.32265625 0.58046875 0.1142578125 0.0796875
0 0.3296875 0.2921875 0.097265625 0.065234375
0 0.759375 0.48671875 0.25 0.075
0 0.52578125 0.54453125 0.0607421875 0.0298828125
0 0.309375 0.44375 0.0408203125 0.062109375
0 0.3625 0.31875 0.062890625 0.0279296875
0 0.41328125 0.38515625 0.0421875 0.0267578125
0 0.75859375 0.34296875 0.0763671875 0.03125
2 0.61640625 0.35 0.0392578125 0.0279296875
2 0.61171875 0.296875 0.11875 0.0654296875