15 1 0.3262017625 0.96298914375 0.27968254843749996 0.8857239531250001 0.2316247921875 0.5911509078125 0.19988851093749999 0.4583515484375 0.1608981953125 0.2579451734375 0.19444794999999998 0.13118215 0.250666409375 0.0502953078125 0.30779188125 0 0.41054168906250005 0 0.613952715625 0.05391714374999999 0.66686521875 0.0454663125 0.7330579921875 0.0997933203125 0.79471708125 0.2060328453125 0.8572829078125 0.30744319062500003 0.8672571515625 0.42187300156249996 0.875 0.6008893828125 0.875 0.736022934375 0.8500289078125001 0.8724441281249999 0.786556309375 0.9557454703125 0.6850002374999999 1 0.6153381828125 1 0.3262017625
2 0.59296875 0.6359375 0.3232421875 0.1375
2 0.475 0.3171875 0.1595703125 0.071484375
2 0.21953125 0.45 0.1263671875 0.093359375
2 0.48203125 0.4890625 0.228125 0.1154296875
2 0.24140625 0.33125 0.115625 0.049609375
2 0.77890625 0.434375 0.128125 0.1001953125
2 0.7515625 0.5734375 0.158984375 0.078515625
2 0.3296875 0.6125 0.11640625 0.08125
0 0.33671875 0.31875 0.1013671875 0.0654296875
0 0.7765625 0.5171875 0.2560546875 0.077734375
0 0.5375 0.57578125 0.0623046875 0.03125
0 0.31640625 0.4734375 0.0421875 0.0623046875
0 0.3703125 0.3453125 0.065625 0.028125
0 0.42265625 0.41328125 0.042578125 0.028125
0 0.775 0.3703125 0.0779296875 0.03125
2 0.6296875 0.37734375 0.040625 0.028125
2 0.625 0.3234375 0.121484375 0.066015625