2 0.20985862968750002 0.83203125 0.4152157734375 0.8655133921875 0.68604910625 0.8431919625000001 0.83485863125 0.7896205359375 0.996875 0.7053282359375 0.996875 0.41559709843750003 0.9062872015625001 0.34765625 0.7515252968749999 0.2717633921875 0.513430059375 0.2204241078125 0.38843005937499997 0.2204241078125 0.177120534375 0.24497767812500001 0.1027157734375 0.2717633921875 0.0030133921875 0.32567223749999996 0.0030133921875 0.743406065625 0.0223586296875 0.7561383921875 0.20985862968750002 0.83203125
2 0.2359375 0.45078125 0.158984375 0.0763671875
2 0.3921875 0.5171875 0.108984375 0.108984375
2 0.27421875 0.52265625 0.1548828125 0.0826171875
2 0.340625 0.63125 0.20625 0.1126953125
2 0.58203125 0.6734375 0.1892578125 0.121875
2 0.771875 0.65703125 0.1904296875 0.1826171875
2 0.921875 0.521875 0.146875 0.0748046875
2 0.7296875 0.46640625 0.1595703125 0.071875
2 0.8328125 0.39765625 0.19140625 0.140625
2 0.69765625 0.359375 0.1921875 0.075390625
2 0.33046875 0.33671875 0.1765625 0.084375
15 0.584635415625 0.8655133921875 0.795944940625 0.83203125 0.9328497015625 0.7784598218750001 0.996875 0.742913309375 0.996875 0.32578125 0.91796875 0.2806919625 0.825706846875 0.24497767812500001 0.6143973203125 0.2204241078125 0.45963541562500004 0.2271205359375 0.22154017812500001 0.2806919625 0.01171875 0.40680803593750003 0.002790178125 0.7036830359375 0.16796875 0.7896205359375 0.3167782734375 0.8431919625000001 0.584635415625 0.8655133921875
0 0.54453125 0.33671875 0.128125 0.0328125
0 0.3 0.39375 0.287109375 0.06875
0 0.44765625 0.46484375 0.2294921875 0.06875
0 0.18828125 0.55546875 0.171875 0.0986328125
0 0.675 0.5328125 0.1689453125 0.065625
0 0.8796875 0.53671875 0.1439453125 0.0955078125
0 0.85078125 0.4140625 0.2330078125 0.0939453125
0 0.8015625 0.6625 0.147265625 0.0626953125
0 0.47578125 0.6703125 0.1794921875 0.140625