2 0.4309895828125 0.865234375 0.5403645828125 0.865234375 0.7252604171875 0.84375 0.7903645828125 0.8203125 0.90234375 0.759765625 0.9479166671874999 0.7236328125 0.9895833328125001 0.6669921875 0.9895833328125001 0.5439453125 0.9244791671874999 0.4384765625 0.8606770828125001 0.396484375 0.6966145828125 0.330078125 0.5169270828125 0.30078125 0.2799479171875 0.3203125 0.1497395828125 0.3671875 0.0052083328125 0.4423828125 0.0052083328125 0.6923828125 0.08723958281250001 0.75390625 0.22265625 0.8203125 0.4309895828125 0.865234375
2 0.209375 0.5015625 0.13828125 0.06640625
2 0.3453125 0.559375 0.09375 0.09453125
2 0.2421875 0.56484375 0.1359375 0.071875
2 0.30078125 0.659375 0.18046875 0.09921875
2 0.51171875 0.69609375 0.16640625 0.10703125
2 0.678125 0.68203125 0.16640625 0.159375
2 0.809375 0.5640625 0.128125 0.06484375
2 0.640625 0.515625 0.140625 0.06328125
2 0.73125 0.45546875 0.16796875 0.1234375
2 0.61328125 0.421875 0.16796875 0.06640625
2 0.29140625 0.4015625 0.15390625 0.0734375
15 0.5403645828125 0.865234375 0.7252604171875 0.84375 0.8059895828125001 0.8125 0.9153645828125001 0.75 0.9583333328125001 0.7119140625 0.9947916671874999 0.6533203125 0.9895833328125001 0.5439453125 0.9192708328125001 0.4326171875 0.8190104171874999 0.376953125 0.69921875 0.330078125 0.5143229171875 0.30078125 0.2799479171875 0.3203125 0.1497395828125 0.3671875 0.0052083328125 0.4423828125 0.013020832812499999 0.7021484375 0.1966145828125 0.8125 0.4049479171875 0.859375 0.5403645828125 0.865234375
0 0.47890625 0.4015625 0.1125 0.02890625
0 0.265625 0.45234375 0.25078125 0.06015625
0 0.39453125 0.5140625 0.2 0.06015625
0 0.1671875 0.59375 0.15 0.0875
0 0.59296875 0.57421875 0.1484375 0.05703125
0 0.771875 0.5765625 0.1265625 0.084375
0 0.746875 0.46953125 0.2046875 0.0828125
0 0.70390625 0.6875 0.13046875 0.05546875
0 0.41875 0.69375 0.15625 0.1234375