2 1 0.48103193906249997 0.9211229953125001 0.42179499375 0.7820855609375 0.3535219 0.5681818187500001 0.307337159375 0.455882353125 0.307337159375 0.26604278125 0.329425515625 0.1991978609375 0.3535219 0.08422459843749999 0.4157708953125 0.0374331546875 0.4529194890625 0 0.50387330625 0 0.64633314375 0.061497326562499996 0.7460921796875 0.127005346875 0.789264871875 0.29545454531250004 0.857537965625 0.459834971875 0.884375 0.5197324171875 0.884375 0.7232620328125 0.867578125 0.856951871875 0.8193853546875 1 0.744862034375 1 0.48103193906249997
2 0.20390625 0.5140625 0.1421875 0.0685546875
2 0.34375 0.5734375 0.096875 0.0970703125
2 0.23828125 0.57890625 0.1392578125 0.0736328125
2 0.29765625 0.67578125 0.1857421875 0.1015625
2 0.51484375 0.7140625 0.1705078125 0.109375
2 0.68515625 0.69921875 0.170703125 0.1640625
2 0.8203125 0.578125 0.13125 0.0658203125
2 0.64765625 0.528125 0.14375 0.0654296875
2 0.73984375 0.46640625 0.1732421875 0.1265625
2 0.61875 0.43203125 0.172265625 0.067578125
2 0.28828125 0.4109375 0.1580078125 0.0751953125
15 1 0.5640305999999999 0.997326203125 0.47500784375 0.8088235296875 0.361554028125 0.5949197859375001 0.3133612578125 0.455882353125 0.307337159375 0.26604278125 0.329425515625 0.1831550796875 0.361554028125 0.070855615625 0.42581105625 0.0267379671875 0.4649676828125 0 0.507996940625 0 0.6461368046875 0.0668449203125 0.752116278125 0.169786096875 0.8093451937499999 0.2927807484375 0.857537965625 0.46192582499999996 0.884375 0.52196900625 0.884375 0.7232620328125 0.867578125 0.856951871875 0.8193853546875 1 0.744862034375 1 0.5640305999999999
0 0.48125 0.4109375 0.115234375 0.02890625
0 0.26171875 0.46328125 0.257421875 0.061328125
0 0.39453125 0.5265625 0.205078125 0.062109375
0 0.1609375 0.6078125 0.1533203125 0.0904296875
0 0.5984375 0.58828125 0.1529296875 0.0580078125
0 0.78203125 0.59140625 0.1296875 0.0861328125
0 0.75625 0.48046875 0.2095703125 0.0857421875
0 0.7125 0.7046875 0.1341796875 0.0564453125
0 0.41953125 0.71171875 0.1607421875 0.1265625