15 0.1865234375 0.9895833328125001 0.7197265625 0.9947916671874999 0.7734375 0.92578125 0.828125 0.8059895828125001 0.853515625 0.7018229171875 0.8359375 0.42578125 0.81640625 0.32421875 0.78515625 0.22526041718749998 0.712890625 0.10546875 0.6005859375 0.015625 0.5712890625 0.0052083328125 0.3525390625 0.0052083328125 0.2626953125 0.0208333328125 0.1650390625 0.09895833281250001 0.1171875 0.1653645828125 0.076171875 0.24348958281250002 0.0546875 0.33203125 0.048828125 0.5950520828125 0.064453125 0.7799479171875 0.1171875 0.8997395828125001 0.1865234375 0.9895833328125001
13 0.4140625 0.11640625 0.090625 0.11328125
13 0.3796875 0.24296875 0.08828125 0.11796875
13 0.31171875 0.196875 0.07265625 0.09921875
13 0.23046875 0.22265625 0.07265625 0.12109375
13 0.15703125 0.32734375 0.07265625 0.12421875
13 0.27421875 0.34453125 0.0859375 0.11015625
13 0.16171875 0.478125 0.096875 0.12265625
13 0.26484375 0.5546875 0.08828125 0.12890625
13 0.1375 0.62890625 0.11484375 0.1359375
13 0.17265625 0.76796875 0.0828125 0.12421875
13 0.24609375 0.66953125 0.06796875 0.11328125
13 0.32265625 0.6796875 0.078125 0.12109375
13 0.275 0.8765625 0.065625 0.12890625
13 0.37890625 0.8609375 0.096875 0.13203125
13 0.44609375 0.76328125 0.109375 0.13359375
13 0.478125 0.671875 0.09296875 0.11171875
13 0.56328125 0.65859375 0.07734375 0.12578125
13 0.596875 0.7859375 0.08828125 0.11015625
13 0.70625 0.68671875 0.09765625 0.1453125
13 0.5796875 0.51328125 0.09296875 0.12265625
13 0.47734375 0.50625 0.075 0.11796875
13 0.40234375 0.46640625 0.07265625 0.13046875
13 0.46953125 0.3296875 0.096875 0.15625
13 0.56953125 0.32265625 0.0703125 0.11171875
13 0.496875 0.12578125 0.09296875 0.0953125
13 0.64921875 0.21953125 0.0734375 0.11796875
13 0.70625 0.35859375 0.09765625 0.11328125
13 0.71015625 0.5203125 0.0875 0.11171875