15 0.151134559375 0 0.0918021296875 0.07634730468749999 0.029021862500000002 0.21407185625 0 0.33331414531250003 0 0.33581585625 0.0200532515625 0.6511976046875 0.0424747765625 0.767964071875 0.0783492140625 0.8817365265625 0.1495862984375 1 0.8096206484374999 1 0.8451653578125 0.950598803125 0.85625 0.9294535921874999 0.85625 0.1315050484375 0.8451653578125 0.10628742499999999 0.765568946875 0.0029940125 0.45951513437499997 0 0.151134559375 0
13 0.35 0.028125 0.10625 0.05625
13 0.3125 0.13828125 0.100390625 0.1359375
13 0.23515625 0.0859375 0.0828125 0.115234375
13 0.14140625 0.115625 0.0828125 0.137890625
13 0.05703125 0.23515625 0.0828125 0.1423828125
13 0.19140625 0.25546875 0.0986328125 0.1265625
13 0.0625 0.40859375 0.11171875 0.140625
13 0.18046875 0.496875 0.1015625 0.147265625
13 0.05078125 0.58046875 0.1013671875 0.1548828125
13 0.07421875 0.7421875 0.0953125 0.143359375
13 0.159375 0.62890625 0.078125 0.1298828125
13 0.24765625 0.640625 0.089453125 0.13828125
13 0.1921875 0.86640625 0.075 0.1482421875
13 0.31171875 0.84921875 0.1109375 0.1515625
13 0.3890625 0.7375 0.125 0.153125
13 0.42578125 0.63125 0.1076171875 0.1283203125
13 0.5234375 0.61640625 0.0876953125 0.1451171875
13 0.56171875 0.7625 0.1015625 0.125390625
13 0.6875 0.64921875 0.1123046875 0.1671875
13 0.5421875 0.44921875 0.106640625 0.140625
13 0.425 0.44140625 0.087109375 0.1359375
13 0.3390625 0.3953125 0.08359375 0.15
13 0.41640625 0.23828125 0.1109375 0.1796875
13 0.53046875 0.2296875 0.080078125 0.128515625
13 0.44609375 0.028125 0.1078125 0.05625
13 0.621875 0.11171875 0.084375 0.1359375
13 0.6875 0.27109375 0.1123046875 0.1298828125
13 0.69140625 0.45703125 0.1 0.1294921875