15 0.116796875 0.22526041718749998 0.085546875 0.32421875 0.066015625 0.42578125 0.0484375 0.7018229171875 0.073828125 0.8059895828125001 0.128515625 0.92578125 0.1822265625 0.9947916671874999 0.7154296875 0.9895833328125001 0.784765625 0.8997395828125001 0.8375 0.7799479171875 0.853125 0.5950520828125 0.847265625 0.33203125 0.82578125 0.24348958281250002 0.784765625 0.1653645828125 0.7369140625 0.09895833281250001 0.6392578125 0.0208333328125 0.5494140625 0.0052083328125 0.3306640625 0.0052083328125 0.3013671875 0.015625 0.1890625 0.10546875 0.116796875 0.22526041718749998
13 0.4140625 0.11640625 0.090625 0.1138671875
13 0.3796875 0.24296875 0.0876953125 0.1173828125
13 0.31171875 0.196875 0.0732421875 0.0998046875
13 0.23046875 0.22265625 0.073046875 0.120703125
13 0.15703125 0.32734375 0.0732421875 0.1236328125
13 0.27421875 0.34453125 0.0859375 0.1107421875
13 0.16171875 0.478125 0.096875 0.122265625
13 0.26484375 0.5546875 0.0888671875 0.1283203125
13 0.1375 0.62890625 0.1154296875 0.1361328125
13 0.17265625 0.76796875 0.0828125 0.1236328125
13 0.24609375 0.66953125 0.0673828125 0.1138671875
13 0.32265625 0.6796875 0.078125 0.1216796875
13 0.275 0.8765625 0.065625 0.1283203125
13 0.37890625 0.8609375 0.096875 0.1314453125
13 0.44609375 0.76328125 0.109375 0.1330078125
13 0.478125 0.671875 0.0935546875 0.1123046875
13 0.56328125 0.65859375 0.0767578125 0.1263671875
13 0.596875 0.7859375 0.0876953125 0.1095703125
13 0.70625 0.68671875 0.0970703125 0.1453125
13 0.5796875 0.51328125 0.0935546875 0.1232421875
13 0.47734375 0.50625 0.075 0.1185546875
13 0.40234375 0.46640625 0.0732421875 0.1298828125
13 0.46953125 0.3296875 0.096875 0.15625
13 0.56953125 0.32265625 0.0703125 0.111328125
13 0.496875 0.12578125 0.0935546875 0.0953125
13 0.64921875 0.21953125 0.0734375 0.1173828125
13 0.70625 0.35859375 0.097265625 0.113671875
13 0.71015625 0.5203125 0.0875 0.1123046875