15 1 0.2493039359375 0.9533195015624999 0.205510890625 0.8246887968750001 0.1453449171875 0.6974412171875 0.1121498953125 0.4628630703125 0.1121498953125 0.43049792499999995 0.116299275 0.189834025 0.180614625 0.045643153125 0.2978345421875 0 0.38736534375 0 0.684764003125 0.0414937765625 0.8144320531250001 0.1213692953125 0.8901581937499999 0.23962655625 0.9461747921875 0.49117758437500003 0.996875 0.5315741703125 0.996875 0.6939834031250001 0.975220434375 0.9782157671875 0.873560684375 1 0.86124785625 1 0.2493039359375
0 0.1890625 0.31953125 0.08125 0.0703125
2 0.3421875 0.2765625 0.2125 0.146875
2 0.2265625 0.4484375 0.241015625 0.1720703125
2 0.459375 0.6390625 0.1625 0.222265625
2 0.83515625 0.5765625 0.2017578125 0.3220703125
2 0.60625 0.3453125 0.368359375 0.1783203125
0 0.53671875 0.709375 0.170703125 0.177734375
0 0.296875 0.63203125 0.08828125 0.114453125
0 0.7359375 0.4703125 0.1189453125 0.140234375
0 0.6578125 0.36953125 0.15859375 0.113671875
0 0.45234375 0.3078125 0.170703125 0.0875
0 0.63671875 0.24140625 0.0859375 0.044921875