15 1 0.2528011640625 0.949170125 0.20511540468749997 0.8205394187499999 0.1449494296875 0.7091977859374999 0.11590378593749999 0.4263485484375 0.11590378593749999 0.185684646875 0.1802191390625 0.0414937765625 0.29743905625 0 0.3788306921875 0 0.697335321875 0.037344398437499995 0.8140365656249999 0.1172199171875 0.8897627078125 0.23547717812500002 0.9457793046875 0.5031120328124999 0.9997212140625 0.689834025 0.9748249484375 0.9740663906249999 0.873165196875 1 0.8585070703125 1 0.2528011640625
0 0.184375 0.3234375 0.08125 0.071484375
2 0.3375 0.28046875 0.2125 0.146875
2 0.221875 0.453125 0.243359375 0.1720703125
2 0.45546875 0.64296875 0.1625 0.2234375
2 0.83125 0.58046875 0.202734375 0.323046875
2 0.60234375 0.34921875 0.3671875 0.1794921875
0 0.5328125 0.7140625 0.1716796875 0.1779296875
0 0.2921875 0.63671875 0.08984375 0.114453125
0 0.73203125 0.47421875 0.119921875 0.1390625
0 0.65390625 0.37421875 0.1578125 0.1138671875
0 0.44765625 0.31171875 0.170703125 0.0875
0 0.63203125 0.2453125 0.0859375 0.044140625