15 1 0.3291015625 0.9736328125 0.30078125 0.9287109375 0.275390625 0.6611328125 0.1796875 0.4853515625 0.15625 0.2333984375 0.20703125 0.1220703125 0.259765625 0.046875 0.3310546875 0 0.4775390625 0 0.7177734375 0.05078125 0.8173828125 0.1865234375 0.927734375 0.4130859375 0.98828125 0.4892578125 0.998046875 0.6494140625 0.99609375 0.7841796875 0.9609375 0.9052734375 0.904296875 1 0.8154296875 1 0.3291015625
0 0.1859375 0.3515625 0.0765625 0.06640625
2 0.3296875 0.3109375 0.2 0.13828125
2 0.22109375 0.4734375 0.228125 0.1625
2 0.43984375 0.65234375 0.153125 0.21015625
2 0.79375 0.59375 0.190625 0.303125
2 0.578125 0.37578125 0.3453125 0.16796875
0 0.51328125 0.71875 0.1609375 0.16640625
0 0.28671875 0.64609375 0.084375 0.1078125
0 0.70078125 0.49375 0.1125 0.13046875
0 0.62734375 0.39921875 0.1484375 0.10703125
0 0.43359375 0.340625 0.1609375 0.0828125
0 0.60703125 0.278125 0.08125 0.0421875