15 0.634593290625 0.9348958328125001 0.693187040625 0.9166666671874999 0.940257353125 0.66796875 0.981272978125 0.5143229171875 0.989085478125 0.4309895828125 0.971507353125 0.3658854171875 0.878733915625 0.2604166671875 0.771312040625 0.1614583328125 0.697093290625 0.109375 0.667796415625 0.1041666671875 0.22931985312499997 0.79296875 0.23322610312499997 0.8190104171874999 0.300608915625 0.8932291671874999 0.341624540625 0.9140625 0.634593290625 0.9348958328125001
15 0 0.4075520828125 0.0341796875 0.4270833328125 0.1513671875 0.4739583328125 0.3232421875 0.4765625 0.4345703125 0.4635416671875 0.4584099265625 0.4212622546875 0.37109375 0.2513020828125 0.2744140625 0.125 0.1708984375 0.1432291671875 0.0087890625 0.22916666718749998 0 0.24088541718749998 0 0.4075520828125
0 0.2046875 0.3265625 0.07890625 0.0890625
0 0.35703125 0.2171875 0.0609375 0.0765625
0 0.565625 0.4203125 0.12734375 0.1390625
0 0.66640625 0.29765625 0.05546875 0.05703125
0 0.746875 0.3765625 0.0734375 0.0953125
0 0.44296875 0.68046875 0.1296875 0.0765625
9 0.64609375 0.50234375 0.07265625 0.0953125
9 0.66171875 0.43046875 0.0828125 0.0671875
9 0.6390625 0.3734375 0.0703125 0.03359375
9 0.57421875 0.325 0.07734375 0.0734375
9 0.646875 0.2 0.04609375 0.09375
9 0.73515625 0.52109375 0.06640625 0.09765625
9 0.603125 0.64296875 0.05546875 0.06875
9 0.38984375 0.73515625 0.10546875 0.0765625
9 0.32421875 0.72890625 0.0578125 0.05546875
9 0.24296875 0.37890625 0.09296875 0.0875
9 0.27734375 0.2140625 0.07734375 0.0609375
9 0.28125 0.27578125 0.059375 0.04921875
9 0.31171875 0.3140625 0.10546875 0.04921875
9 0.340625 0.2859375 0.07890625 0.05078125
9 0.87890625 0.44140625 0.05546875 0.0671875