15 1 0.1142346390625 0 0.1142346390625 0 0.96725370625 0.21716101718749997 0.9998278609375 0.9078389828125 0.902370234375 1 0.8521005859375 1 0.1142346390625
13 0.22421875 0.165625 0.1546875 0.0939453125
13 0.0359375 0.18984375 0.071875 0.091796875
13 0.0359375 0.33984375 0.071875 0.1294921875
13 0.10703125 0.6125 0.2140625 0.206640625
13 0.8625 0.82578125 0.1626953125 0.1298828125
13 0.50546875 0.4875 0.153125 0.096484375
13 0.59296875 0.275 0.1611328125 0.0876953125
13 0.53515625 0.18828125 0.123828125 0.06875
13 0.7234375 0.2140625 0.0998046875 0.046484375
6 0.8890625 0.26171875 0.1689453125 0.1046875
6 0.36875 0.27109375 0.1626953125 0.0888671875
6 0.478125 0.34921875 0.044140625 0.0486328125
6 0.27421875 0.309375 0.1078125 0.07421875
6 0.3640625 0.4109375 0.0591796875 0.034375
6 0.28828125 0.2390625 0.0482421875 0.0498046875
6 0.91015625 0.47578125 0.0642578125 0.0986328125
6 0.8578125 0.36875 0.0654296875 0.030859375
6 0.6890625 0.39375 0.10625 0.044140625