15 0.5966219109375 0.9546875 0.6306399796875 0.9546875 0.6852866468750001 0.9377322640625 0.9424004671875 0.6796241546874999 0.9850833937499999 0.520164696875 0.9921875 0.44459236718749995 0.9921875 0.42988857343750003 0.9749207921874999 0.3661106421875 0.8783760765625 0.25665118124999997 0.766587459375 0.15394848125 0.6893516875000001 0.0998944265625 0.6588638812500001 0.094489021875 0.20256306875000002 0.809353884375 0.20662810937499998 0.8363809124999999 0.2767500609375 0.9134079390625001 0.31943298750000004 0.9350295609374999 0.5966219109375 0.9546875
15 0 0.3873123515625 0.1411772171875 0.46195101406249994 0.24890079375 0.4808699328125 0.34951055000000003 0.3497888515625 0.4390625 0.17594787812499998 0.4390625 0.171074275 0.41556746093749997 0.12951858125 0.299713803125 0.1160050671875 0.12085201406249999 0.11870777031249999 0 0.166917925 0 0.3873123515625
0 0.1765625 0.325 0.083984375 0.093359375
0 0.334375 0.2125 0.0626953125 0.080859375
0 0.55234375 0.42265625 0.1328125 0.1451171875
0 0.65703125 0.2953125 0.057421875 0.058984375
0 0.740625 0.37734375 0.07578125 0.0984375
0 0.42421875 0.6921875 0.1357421875 0.078515625
9 0.6359375 0.5078125 0.075 0.097265625
9 0.65234375 0.43359375 0.0859375 0.0703125
9 0.62890625 0.37421875 0.0732421875 0.0357421875
9 0.5609375 0.3234375 0.080859375 0.07734375
9 0.63671875 0.19375 0.048046875 0.096875
9 0.72890625 0.52734375 0.0701171875 0.1015625
9 0.59140625 0.653125 0.057421875 0.071875
9 0.36875 0.74921875 0.109765625 0.0796875
9 0.30078125 0.74296875 0.0607421875 0.0576171875
9 0.21640625 0.3796875 0.096875 0.090625
9 0.25234375 0.209375 0.0798828125 0.0626953125
9 0.25625 0.27265625 0.0625 0.051171875
9 0.2875 0.3125 0.109765625 0.050390625
9 0.31796875 0.2828125 0.0828125 0.0529296875
9 0.878125 0.44453125 0.0564453125 0.0703125