15 1 0.4034923765625 0.98695404375 0.355302528125 0.89195404375 0.24758976093750001 0.78195404375 0.14652593125 0.70595404375 0.0933344421875 0.6759540453125 0.08801529375 0.22695404375 0.7914727390625 0.23095404375 0.8180684843750001 0.29995404375 0.89386635625 0.34195404375 0.9151429515625 0.6351571625 0.9359375 0.64350761875 0.9359375 0.70195404375 0.917802528125 0.9549540437499999 0.6638131656249999 0.9969540453124999 0.506898271875 1 0.4744944859375 1 0.4034923765625
15 0 0.411894715625 0.0241746328125 0.45465425625 0.131619640625 0.4671875 0.18877456718750002 0.4671875 0.3141746328125 0.465292553125 0.43417463281249996 0.4174202125 0.4609375 0.4021678203125 0.4609375 0.216307003125 0.46017463281250004 0.2152925515625 0.2941746328125 0.1275265953125 0.1881746328125 0.1089095734375 0.0891746328125 0.23789893593749997 0 0.41101493125 0 0.411894715625
0 0.20234375 0.31484375 0.08125 0.090625
0 0.35703125 0.20390625 0.0625 0.078125
0 0.57109375 0.4109375 0.1298828125 0.141015625
0 0.67421875 0.2859375 0.05625 0.058984375
0 0.75703125 0.36640625 0.075 0.096875
0 0.4453125 0.67578125 0.133984375 0.078125
9 0.65390625 0.49453125 0.0736328125 0.096875
9 0.66953125 0.42109375 0.084375 0.06875
9 0.646875 0.36328125 0.071875 0.034375
9 0.5796875 0.31328125 0.078515625 0.075
9 0.6546875 0.18515625 0.046875 0.0953125
9 0.7453125 0.51328125 0.0685546875 0.1
9 0.609375 0.6375 0.05625 0.069140625
9 0.390625 0.73203125 0.108984375 0.078125
9 0.3234375 0.72578125 0.0591796875 0.05625
9 0.240625 0.36875 0.094140625 0.087890625
9 0.27578125 0.20078125 0.0794921875 0.0625
9 0.28046875 0.26328125 0.0609375 0.05
9 0.3109375 0.30234375 0.1091796875 0.05
9 0.340625 0.2734375 0.08125 0.052734375
9 0.8921875 0.43203125 0.05625 0.06875