15 0.1806640625 1 1 0.9990234375 0.9990234375 0.251953125 0.9130859375 0.205078125 0.2763671875 0.115234375 0.0029296875 0.15625 0 0.9091796875 0 0.9495192296875 0 1 0.1806640625 1
13 0.2828125 0.1625 0.14296875 0.0875
13 0.07109375 0.184375 0.1421875 0.084375
13 0.07109375 0.32421875 0.1421875 0.1203125
13 0.1703125 0.57578125 0.20546875 0.1921875
13 0.0734375 0.9609375 0.146875 0.07734375
13 0.87109375 0.77109375 0.15 0.1203125
13 0.5421875 0.459375 0.14140625 0.08828125
13 0.62265625 0.26328125 0.1484375 0.08125
13 0.56953125 0.18359375 0.1140625 0.06328125
13 0.74296875 0.20703125 0.09140625 0.0421875
6 0.8953125 0.25078125 0.15625 0.09609375
6 0.41640625 0.26015625 0.15 0.08125
6 0.5171875 0.33203125 0.0421875 0.0453125
6 0.32890625 0.2953125 0.09921875 0.06796875
6 0.41171875 0.38828125 0.05390625 0.03125
6 0.3421875 0.2296875 0.04375 0.0453125
6 0.91484375 0.4484375 0.06015625 0.09140625
6 0.8671875 0.35 0.06015625 0.02734375
6 0.71171875 0.37265625 0.09765625 0.0421875