15 0 0 0 0.9111913703125 0.6293828890625 1 0.75614439375 1 1 0.963421659375 1 0 0 0
13 0.3125 0.0484375 0.1685546875 0.096875
13 0.0734375 0.071875 0.146875 0.1
13 0.0734375 0.2359375 0.146875 0.140625
13 0.18046875 0.53359375 0.2423828125 0.2265625
13 0.07578125 0.97109375 0.1515625 0.0578125
13 0.95859375 0.7625 0.0828125 0.143359375
13 0.61875 0.39609375 0.166015625 0.1046875
13 0.7140625 0.16484375 0.1751953125 0.0955078125
13 0.65078125 0.07109375 0.134375 0.0736328125
13 0.85546875 0.09921875 0.1078125 0.05
6 0.97109375 0.15 0.0578125 0.115234375
6 0.4703125 0.16171875 0.1779296875 0.0955078125
6 0.5890625 0.246875 0.05 0.053125
6 0.3671875 0.203125 0.116015625 0.080859375
6 0.46484375 0.31328125 0.0640625 0.0375
6 0.3828125 0.12578125 0.05234375 0.053125
6 0.9828125 0.2671875 0.034375 0.031640625
6 0.81875 0.29453125 0.1154296875 0.05