15 1 0.3069053328125 0.9724669609375001 0.2786458328125 0.72797356875 0.1666666671875 0.5914096921875001 0.125 0.24339207031250001 0.1171875 0.1002202640625 0.1223958328125 0 0.13905843281250002 0 1 0.9870044046875 1 1 0.9903971359374999 1 0.3069053328125
13 0.4890625 0.25703125 0.1623046875 0.1173828125
13 0.32734375 0.3234375 0.190625 0.10625
13 0.15546875 0.43046875 0.1734375 0.1455078125
13 0.43046875 0.4296875 0.2357421875 0.1158203125
13 0.3140625 0.5203125 0.2751953125 0.1470703125
13 0.5640625 0.559375 0.2623046875 0.1185546875
13 0.13515625 0.6234375 0.2517578125 0.128125
13 0.4 0.703125 0.321875 0.1810546875
13 0.80703125 0.34140625 0.2330078125 0.0986328125
13 0.565625 0.34921875 0.1783203125 0.0861328125
13 0.71640625 0.234375 0.146875 0.07578125
13 0.90234375 0.26328125 0.1830078125 0.078125
13 0.69609375 0.428125 0.2375 0.0716796875
19 0.77734375 0.7859375 0.4453125 0.428125
19 0.96875 0.315625 0.0625 0.128125
19 0.86328125 0.49609375 0.2734375 0.2482421875
0 0.7203125 0.81953125 0.296484375 0.1982421875
0 0.94453125 0.79375 0.1109375 0.146875
0 0.98984375 0.6703125 0.019921875 0.10234375
0 0.840625 0.45546875 0.2001953125 0.14375
0 0.978125 0.53671875 0.04375 0.073046875
0 0.9296875 0.3921875 0.0783203125 0.078515625
0 0.98984375 0.40234375 0.0201171875 0.0390625