15 1 0.39219998437500003 0.9497950812499999 0.3408250296875 0.722336065625 0.23696029687500003 0.5952868859375 0.198312953125 0.27151639375 0.19106657656249998 0.138319671875 0.19589749375 0.00717213125 0.217636625 0 0.223675271875 0 1 0.9767674187500001 1 0.9928278687500001 0.988168025 1 0.9787193171874999 1 0.39219998437500003
13 0.4796875 0.3203125 0.15 0.109375
13 0.32890625 0.3828125 0.1767578125 0.097265625
13 0.16953125 0.48125 0.1609375 0.1345703125
13 0.425 0.48046875 0.21875 0.1078125
13 0.3171875 0.5640625 0.256640625 0.137109375
13 0.54921875 0.60078125 0.2423828125 0.109375
13 0.15 0.66015625 0.2345703125 0.1201171875
13 0.396875 0.734375 0.2998046875 0.168359375
13 0.775 0.3984375 0.218359375 0.0908203125
13 0.55078125 0.40546875 0.1669921875 0.0798828125
13 0.69140625 0.29921875 0.1361328125 0.0705078125
13 0.8640625 0.32578125 0.1716796875 0.0732421875
13 0.671875 0.47890625 0.221484375 0.065625
19 0.7703125 0.80625 0.459375 0.3875
19 0.9484375 0.37578125 0.102734375 0.117578125
19 0.85 0.54140625 0.3 0.2296875
0 0.69453125 0.8421875 0.273828125 0.183984375
0 0.92578125 0.81796875 0.1484375 0.1359375
0 0.96796875 0.70390625 0.063671875 0.094921875
0 0.80703125 0.5046875 0.1875 0.1341796875
0 0.95703125 0.5796875 0.0859375 0.0685546875
0 0.8890625 0.44609375 0.072265625 0.0736328125
0 0.96796875 0.45546875 0.0638671875 0.0359375