15 1 0.3145161296875 0.99609375 0.236175115625 0.9892578125 0.23041474687500002 0.8642578125 0.20967741874999998 0.7373046875 0.205069125 0.4287109375 0.2119815671875 0.3076171875 0.24884792656250002 0.0908203125 0.34792626718749997 0.001953125 0.43894009218749996 0 0.8997695859375 0.0498046875 0.9654377875 0.0810546875 0.9884792625 1 0.991935484375 1 0.3145161296875
13 0.5 0.32890625 0.14296875 0.1046875
13 0.35703125 0.3875 0.16953125 0.09375
13 0.2046875 0.48203125 0.15390625 0.12890625
13 0.44765625 0.48125 0.20859375 0.103125
13 0.3453125 0.56171875 0.24453125 0.13046875
13 0.56640625 0.59609375 0.23203125 0.1046875
13 0.1859375 0.653125 0.22421875 0.11328125
13 0.42109375 0.7234375 0.28515625 0.159375
13 0.78203125 0.403125 0.20703125 0.0875
13 0.56796875 0.41015625 0.15859375 0.0765625
13 0.7015625 0.30859375 0.13046875 0.06796875
13 0.86640625 0.334375 0.1625 0.06875
13 0.68359375 0.4796875 0.2109375 0.06328125
19 0.7796875 0.8046875 0.43984375 0.38984375
19 0.95 0.38203125 0.1 0.1125
19 0.85625 0.540625 0.2875 0.21796875
0 0.7046875 0.8265625 0.26171875 0.175
0 0.928125 0.8046875 0.14296875 0.12890625
0 0.96796875 0.69453125 0.0640625 0.08984375
0 0.81171875 0.5046875 0.178125 0.12734375
0 0.95703125 0.57578125 0.0859375 0.06484375
0 0.890625 0.4484375 0.0703125 0.0703125
0 0.9671875 0.45859375 0.0609375 0.03515625