15 0 0.7542067296875 0.8112980765625 1 0.9990985578125 0.33503605937500003 0.6956129796875 0.27493990468749996 0.6941105765625 0.22385817343749997 0.32902644062499997 0.162259615625 0.3049879796875 0.1412259609375 0.234375 0.169771634375 0.1923076921875 0.21484375 0 0.1802884609375 0 0.7542067296875
15 1 0.1051682703125 0.9990985578125 0.030048076562499998 1 0.01953125 0.9465144234375 0.04657451875 0.8383413453124999 0.030048076562499998 0.6069711546875001 0.036057692187500004 0.30949519062499997 0.0240384609375 0.0510817296875 0.0015024046875 0 0.0105168265625 0.0015024046875 0.1832932703125 0.1727764421875 0.211838940625 0.298978365625 0.1397235578125 0.3395432703125 0.150240384375 0.33203125 0.15625 0.6881009609375 0.22085336562500002 0.697115384375 0.2734375 1 0.3395432703125 1 0.1051682703125
11 0.4484375 0.2984375 0.09453125 0.06796875
11 0.72890625 0.39375 0.0484375 0.0453125
11 0.59609375 0.640625 0.09296875 0.0703125
11 0.02734375 0.24375 0.05390625 0.0390625
19 0.871875 0.18671875 0.24765625 0.14609375
19 0.0546875 0.0859375 0.109375 0.06640625
19 0.146875 0.13046875 0.17890625 0.08984375
19 0.32421875 0.06953125 0.18359375 0.09765625
19 0.540625 0.08125 0.15625 0.06328125
19 0.653125 0.09375 0.12734375 0.0703125
19 0.51328125 0.1265625 0.13984375 0.05546875
19 0.74609375 0.1125 0.17265625 0.084375
19 0.646875 0.17734375 0.22421875 0.10234375
19 0.821875 0.0734375 0.20703125 0.09609375