15 1 0.127711259375 0.8302103890625 0.1582203296875 0.784188034375 0.108910665625 0.7069362265625 0.0776812109375 0.6806377390625 0.10069238750000001 0.2812294546875 0.1680822640625 0.2795857984375 0.22396655000000001 0 0.279330075 0 0.47536615624999995 0.14772688437499998 0.9984375 0.21493680781250002 0.9984375 1 0.7605924296875 1 0.127711259375
15 0.9998357484374999 0 0.72205785625 0.060626128125 0.7121959234374999 0.1181540703125 0.322649571875 0.1888312546875 0.33086785 0.1954058765625 0.2864891515625 0.206911465625 0.1484220890625 0.12801600156249998 0 0.15275301875 0 0.2828125 1 0.2828125 1 0 0.9998357484374999 0
11 0.45 0.24921875 0.1033203125 0.0736328125
11 0.75625 0.35390625 0.0529296875 0.0486328125
11 0.61171875 0.62421875 0.1015625 0.0767578125
11 0.00859375 0.18828125 0.0171875 0.0423828125
19 0.8890625 0.12734375 0.221875 0.160546875
19 0.03984375 0.02578125 0.0794921875 0.0515625
19 0.11953125 0.06640625 0.1953125 0.0984375
19 0.3140625 0.02578125 0.2001953125 0.0515625
19 0.54921875 0.02265625 0.170703125 0.044921875
19 0.671875 0.03203125 0.137890625 0.0640625
19 0.52109375 0.06171875 0.153125 0.0609375
19 0.77578125 0.04609375 0.1890625 0.0921875
19 0.6671875 0.1171875 0.2439453125 0.1123046875
19 0.85703125 0.028125 0.2265625 0.055859375