15 1 0.2960031640625 0.726062965625 0.24175820625000002 0.724440115625 0.186581315625 0.33008763281250003 0.12004447656249999 0.3041220375 0.0973245796875 0.22784810156250002 0.128158725 0.1824083078125 0.1768442171875 0 0.14406772343750002 0 0.7671172171875 0.7635266109375001 0.9984375 0.858508834375 0.9984375 1 0.49744558124999994 1 0.2960031640625
15 1 0.0000450140625 0.7276858171875 0.059478665625 0.7179487171875001 0.11627840625000001 0.3333333328125 0.1860609453125 0.3414475828125 0.19255234375000002 0.2976306390625 0.203912290625 0.16131126093749998 0.12601550625 0 0.1529007140625 0 0.2984375 1 0.2984375 1 0.0000450140625
11 0.459375 0.2671875 0.102734375 0.072265625
11 0.76171875 0.3703125 0.0515625 0.047265625
11 0.61875 0.6375 0.1001953125 0.075390625
11 0.015625 0.20703125 0.03125 0.0421875
19 0.89140625 0.146875 0.2171875 0.1591796875
19 0.04609375 0.0359375 0.0921875 0.071875
19 0.1328125 0.08671875 0.1935546875 0.0982421875
19 0.325 0.0359375 0.199609375 0.071875
19 0.55703125 0.0328125 0.16875 0.065625
19 0.6796875 0.046875 0.1376953125 0.075390625
19 0.52890625 0.08203125 0.1513671875 0.0607421875
19 0.78046875 0.0671875 0.186328125 0.090625
19 0.6734375 0.13671875 0.24140625 0.110546875
19 0.8609375 0.03828125 0.222265625 0.0763671875