15 0.037832453125 0 0 0.021543809375 0 0.990567659375 0.0016570359375 0.9924828187499999 0.0116526859375 1 0.96426170625 1 0.966872221875 0.9983806968750001 1 0.9617661875 1 0.0822061859375 0.9452481374999999 0.026211400000000003 0.910532084375 0 0.037832453125 0
2 0.51796875 0.03671875 0.690625 0.0732421875
2 0.0421875 0.35859375 0.084375 0.446875
2 0.16171875 0.828125 0.198828125 0.14921875
2 0.2765625 0.43125 0.2470703125 0.20625
2 0.703125 0.46953125 0.1216796875 0.3611328125
2 0.5453125 0.6015625 0.2 0.165234375
2 0.5296875 0.2203125 0.197265625 0.115234375
2 0.85625 0.490625 0.1283203125 0.168359375
2 0.67421875 0.8984375 0.1234375 0.09375
2 0.93828125 0.22578125 0.0953125 0.0953125