15 1 0.160911528125 0.9316918828125 0.085413915625 0.7945916109375 0.000370575 0.200086765625 0 0.0795878515625 0.0906206359375 0 0.18260625156250002 0 0.8508037328125001 0.07698465625 0.9471283578125 0.1698309984375 1 0.837977765625 1 0.912601871875 0.9436571234375 1 0.8542749687500001 1 0.160911528125
2 0.53515625 0.10703125 0.61015625 0.08359375
2 0.103125 0.4015625 0.1015625 0.39375
2 0.22109375 0.81484375 0.17578125 0.13125
2 0.32265625 0.46484375 0.21875 0.18203125
2 0.6984375 0.4984375 0.10703125 0.31953125
2 0.559375 0.615625 0.1765625 0.14453125
2 0.54609375 0.27890625 0.175 0.10078125
2 0.834375 0.5171875 0.11328125 0.14765625
2 0.6734375 0.87734375 0.10859375 0.0828125
2 0.90625 0.28359375 0.084375 0.084375