15 0 0 0 0.9980080093750001 0.0034980796875 1 0.8859238546875 1 0.9146523296875 0.9783093546874999 1 0.8910242078125 1 0.08095858125 0.9361811546875 0.0104227421875 0.91937841875 0 0 0
2 0.4890625 0.040625 0.6875 0.08125
2 0.02890625 0.365625 0.0576171875 0.444140625
2 0.134375 0.8328125 0.199609375 0.1470703125
2 0.24921875 0.43828125 0.246875 0.2048828125
2 0.6734375 0.4765625 0.121484375 0.359765625
2 0.51640625 0.6078125 0.1986328125 0.1626953125
2 0.50078125 0.228125 0.196875 0.112890625
2 0.82578125 0.496875 0.128125 0.1658203125
2 0.64453125 0.903125 0.1232421875 0.0935546875
2 0.90703125 0.23359375 0.0951171875 0.0953125