15 1 0.220703125 0.8828125 0.162109375 0.83984375 0.1484375 0.69140625 0.11328125 0.607421875 0.109375 0.53125 0.091796875 0.474609375 0.107421875 0.419921875 0.1015625 0.359375 0.107421875 0.232421875 0.13671875 0.189453125 0.1328125 0.115234375 0.1796875 0.048828125 0.203125 0.02734375 0.21875 0 0.220703125 0 0.91015625 0.126953125 0.98046875 0.140625 1 0.833984375 1 0.919921875 0.96484375 1 0.91796875 1 0.220703125
0 0.153125 0.35 0.1453125 0.06484375
0 0.09140625 0.6796875 0.165625 0.0578125
0 0.16875 0.83046875 0.075 0.23671875
0 0.06796875 0.534375 0.10078125 0.17734375
0 0.2421875 0.609375 0.1171875 0.2921875
0 0.3265625 0.303125 0.1625 0.190625
0 0.39453125 0.58828125 0.125 0.059375
0 0.38984375 0.48046875 0.1125 0.075
0 0.68203125 0.40546875 0.12734375 0.09609375
0 0.6109375 0.1609375 0.075 0.0484375
0 0.74921875 0.19609375 0.0578125 0.03046875
0 0.7375 0.5328125 0.14140625 0.09921875
19 0.88515625 0.478125 0.08359375 0.07421875
19 0.459375 0.70078125 0.13125 0.08671875
19 0.0984375 0.74375 0.06796875 0.05234375