15 1 0.184837371875 0.9 0.134837371875 0.8551020406250001 0.12055165625 0.7 0.0838169640625 0.6122448984375 0.07973533125 0.5326530609375 0.0613679828125 0.47346938749999995 0.0776945140625 0.41632653125 0.0715720671875 0.353061225 0.0776945140625 0.2204081625 0.1083067609375 0.1755102046875 0.104225128125 0.097959184375 0.15320471875 0.028571428125 0.177694515625 0.0061224484375 0.1940210453125 0 0.19445836249999998 0 0.9289033078125 0.11020408125 0.9899394125000001 0.11724649375 1 0.8742736640625001 1 0.9387755109375 0.97361288125 1 0.9377741546875 1 0.184837371875
0 0.1375 0.33046875 0.150390625 0.0671875
0 0.0796875 0.67421875 0.159375 0.059375
0 0.15390625 0.8328125 0.078125 0.246875
0 0.05 0.5234375 0.1 0.184765625
0 0.23046875 0.60234375 0.121875 0.3048828125
0 0.31875 0.28203125 0.1689453125 0.1986328125
0 0.38984375 0.5796875 0.1298828125 0.0623046875
0 0.38515625 0.46796875 0.1173828125 0.078125
0 0.690625 0.3890625 0.131640625 0.1001953125
0 0.615625 0.13359375 0.0783203125 0.05
0 0.76015625 0.1703125 0.0607421875 0.0314453125
0 0.74765625 0.521875 0.1482421875 0.103125
19 0.90234375 0.46484375 0.0861328125 0.0767578125
19 0.4578125 0.69765625 0.1375 0.090625
19 0.08046875 0.7421875 0.0705078125 0.053515625