15 0.07770562812500001 0 0.0670995671875 0.015151515625 0 0.052314353125000004 0 0.8834988546875 0.0541125546875 0.9025974031249999 0.1363636359375 0.9545454546875 0.183982684375 0.9502164499999999 0.32467532499999996 0.9826839828124999 0.3917748921875 0.9891774890624999 0.45238095312500004 0.9826839828124999 0.5151515156250001 1 0.5995671 0.98051948125 0.6926406921875 0.9761904765624999 0.8571428578125 0.9372294374999999 0.9047619046875001 0.9220779218749999 1 0.874458875 1 0.0641431734375 0.9458874453125 0.0324675328125 0.866522365625 0 0.07770562812500001 0
0 0.09609375 0.2859375 0.1609375 0.071875
0 0.059375 0.65078125 0.11875 0.0625
0 0.11328125 0.81875 0.0828125 0.2623046875
0 0.028125 0.490625 0.05625 0.196875
0 0.19453125 0.57421875 0.1296875 0.323828125
0 0.28828125 0.234375 0.1796875 0.212109375
0 0.36328125 0.55 0.1388671875 0.065625
0 0.35859375 0.43125 0.125 0.081640625
0 0.6828125 0.34765625 0.140625 0.10625
0 0.603125 0.0765625 0.0841796875 0.053125
0 0.75703125 0.115625 0.0640625 0.034375
0 0.74375 0.4890625 0.15625 0.109375
19 0.90703125 0.42734375 0.0921875 0.0826171875
19 0.4359375 0.675 0.1466796875 0.0966796875
19 0.0359375 0.721875 0.0716796875 0.0591796875