15 1 0.3111936484375 0.9835164828125 0.30094774687500003 0.9258241765624999 0.21078381093749998 0.84516256875 0.0284067625 0.390109890625 0.0284067625 0.365384615625 0.04070184375 0.3241758234375 0.036603484375 0.2664835171875 0.08373463125 0.247252746875 0.1247182375 0.1978021984375 0.15955430312500002 0.1291208796875 0.19643955 0.046703296875 0.2066854515625 0.021978021875 0.2333247953125 0 0.2431608609375 0 0.9846753921875001 0.45054945 0.9751280734375 0.6016483515625 0.9997182375 0.79945055 0.9771772546875 0.8681318687499999 0.9566854515625 0.93131868125 0.923898565625 1 0.9090254812499999 1 0.3111936484375
19 0.221875 0.27890625 0.24375 0.1953125
19 0.7515625 0.24921875 0.3375 0.2078125
19 0.71953125 0.57421875 0.255078125 0.235546875
19 0.89375 0.58125 0.2125 0.275
19 0.43515625 0.78203125 0.3951171875 0.2892578125
19 0.3609375 0.50234375 0.384765625 0.263671875
19 0.0578125 0.46015625 0.115625 0.2267578125
0 0.303125 0.4875 0.180859375 0.131640625
0 0.5046875 0.70703125 0.3091796875 0.0796875
0 0.40078125 0.95703125 0.1484375 0.0859375
0 0.6015625 0.88125 0.147265625 0.15625
0 0.8984375 0.53359375 0.203125 0.1736328125
0 0.7328125 0.4015625 0.3064453125 0.090234375
0 0.46328125 0.28203125 0.2076171875 0.1455078125
0 0.06484375 0.27890625 0.1294921875 0.1232421875