15 0.0748856703125 0 0.0091463421875 0.034090909375 0 0.03607038125 0 0.8011904765625 0.015243903125 0.825 0.0926892140625 1 0.7051961828125 1 0.74695121875 0.9659090906250001 0.7682926828125 0.9204545453125 0.82317073125 0.8818181812500001 0.8993902437499999 0.8409090906250001 0.9908536578125 0.8295454546875 1 0.8196969703124999 1 0 0.0748856703125 0
19 0.1796875 0.228125 0.27109375 0.216015625
19 0.76640625 0.19453125 0.375 0.230078125
19 0.73125 0.55546875 0.283984375 0.260546875
19 0.90390625 0.56328125 0.1921875 0.3046875
19 0.415625 0.78515625 0.4376953125 0.321875
19 0.33359375 0.475 0.428125 0.2908203125
19 0.03046875 0.428125 0.0609375 0.2529296875
0 0.26953125 0.45859375 0.1986328125 0.146875
0 0.49296875 0.7015625 0.3421875 0.08984375
0 0.378125 0.965625 0.1654296875 0.0685546875
0 0.60078125 0.89609375 0.1642578125 0.1734375
0 0.90859375 0.51015625 0.1828125 0.1923828125
0 0.74609375 0.36328125 0.340625 0.0984375
0 0.446875 0.23125 0.230859375 0.1623046875
0 0.03828125 0.22734375 0.0765625 0.1361328125