15 1 0.072265625 0.539267015625 0.08203125 0.39528795781250003 0.05859375 0.2068062828125 0.080078125 0.14136125625 0.099609375 0.0811518328125 0.130859375 0 0.1484375 0 0.705078125 0.0314136125 0.724609375 0.086387434375 0.810546875 0.17015706875 1 0.5654450265625 1 0.6204188484375 0.97265625 0.6596858640625001 0.9765625 0.7146596859375001 0.931640625 0.73298429375 0.892578125 0.7801047125 0.859375 0.8455497375000001 0.82421875 0.9240837703125001 0.814453125 0.9476439796875 0.7890625 1 0.765625 1 0.072265625
19 0.22734375 0.29765625 0.2328125 0.1859375
19 0.73203125 0.26875 0.321875 0.1984375
19 0.70078125 0.57890625 0.24375 0.2234375
19 0.884375 0.5875 0.23125 0.2625
19 0.4296875 0.7765625 0.37578125 0.2765625
19 0.36015625 0.51015625 0.3671875 0.25078125
19 0.06328125 0.46953125 0.1265625 0.2171875
0 0.3046875 0.4953125 0.17109375 0.1265625
0 0.496875 0.7046875 0.29375 0.0765625
0 0.39921875 0.95078125 0.13984375 0.0953125
0 0.5890625 0.871875 0.14140625 0.14921875
0 0.88828125 0.540625 0.22265625 0.16484375
0 0.7140625 0.4140625 0.2921875 0.08515625
0 0.45703125 0.3 0.196875 0.1390625
0 0.07265625 0.29765625 0.13203125 0.11640625