15 1 0.24465737656250003 0.8617886171875 0.14593495781250002 0.81504065 0.13373983750000001 0.7662601625 0.10731707343750001 0.7134146343750001 0.0951219515625 0.43170733281249996 0.075 0.4251524203125 0.075 0.2804878046875 0.08292682968750001 0.16056910625 0.129674796875 0.04065040625 0.1560975609375 0 0.17886178749999998 0 0.8405878687499999 0.0162601625 0.8430894312499999 0.08943089374999999 0.9040650390625 0.1361788625 0.90813008125 0.197154471875 0.9365853656249999 0.27439024375 0.9325203265625 0.36991869843749997 0.9487804890625 0.4085365859375 0.9406504078125 0.471544715625 0.9487804890625 0.52439024375 0.944715446875 0.5589430890625 0.9711382125 0.5975609796875 0.975 0.5999322484375 0.975 0.6199186984375 0.96300813125 0.7093495937500001 0.9426829281250001 0.8943089437499999 0.8410569109375 0.94308943125 0.8288617875 1 0.7700542015625 1 0.24465737656250003
9 0.5421875 0.44140625 0.165234375 0.0826171875
9 0.22734375 0.3921875 0.1111328125 0.0716796875
9 0.18515625 0.6796875 0.0826171875 0.1060546875
9 0.32734375 0.24453125 0.0423828125 0.0888671875
9 0.1 0.43359375 0.0875 0.040625
9 0.49765625 0.23671875 0.08125 0.059375
9 0.30625 0.44375 0.09375 0.0875
9 0.790625 0.22421875 0.084375 0.0609375
9 0.90859375 0.39140625 0.11875 0.0828125
9 0.84296875 0.59296875 0.1669921875 0.175
9 0.58359375 0.6015625 0.0828125 0.15625
9 0.41171875 0.38984375 0.0921875 0.0638671875
9 0.1609375 0.375 0.05 0.0533203125
9 0.58828125 0.325 0.0794921875 0.055859375
9 0.38125 0.18359375 0.0689453125 0.0544921875
9 0.21171875 0.2875 0.103125 0.05