15 1 0.2364252328125 0.9699570812499999 0.2318032453125 0.8927038625 0.1674255640625 0.8433476390625 0.1631337171875 0.7789699578125 0.1330908 0.6974248921874999 0.1373826453125 0.5965665234374999 0.1202152625 0.5557939921874999 0.128798953125 0.48927038593749994 0.1202152625 0.4334763953125 0.1245071078125 0.39699570781250004 0.0966101125 0.354077253125 0.0923182671875 0.33261802500000004 0.105193803125 0.238197425 0.12665303125 0.0429184546875 0.23394916875 0 0.24467878281250002 0 0.9126738765625 0.07725321874999999 0.9678547484375001 0.1266094421875 0.980730284375 0.162184303125 1 0.7791750734375 1 0.8175965671875 0.9850221296875 0.9442060078125 0.9571251343749999 0.9978540765625 0.927082215625 1 0.9251013640625001 1 0.2364252328125
9 0.503125 0.47890625 0.17421875 0.086328125
9 0.17109375 0.4265625 0.1173828125 0.0751953125
9 0.1265625 0.73046875 0.0873046875 0.1111328125
9 0.27734375 0.27109375 0.0453125 0.0923828125
9 0.040625 0.4703125 0.08125 0.0435546875
9 0.45625 0.26328125 0.087109375 0.0638671875
9 0.25390625 0.48125 0.0986328125 0.093359375
9 0.76640625 0.25 0.0890625 0.065234375
9 0.890625 0.42578125 0.125 0.0875
9 0.82109375 0.6390625 0.175 0.1845703125
9 0.54765625 0.64765625 0.0875 0.1642578125
9 0.36640625 0.42421875 0.096875 0.0671875
9 0.10078125 0.40859375 0.051953125 0.05625
9 0.55234375 0.35625 0.0828125 0.056640625
9 0.334375 0.20703125 0.074609375 0.0576171875
9 0.1546875 0.31640625 0.109375 0.053125