15 1 0.2265625 0.94921875 0.21875 0.87890625 0.16015625 0.833984375 0.15625 0.775390625 0.12890625 0.701171875 0.1328125 0.609375 0.1171875 0.572265625 0.125 0.51171875 0.1171875 0.4609375 0.12109375 0.427734375 0.095703125 0.388671875 0.091796875 0.369140625 0.103515625 0.283203125 0.123046875 0.10546875 0.220703125 0.05859375 0.232421875 0 0.29296875 0 0.791015625 0.13671875 0.888671875 0.181640625 0.900390625 0.228515625 0.92578125 0.279296875 0.9375 0.552734375 0.95703125 0.6953125 0.94921875 0.810546875 0.904296875 0.92578125 0.87890625 0.974609375 0.8515625 1 0.828125 1 0.546875 0.98828125 0.515625 1 0.5 1 0.2265625
9 0.525 0.44296875 0.1578125 0.07890625
9 0.221875 0.39609375 0.10703125 0.06875
9 0.18125 0.67265625 0.07890625 0.1015625
9 0.31875 0.2546875 0.04140625 0.08515625
9 0.1 0.4359375 0.084375 0.0390625
9 0.48203125 0.246875 0.078125 0.0578125
9 0.29765625 0.44609375 0.08984375 0.08359375
9 0.7640625 0.23515625 0.08046875 0.05859375
9 0.8765625 0.3953125 0.1140625 0.0796875
9 0.8140625 0.5890625 0.159375 0.16875
9 0.56484375 0.59765625 0.0796875 0.15
9 0.4 0.39375 0.08828125 0.0609375
9 0.15859375 0.3796875 0.04765625 0.0515625
9 0.56953125 0.33203125 0.07578125 0.05234375
9 0.3703125 0.19609375 0.0671875 0.05234375
9 0.20703125 0.2953125 0.09921875 0.0484375