15 1 0.3125 0.935546875 0.23697916718749998 0.8203125 0.1614583328125 0.654296875 0.109375 0.509765625 0.1432291671875 0.439453125 0.140625 0.341796875 0.1536458328125 0.28125 0.1770833328125 0.138671875 0.2682291671875 0.0859375 0.3307291671875 0.0234375 0.453125 0 0.5286458328125 0.00390625 0.6614583328125 0.064453125 0.7317708328125 0.0703125 0.75 0.21484375 0.875 0.271484375 0.8958333328125001 0.33984375 0.9036458328125001 0.44140625 0.9088541671874999 0.453125 0.8880208328125001 0.486328125 0.8645833328125001 0.515625 0.8776041671874999 0.62890625 0.8776041671874999 0.73046875 0.8567708328125001 0.849609375 0.8020833328125001 0.951171875 0.7239583328125 0.974609375 0.6979166671875 1 0.6432291671875 1 0.3125
19 0.6359375 0.5875 0.22578125 0.128125
19 0.81328125 0.27421875 0.12734375 0.1234375
19 0.6359375 0.359375 0.1109375 0.109375
0 0.6109375 0.540625 0.07421875 0.04375
0 0.6265625 0.18203125 0.04375 0.07109375
0 0.6953125 0.25546875 0.1140625 0.0671875
0 0.77265625 0.359375 0.1078125 0.05078125
9 0.190625 0.37421875 0.12890625 0.0375
9 0.1765625 0.5484375 0.09453125 0.0546875
9 0.14765625 0.65 0.103125 0.06796875
9 0.228125 0.5984375 0.09140625 0.0625
9 0.28359375 0.5 0.0640625 0.06640625
9 0.3953125 0.571875 0.11484375 0.0921875
9 0.34921875 0.7921875 0.0515625 0.06640625
9 0.4171875 0.703125 0.121875 0.090625
9 0.24453125 0.296875 0.07265625 0.05625