15 1 0.3316633640625 0.99186991875 0.3141997484375 0.9674796750000001 0.28717272031249996 0.8617886171875 0.2060916390625 0.7378048781250001 0.14933488125 0.632113821875 0.1277132609375 0.5142276421875 0.1277132609375 0.48373983750000005 0.141226775 0.44918699218749997 0.1169024484375 0.43699187031250003 0.0952808265625 0.3313008125 0.1006862328125 0.2601626015625 0.10879434218749999 0.20121951249999998 0.1304159625 0.0508130078125 0.2601456921875 0.044715446874999995 0.2790646125 0 0.33085188125 0 0.5617222671875 0.0020325203125 0.5682538 0.0670731703125 0.695280828125 0.12195121874999999 0.7601456921875 0.27032520312499997 0.8547402875 0.3333333328125 0.8790646125 0.43495935 0.8925781265625 0.50813008125 0.8898754234374999 0.6451138890625 0.921875 0.6685582625000001 0.921875 0.8313008125 0.8709565046875 0.9512195125 0.7925781265625 1 0.7355756687499999 1 0.3316633640625
19 0.6390625 0.590625 0.234375 0.1341796875
19 0.82421875 0.265625 0.1326171875 0.128125
19 0.6390625 0.3546875 0.1154296875 0.115234375
0 0.6140625 0.54140625 0.0779296875 0.0453125
0 0.6296875 0.16953125 0.046484375 0.0734375
0 0.70078125 0.24609375 0.11875 0.069921875
0 0.78125 0.35390625 0.1123046875 0.0517578125
9 0.17578125 0.36953125 0.1330078125 0.0388671875
9 0.1609375 0.55 0.097265625 0.0564453125
9 0.13203125 0.65625 0.107421875 0.06953125
9 0.215625 0.60234375 0.094140625 0.0642578125
9 0.27265625 0.5 0.0671875 0.06875
9 0.3890625 0.57421875 0.1189453125 0.0953125
9 0.340625 0.803125 0.053125 0.06875
9 0.41171875 0.7109375 0.1265625 0.09375
9 0.23203125 0.2890625 0.0763671875 0.0591796875