15 1 0.4727670671875 0.992 0.4470578484375 0.9279999999999999 0.322057846875 0.874 0.25822805937500004 0.728 0.165142953125 0.666 0.14120678281250001 0.5660000000000001 0.1279089109375 0.49400000000000005 0.130568484375 0.346 0.0959940171875 0.176 0.14918550625 0.057999999999999996 0.2263131671875 0 0.2940920171875 0 0.658391725 0.018 0.6970578484375001 0.041999999999999996 0.7236535921875 0.146 0.803440825 0.268 0.8592918890625001 0.372 0.8805684843750001 0.488 0.8805684843750001 0.518 0.8672706124999999 0.5519999999999999 0.8912067828125 0.564 0.912483378125 0.6679999999999999 0.90716423125 0.738 0.89918550625 0.796 0.8779089109375 0.944 0.7502493375 0.95 0.731632315625 1 0.6737222265625 1 0.4727670671875
19 0.63515625 0.584375 0.23125 0.13125
19 0.8171875 0.2640625 0.1310546875 0.1251953125
19 0.63515625 0.3515625 0.1138671875 0.1123046875
0 0.61015625 0.5359375 0.0765625 0.046484375
0 0.62578125 0.16953125 0.0451171875 0.0732421875
0 0.69609375 0.2453125 0.1169921875 0.0685546875
0 0.775 0.35078125 0.1095703125 0.0515625
9 0.17890625 0.36640625 0.1326171875 0.0388671875
9 0.1640625 0.54375 0.096875 0.055859375
9 0.1359375 0.6484375 0.1060546875 0.0689453125
9 0.21796875 0.5953125 0.09375 0.065234375
9 0.27421875 0.49453125 0.065625 0.067578125
9 0.38828125 0.56796875 0.1173828125 0.09375
9 0.34140625 0.79296875 0.0517578125 0.0673828125
9 0.41171875 0.70234375 0.125 0.0923828125
9 0.234375 0.2875 0.075 0.05703125