15 0.0218487390625 0 0 0.0084033609375 0 0.9871084796874999 0.021008403125 1 0.9025210078124999 1 0.9264705875000001 0.9894957984375001 1 0.9437883250000001 1 0.0949197859375 0.9348739500000001 0.0357142859375 0.8677743828125 0 0.0218487390625 0
17 0.3375 0.7671875 0.262109375 0.1970703125
17 0.0375 0.2453125 0.075 0.084375
17 0.33203125 0.509375 0.1546875 0.2310546875
17 0.19296875 0.3015625 0.18125 0.15625
17 0.55625 0.68515625 0.1875 0.1076171875
17 0.57578125 0.5359375 0.1232421875 0.0876953125
17 0.040625 0.1203125 0.08125 0.140625
17 0.240625 0.1921875 0.137109375 0.13984375
17 0.46015625 0.07578125 0.2892578125 0.1515625
17 0.79375 0.3515625 0.30546875 0.065234375
17 0.77109375 0.50625 0.2048828125 0.1314453125