15 0.163492634375 0 0.06324110625 0.05335968437500001 0 0.1108515984375 0 0.9063668421875001 0.0711462453125 0.9505928859375 0.183794465625 1 0.8320158109375001 1 0.9229249015625 0.9604743078125001 1 0.913178225 1 0.0647523828125 0.942687746875 0.027667984375 0.8707509874999999 0 0.163492634375 0
17 0.375 0.7609375 0.244140625 0.184765625
17 0.06796875 0.271875 0.1234375 0.0810546875
17 0.36953125 0.51875 0.1453125 0.218359375
17 0.2390625 0.3234375 0.171484375 0.146875
17 0.58046875 0.684375 0.1765625 0.1001953125
17 0.59921875 0.54375 0.115625 0.0841796875
17 0.06875 0.1546875 0.1341796875 0.1314453125
17 0.28359375 0.2203125 0.1294921875 0.1310546875
17 0.49140625 0.09453125 0.2734375 0.176171875
17 0.80390625 0.3703125 0.2861328125 0.059765625
17 0.7828125 0.51640625 0.193359375 0.123828125