15 0.17578125 0 0.0859375 0.0390625 0 0.091796875 0 0.91796875 0.06640625 0.9609375 0.16796875 1 0.46484375 1 0.5 0.994140625 0.513671875 1 0.814453125 1 0.935546875 0.935546875 1 0.876953125 1 0.09375 0.927734375 0.048828125 0.81640625 0 0.17578125 0
17 0.38046875 0.7515625 0.24296875 0.18359375
17 0.0765625 0.26875 0.121875 0.0796875
17 0.375 0.5125 0.14375 0.21484375
17 0.24609375 0.31953125 0.16875 0.1453125
17 0.58359375 0.6765625 0.17421875 0.1
17 0.6015625 0.5375 0.1140625 0.08203125
17 0.078125 0.15234375 0.13203125 0.13046875
17 0.28984375 0.21796875 0.12734375 0.12890625
17 0.4953125 0.09375 0.2703125 0.17421875
17 0.8046875 0.365625 0.28359375 0.06015625
17 0.7828125 0.51015625 0.19140625 0.1234375