15 1 0.12601046875 0.9865470859375 0.1279323140625 0.9304932734375001 0.1077529421875 0.8654708515625 0.1032686375 0.7062780265625 0.11447940000000001 0.6434977578125001 0.0875735703125 0.5896860984375001 0.1032686375 0.5336322874999999 0.1077529421875 0.47757847499999995 0.0763628078125 0.42600896875 0.06963635 0.36995515625 0.0830892640625 0.320627803125 0.0741206546875 0.30044843125 0.0875735703125 0.1883408078125 0.10102648437499999 0.1457399109375 0.123448009375 0.0717488796875 0.141385228125 0.033632287500000003 0.1682910578125 0 0.1728772796875 0 0.6570802953125 0.0067264578125 0.663806753125 0.053811659375 0.683986125 0.0784753359375 0.7221027171875 0.20403587500000003 0.7781565296874999 0.2847533625 0.7871251390625 0.3766816140625 0.811788815625 0.6704035875 0.81403096875 0.827354259375 0.8386946453125 1 0.8386946453125 1 0.12601046875
3 0.8390625 0.421875 0.20625 0.150390625
3 0.10078125 0.32734375 0.159375 0.0923828125
3 0.2171875 0.18046875 0.071875 0.0482421875
16 0.565625 0.57578125 0.1279296875 0.109375
16 0.0203125 0.30078125 0.040625 0.0625
16 0.54453125 0.2984375 0.0609375 0.0873046875
16 0.2609375 0.121875 0.028515625 0.0375
17 0.16484375 0.26953125 0.0734375 0.0607421875
17 0.23203125 0.51796875 0.1125 0.0423828125
17 0.025 0.38203125 0.0498046875 0.0736328125
17 0.890625 0.5890625 0.122265625 0.08359375
17 0.07109375 0.2203125 0.06875 0.05625
17 0.3421875 0.21953125 0.1189453125 0.0705078125
17 0.8421875 0.23359375 0.0970703125 0.0609375
17 0.96875 0.22421875 0.0625 0.054296875
17 0.9609375 0.30234375 0.0689453125 0.0482421875
17 0.32734375 0.1515625 0.0546875 0.034765625