15 1 0.2265625 0.97265625 0.23046875 0.923828125 0.212890625 0.8671875 0.208984375 0.728515625 0.21875 0.673828125 0.1953125 0.626953125 0.208984375 0.578125 0.212890625 0.529296875 0.185546875 0.484375 0.1796875 0.435546875 0.19140625 0.392578125 0.18359375 0.375 0.1953125 0.27734375 0.20703125 0.240234375 0.2265625 0.17578125 0.2421875 0.142578125 0.265625 0.099609375 0.271484375 0.052734375 0.29296875 0.025390625 0.345703125 0 0.376953125 0 0.662109375 0.09765625 0.67578125 0.119140625 0.697265625 0.16015625 0.71484375 0.181640625 0.748046875 0.291015625 0.796875 0.361328125 0.8046875 0.44140625 0.826171875 0.697265625 0.828125 0.833984375 0.849609375 1 0.849609375 1 0.2265625
3 0.84453125 0.48671875 0.1796875 0.13125
3 0.2015625 0.4046875 0.1390625 0.08046875
3 0.30234375 0.27578125 0.0625 0.04140625
16 0.60546875 0.62109375 0.1109375 0.0953125
16 0.11484375 0.38125 0.06796875 0.05390625
16 0.5875 0.37890625 0.053125 0.07578125
16 0.340625 0.22578125 0.02578125 0.03203125
17 0.25703125 0.35390625 0.0640625 0.05234375
17 0.315625 0.5703125 0.0984375 0.0375
17 0.10859375 0.453125 0.09609375 0.06484375
17 0.8890625 0.63203125 0.10703125 0.071875
17 0.175 0.3109375 0.059375 0.04921875
17 0.4109375 0.31015625 0.10390625 0.06171875
17 0.846875 0.32265625 0.08515625 0.053125
17 0.965625 0.315625 0.06875 0.04765625
17 0.95 0.3828125 0.06015625 0.04140625
17 0.3984375 0.2515625 0.04765625 0.03125