15 1 0.3773508484375 0.976377953125 0.348277559375 0.948818896875 0.295127953125 0.901574803125 0.273474409375 0.8582677171875 0.2675688984375 0.8248031499999999 0.24394685 0.7598425203125 0.22819881875 0.7224409453125 0.20851377968749998 0.6240157484375 0.19670275625 0.6062992125 0.1848917328125 0.5629921265625 0.1927657484375 0.5137795281249999 0.180954725 0.46850393749999997 0.1868602359375 0.4192913390625 0.21441929218750003 0.370078740625 0.210482284375 0.3228346453125 0.19670275625 0.2677165359375 0.22032480312499997 0.12795275625 0.210482284375 0.07086614218750001 0.21441929218750003 0.02165354375 0.23213582656249998 0 0.2290424625 0 0.853125 0.1806773453125 0.853125 0.2992125984375 0.8344980312500001 0.5570866140625 0.832529528125 0.637795275 0.8108759843750001 0.7086614171875001 0.80300196875 0.8188976374999999 0.7537893703125 0.8405511812500001 0.720324803125 0.8818897640625 0.7026082687499999 0.9035433078124999 0.680954725 1 0.6674507875 1 0.3773508484375
3 0.84921875 0.490625 0.1798828125 0.131640625
3 0.20078125 0.4078125 0.1392578125 0.08125
3 0.30234375 0.278125 0.0638671875 0.043359375
16 0.60859375 0.62578125 0.1111328125 0.0955078125
16 0.1140625 0.384375 0.0685546875 0.0533203125
16 0.58984375 0.38203125 0.053125 0.0765625
16 0.34140625 0.22734375 0.0265625 0.0328125
17 0.25703125 0.35703125 0.064453125 0.051953125
17 0.315625 0.575 0.099609375 0.037890625
17 0.1078125 0.45703125 0.096875 0.0642578125
17 0.89453125 0.6375 0.1078125 0.0720703125
17 0.17421875 0.31328125 0.0607421875 0.0486328125
17 0.4125 0.31328125 0.10546875 0.0625
17 0.8515625 0.325 0.084765625 0.053125
17 0.9671875 0.3171875 0.0654296875 0.046875
17 0.95546875 0.3859375 0.0609375 0.041015625
17 0.4 0.253125 0.047265625 0.03125