15 1 0.21187889843750002 0.9437751000000001 0.1494903078125 0.8975903609375001 0.11473095 0.88554216875 0.09334057500000001 0.863453815625 0.085319184375 0.7911646593749999 0.0826453875 0.7469879515625 0.0639288109375 0.4598393578125 0.045212232812499996 0.2309236953125 0.12007854375 0.11847389531250001 0.194944853125 0.064257028125 0.2457469921875 0.036144578125 0.28852774062500003 0.006024096875 0.34735126875 0 0.376763034375 0 0.45162934374999997 0.0100401609375 0.51580046875 0 0.646816509375 0.052208835937499996 0.783180146875 0.1445783125 0.882110628125 0.206827309375 0.919543784375 0.25301204843749997 0.9329127671874999 0.32931726875 0.93023896875 0.42570281093749995 0.9543031421875 0.48192771093750003 0.9489555484375 0.5060240968749999 0.93023896875 0.5240963859375001 0.93023896875 0.53012048125 0.96232453125 0.568197796875 0.975 0.5760102765624999 0.975 0.6807228921874999 0.96232453125 0.765060240625 0.9382603609375 0.8594377515625 0.8847844234375 0.949799196875 0.788527740625 0.9899598390625 0.79654913125 1 0.7803656234374999 1 0.21187889843750002
11 0.225 0.6734375 0.074609375 0.0966796875
11 0.7046875 0.73203125 0.1060546875 0.1107421875
11 0.196875 0.24140625 0.0716796875 0.0580078125
11 0.8484375 0.29921875 0.058984375 0.0794921875
1 0.390625 0.46484375 0.14375 0.1548828125
1 0.25859375 0.36796875 0.1267578125 0.071875
1 0.915625 0.53125 0.08203125 0.06953125
1 0.76015625 0.30234375 0.0859375 0.0984375
1 0.61640625 0.39609375 0.08125 0.06875
2 0.51640625 0.68984375 0.1951171875 0.1326171875