15 1 0.23697916718749998 0.91796875 0.1458333328125 0.873046875 0.1119791671875 0.861328125 0.09114583281250001 0.83984375 0.08333333281250001 0.76953125 0.08072916718749999 0.7265625 0.0625 0.447265625 0.0442708328125 0.224609375 0.1171875 0.115234375 0.1901041671875 0.0625 0.23958333281250002 0.03515625 0.28125 0.005859375 0.3385416671875 0 0.3671875 0 0.4401041671875 0.009765625 0.5026041671875 0 0.6302083328125 0.05078125 0.7630208328125 0.140625 0.859375 0.201171875 0.8958333328125001 0.24609375 0.9088541671874999 0.3203125 0.90625 0.4140625 0.9296875 0.46875 0.9244791671874999 0.4921875 0.90625 0.509765625 0.90625 0.515625 0.9375 0.5546875 0.9505208328125001 0.662109375 0.9375 0.744140625 0.9140625 0.8359375 0.8619791671874999 0.923828125 0.7682291671875 0.962890625 0.7760416671875 1 0.7161458328125 1 0.23697916718749998
11 0.21875 0.65625 0.07109375 0.09375
11 0.68515625 0.71328125 0.10234375 0.1078125
11 0.19140625 0.23515625 0.06953125 0.05703125
11 0.825 0.29140625 0.05625 0.0765625
1 0.38046875 0.45234375 0.13984375 0.1515625
1 0.2515625 0.35859375 0.12421875 0.0703125
1 0.890625 0.5171875 0.08125 0.06796875
1 0.73984375 0.29453125 0.08359375 0.09609375
1 0.6 0.38515625 0.07890625 0.06640625
2 0.50234375 0.671875 0.1890625 0.12890625