15 0.5882812484375 0 0.5446428578125 0.01454613125 0.5379464281249999 0.050260415625 0.5178571421875 0.050260415625 0.491071428125 0.029427084375000002 0.428571428125 0.023474703125 0.32142857187499996 0.050260415625 0.2366071421875 0.0472842265625 0.1852678578125 0.062165178125 0.116071428125 0.1038318453125 0.0133928578125 0.21395089375 0 0.24897836718750002 0 0.7713488515625 0.0267857140625 0.8121651796875 0.087053571875 0.8687127984374999 0.21205357187499999 0.95204613125 0.22011918437500003 0.9546875 0.9575184578125 0.9546875 1 0.922672425 1 0.19609375 0.9107142859374999 0.10085565468749999 0.8058035718750001 0.0413318453125 0.7120535718750001 0.01454613125 0.59204799375 0 0.5882812484375 0
11 0.20546875 0.61875 0.08125 0.1064453125
11 0.7390625 0.684375 0.11640625 0.122265625
11 0.17421875 0.1375 0.0794921875 0.0654296875
11 0.8984375 0.2015625 0.065234375 0.0875
1 0.38984375 0.3859375 0.159375 0.172265625
1 0.24296875 0.27890625 0.1419921875 0.0798828125
1 0.96328125 0.45859375 0.0734375 0.0767578125
1 0.80078125 0.20625 0.0953125 0.109375
1 0.640625 0.309375 0.090625 0.07578125
2 0.5296875 0.63671875 0.2158203125 0.146875