15 0.10681818125 0 0.0022727265625 0.04318181875 0 0.04464285625 0 0.9550699296875 0.025 0.9704545453125 0.100974025 1 0.9850478484374999 1 1 0.9927156187499999 1 0.0129545453125 0.9613636359375001 0.009090909375000001 0.9522727265625001 0 0.10681818125 0
13 0.1671875 0.1296875 0.1625 0.1283203125
13 0.0796875 0.18046875 0.1375 0.0857421875
13 0.046875 0.2546875 0.093359375 0.087109375
13 0.3234375 0.07578125 0.115625 0.1171875
13 0.48984375 0.0375 0.1482421875 0.075
13 0.54296875 0.12265625 0.1455078125 0.0955078125
13 0.8234375 0.084375 0.134765625 0.1095703125
13 0.9328125 0.27578125 0.134375 0.1296875
13 0.778125 0.2484375 0.1625 0.1060546875
13 0.659375 0.18984375 0.1560546875 0.0888671875
13 0.1484375 0.25078125 0.122265625 0.0609375
13 0.025 0.39765625 0.05 0.1453125
13 0.0203125 0.52734375 0.040625 0.117578125
13 0.18671875 0.7328125 0.19375 0.078125
13 0.40234375 0.82578125 0.0892578125 0.1798828125
13 0.07421875 0.63203125 0.145703125 0.1078125
13 0.17578125 0.41875 0.1609375 0.1248046875
13 0.24609375 0.52578125 0.1607421875 0.146875
13 0.5859375 0.7765625 0.191015625 0.165625
13 0.4484375 0.2828125 0.1470703125 0.122265625
13 0.29765625 0.2828125 0.1484375 0.121484375
13 0.39296875 0.18515625 0.0861328125 0.0794921875
13 0.70390625 0.34765625 0.1484375 0.0890625
13 0.871875 0.41875 0.162890625 0.096875
13 0.9859375 0.42109375 0.028125 0.1296875
13 0.940625 0.54765625 0.1185546875 0.1232421875
13 0.92265625 0.7125 0.1546875 0.1470703125
13 0.79609375 0.75546875 0.165625 0.1392578125
13 0.78125 0.5875 0.1376953125 0.1216796875
13 0.578125 0.7671875 0.2 0.1560546875
13 0.41875 0.64921875 0.130859375 0.123046875
13 0.3390625 0.58125 0.115625 0.096875
13 0.50703125 0.53046875 0.2640625 0.1421875
13 0.6703125 0.46953125 0.158984375 0.1484375
13 0.33984375 0.3859375 0.1359375 0.09375
13 0.6546875 0.64609375 0.1654296875 0.0921875