15 1 0.18477526093750002 0.9598393578125 0.15895770468749998 0.8674698796874999 0.12080509531250001 0.7248995984375 0.0786364203125 0.5742971890625 0.052532003125000004 0.45582329374999997 0.052532003125000004 0.24297188749999998 0.0806444515625 0.2028112453125 0.0786364203125 0.1465863453125 0.0947006765625 0.1124497984375 0.12883722343749998 0.052208835937499996 0.1348613203125 0.030120481249999997 0.181046059375 0 0.21690377500000002 0 0.9440290250000001 0.0461847390625 0.9822508781250001 0.082617146875 1 0.883791415625 1 0.9397590359375 0.9782348140625 0.965863453125 0.96217055625 1 0.9266685484374999 1 0.18477526093750002
13 0.22578125 0.23515625 0.14375 0.1140625
13 0.14921875 0.28046875 0.121875 0.075
13 0.0984375 0.34609375 0.125 0.0763671875
13 0.3640625 0.1875 0.1029296875 0.103125
13 0.51171875 0.14609375 0.1296875 0.0830078125
13 0.55859375 0.22890625 0.1294921875 0.0857421875
13 0.80625 0.19453125 0.1189453125 0.096875
13 0.9171875 0.365625 0.1466796875 0.1126953125
13 0.765625 0.33984375 0.14375 0.09375
13 0.6609375 0.28828125 0.1375 0.078125
13 0.21015625 0.3421875 0.1078125 0.0533203125
13 0.0609375 0.471875 0.121875 0.128125
13 0.05703125 0.58671875 0.1140625 0.1046875
13 0.24296875 0.76796875 0.1705078125 0.0701171875
13 0.43359375 0.85 0.0796875 0.159375
13 0.14375 0.67890625 0.1283203125 0.0953125
13 0.23359375 0.490625 0.1421875 0.109765625
13 0.29609375 0.584375 0.1419921875 0.130859375
13 0.59609375 0.80625 0.169921875 0.146484375
13 0.475 0.3703125 0.130859375 0.109375
13 0.34140625 0.3703125 0.13125 0.10625
13 0.42578125 0.284375 0.0765625 0.0689453125
13 0.7 0.42734375 0.13125 0.079296875
13 0.84921875 0.48984375 0.1451171875 0.0859375
13 0.96875 0.49296875 0.0625 0.1142578125
13 0.92265625 0.6046875 0.1265625 0.1091796875
13 0.91171875 0.75078125 0.1732421875 0.1298828125
13 0.78203125 0.78828125 0.1455078125 0.1234375
13 0.76796875 0.6390625 0.121875 0.106640625
13 0.5890625 0.7984375 0.177734375 0.1375
13 0.4484375 0.69453125 0.1154296875 0.1078125
13 0.378125 0.63359375 0.1029296875 0.0857421875
13 0.52578125 0.58984375 0.233203125 0.125
13 0.6703125 0.53515625 0.1404296875 0.13125
13 0.378125 0.46171875 0.119140625 0.0828125
13 0.65625 0.69140625 0.144140625 0.0826171875