15 1 0.197265625 0.9453125 0.162109375 0.85546875 0.125 0.716796875 0.083984375 0.5703125 0.05859375 0.455078125 0.05859375 0.248046875 0.0859375 0.208984375 0.083984375 0.154296875 0.099609375 0.12109375 0.1328125 0.0625 0.138671875 0.041015625 0.18359375 0 0.232421875 0 0.916015625 0.056640625 0.962890625 0.1328125 1 0.435546875 1 0.44921875 0.994140625 0.474609375 1 0.51171875 0.9921875 0.52734375 1 0.8203125 1 0.92578125 0.958984375 0.951171875 0.943359375 1 0.892578125 1 0.197265625
13 0.23125 0.23671875 0.13984375 0.1109375
13 0.15625 0.28046875 0.11796875 0.0734375
13 0.10703125 0.34453125 0.121875 0.0734375
13 0.365625 0.190625 0.09921875 0.10078125
13 0.509375 0.15 0.1265625 0.08203125
13 0.5546875 0.23046875 0.125 0.0828125
13 0.7953125 0.19765625 0.11640625 0.09453125
13 0.90390625 0.36328125 0.1421875 0.11015625
13 0.75625 0.33828125 0.13984375 0.090625
13 0.6546875 0.28828125 0.13359375 0.07578125
13 0.215625 0.340625 0.10546875 0.05234375
13 0.065625 0.4671875 0.13125 0.125
13 0.0625 0.57890625 0.125 0.10078125
13 0.2484375 0.7546875 0.16640625 0.0671875
13 0.43359375 0.834375 0.07734375 0.1546875
13 0.1515625 0.66875 0.125 0.0921875
13 0.2390625 0.484375 0.13828125 0.10703125
13 0.29921875 0.5765625 0.1375 0.12578125
13 0.59140625 0.7921875 0.16484375 0.1421875
13 0.4734375 0.36796875 0.1265625 0.10625
13 0.34375 0.36796875 0.128125 0.103125
13 0.42578125 0.284375 0.07421875 0.06796875
13 0.69296875 0.4234375 0.128125 0.0765625
13 0.8375 0.484375 0.140625 0.08359375
13 0.96015625 0.48828125 0.07109375 0.11015625
13 0.909375 0.59609375 0.1234375 0.10546875
13 0.8984375 0.73828125 0.16796875 0.1265625
13 0.77265625 0.77421875 0.1421875 0.1203125
13 0.759375 0.6296875 0.11875 0.10390625
13 0.58515625 0.784375 0.171875 0.13359375
13 0.44765625 0.6828125 0.11171875 0.10546875
13 0.37890625 0.62421875 0.09921875 0.0828125
13 0.5234375 0.58125 0.2265625 0.121875
13 0.6640625 0.528125 0.1359375 0.128125
13 0.3796875 0.45703125 0.1171875 0.08046875
13 0.65 0.6796875 0.14140625 0.0796875