15 0 0 0 0.9312541171875001 0.0506329109375 0.968152865625 0.1388569234375 1 0.4613220828125 1 0.49367088593749997 0.9936305734375 0.5274261609375 1 0.82763713125 1 0.9198312234375001 0.9394904453124999 1 0.8357597796875 1 0.160031846875 0.9409282703124999 0.0764331203125 0.8691983125 0.0159235671875 0.8586497890624999 0 0 0
0 0.084375 0.47109375 0.16875 0.146875
0 0.08671875 0.02890625 0.0638671875 0.0576171875
0 0.7 0.25546875 0.199609375 0.1046875
2 0.41015625 0.04453125 0.15 0.0890625
0 0.46328125 0.159375 0.0875 0.087109375
2 0.13984375 0.10625 0.121875 0.115625
2 0.27421875 0.171875 0.1125 0.1189453125
2 0.278125 0.453125 0.10625 0.1533203125
2 0.10859375 0.61328125 0.1486328125 0.1236328125
2 0.34453125 0.30859375 0.1263671875 0.1482421875
2 0.52890625 0.3484375 0.1734375 0.172265625
2 0.55859375 0.53828125 0.1861328125 0.146875
2 0.425 0.678125 0.1908203125 0.140625
2 0.778125 0.3796875 0.187890625 0.1810546875
2 0.70234375 0.16875 0.1375 0.121875
2 0.3984375 0.19375 0.059765625 0.10546875
2 0.25859375 0.01875 0.0640625 0.0375