15 0.033203125 0 0 0.08529411718749999 0 0.8852941171875001 0.11328125 0.9676470593750001 0.203125 1 0.478515625 1 0.5234375 0.9911764703125 0.5703125 1 0.828125 1 0.91796875 0.9411764703125 1 0.8352941171875001 1 0.232352940625 0.9375 0.144117646875 0.87109375 0.08823529375 0.837890625 0.038235293749999996 0.771484375 0 0.033203125 0
0 0.12109375 0.509375 0.20546875 0.13671875
0 0.146875 0.08046875 0.059375 0.096875
0 0.7140625 0.309375 0.18359375 0.096875
2 0.446875 0.08984375 0.1375 0.1359375
0 0.4953125 0.2203125 0.08125 0.07890625
2 0.19609375 0.17109375 0.11328125 0.10703125
2 0.3203125 0.23203125 0.10390625 0.11015625
2 0.32421875 0.49140625 0.0984375 0.1421875
2 0.1671875 0.63984375 0.13828125 0.11484375
2 0.38515625 0.35859375 0.11640625 0.1359375
2 0.55625 0.3953125 0.1609375 0.16015625
2 0.58359375 0.5703125 0.1734375 0.1359375
2 0.46015625 0.7 0.17734375 0.1296875
2 0.78671875 0.42421875 0.175 0.16640625
2 0.7171875 0.22890625 0.12734375 0.1125
2 0.4359375 0.25234375 0.05625 0.09609375
2 0.30703125 0.08125 0.05859375 0.05625