15 0.1661733609375 0 0.08837209375 0.027972028125 0 0.09211478281249999 0 1 1 1 1 0.029036181249999998 0.9555813953125 0 0.5767441859375 0 0.1661733609375 0
0 0.109375 0.4265625 0.21875 0.16015625
0 0.80390625 0.1890625 0.21875 0.1154296875
0 0.54375 0.084375 0.096875 0.09375
2 0.1859375 0.04375 0.134765625 0.0875
2 0.334375 0.09765625 0.124609375 0.13125
2 0.33984375 0.40625 0.1171875 0.16875
2 0.15234375 0.58203125 0.1640625 0.1361328125
2 0.41171875 0.24765625 0.1390625 0.1611328125
2 0.615625 0.2921875 0.1908203125 0.1904296875
2 0.6484375 0.5 0.20625 0.1623046875
2 0.50078125 0.653125 0.2109375 0.1533203125
2 0.890625 0.32578125 0.2091796875 0.1982421875
2 0.80703125 0.09375 0.1515625 0.134375
2 0.471875 0.121875 0.066015625 0.115234375