15 0.6225401609375 0.600529571875 0.6004518062499999 0.6038852765625 0.53017068125 0.5569054109375 0.4719377515625 0.44952286093750005 0.4297690765625 0.3018718546875 0.373544178125 0.24482487343749998 0.24703815312500002 0.026704068749999997 0.1962897046875 0.026704068749999997 0.146636546875 0.08039534375 0.0683232921875 0.2045564171875 0.0261546171875 0.29851615 0.010090360937499999 0.6173080953125 0.0522590359375 0.7582476921875 0.108483934375 0.8253617875 0.31531124374999997 0.9293886328125 0.351455821875 0.9327443375 0.45587349374999997 0.9797242031250001 0.52816265 0.9830799078125001 0.562299196875 0.9998584312500001 0.6365963859375 0.9998584312500001 0.6988453828125001 0.9696570890625 0.7851907625 0.9562342703125 0.8855923703125 0.8857644718750001 0.879568271875 0.818650378125 0.8293674687499999 0.7381134640625 0.793222890625 0.707912121875 0.6847891578125 0.654220846875 0.6807730921874999 0.6374423234375 0.69482931875 0.6173080953125 0.7289658640625001 0.6206638 0.759086346875 0.5468382968750001 0.80125501875 0.5199926593749999 0.8173192765625 0.49650272656250005 0.8353915671875001 0.43945574687500005 0.8835843359375 0.426032928125 0.907680721875 0.3824087671875 0.9257530109375001 0.31865037812499997 0.9739457828125 0.29851615 0.9984375 0.24035372812500003 0.9984375 0.1360947984375 0.97193775 0.113952390625 0.9096887562499999 0.087106753125 0.692821284375 0.0569054109375 0.6827811234375 0.0837510484375 0.67073293125 0.21462353125 0.6386044171874999 0.33878460625 0.6446285140625 0.42267722343749997 0.6325803203125 0.49650272656250005 0.6305722890625 0.5871067531249999 0.6225401609375 0.600529571875
13 0.1515625 0.28515625 0.1125 0.1
13 0.13828125 0.39765625 0.059375 0.1486328125
13 0.190625 0.53828125 0.100390625 0.090625
13 0.2390625 0.63828125 0.11015625 0.085546875
13 0.259375 0.4453125 0.087890625 0.0779296875
13 0.353125 0.4765625 0.0810546875 0.10625
13 0.453125 0.5453125 0.04375 0.146875
13 0.25234375 0.21796875 0.0765625 0.0669921875
13 0.26484375 0.31875 0.075 0.066015625
13 0.3296875 0.38984375 0.0876953125 0.0330078125
13 0.346875 0.240625 0.0626953125 0.0748046875
13 0.31953125 0.17421875 0.0673828125 0.0763671875
13 0.44921875 0.12265625 0.0765625 0.06875
13 0.4140625 0.23828125 0.0658203125 0.065625
13 0.50859375 0.446875 0.0611328125 0.084375
13 0.49765625 0.2296875 0.0734375 0.065625
13 0.509375 0.17578125 0.080859375 0.05
13 0.51953125 0.12265625 0.064453125 0.061328125
13 0.5640625 0.14609375 0.025 0.1486328125
13 0.7109375 0.165625 0.053515625 0.1435546875
13 0.78984375 0.1703125 0.048046875 0.10234375
13 0.646875 0.31015625 0.04453125 0.126171875
13 0.71015625 0.29375 0.0669921875 0.121875
13 0.77265625 0.278125 0.0611328125 0.065625
13 0.73828125 0.63515625 0.1125 0.1205078125
13 0.70390625 0.46953125 0.090625 0.1296875
13 0.7984375 0.5296875 0.058984375 0.072265625