15 1 0.1109274828125 0.9344476046875 0.0074275765625000005 0.7819163296875 0.0074275765625000005 0.68201754375 0.17896042343750002 0.620614034375 0.24100421875000003 0.5745614031249999 0.40158816093749994 0.5109649125 0.51837648125 0.43421052656250003 0.569471371875 0.41008771875 0.5658217375000001 0.4013157890625 0.551223196875 0.39912280624999996 0.4526830515625 0.3859649125 0.37239107968749996 0.392543859375 0.28115020468749996 0.357456140625 0.14611370937499998 0.3446356265625 0.0074275765625000005 0.096491228125 0.0074275765625000005 0.028508771874999998 0.0366246578125 0 0.060347284375 0 0.17511870000000002 0.0263157890625 0.237354584375 0.07894736875 0.25925239375000003 0.0986842109375 0.328595459375 0.125 0.3760407171875 0.1776315796875 0.3906392546875 0.1973684203125 0.4526830515625 0.21491228125 0.478230496875 0.2609649125 0.5074275765625 0.2938596484375 0.587719546875 0.3311403515625 0.5840699125000001 0.346491228125 0.605967721875 0.3421052625 0.6242158984375 0.2236842109375 0.682610059375 0.1842105265625 0.7154567734375 0.129385965625 0.8030480156250001 0.1228070171875 0.8760407171875 0.232456140625 0.9526830531250001 0.3267543859375 0.967281590625 0.3880035109375 0.996875 0.48252364375 0.996875 0.5131578953125 0.98188013125 0.5921052625 0.978230496875 0.7061403515625 0.9271356078125 0.745614034375 0.9234859703125 0.9714912281249999 0.8103472843749999 1 0.7764578171875 1 0.1109274828125
13 0.07578125 0.28828125 0.1232421875 0.1080078125
13 0.0609375 0.4109375 0.0654296875 0.1625
13 0.11796875 0.56328125 0.1109375 0.0984375
13 0.17109375 0.671875 0.1205078125 0.093359375
13 0.19375 0.4625 0.097265625 0.084375
13 0.29609375 0.49609375 0.088671875 0.114453125
13 0.4046875 0.57109375 0.04765625 0.159375
13 0.18515625 0.21484375 0.0830078125 0.071875
13 0.19921875 0.32421875 0.08125 0.071875
13 0.2703125 0.40234375 0.0966796875 0.0361328125
13 0.2890625 0.23984375 0.06875 0.08125
13 0.259375 0.16796875 0.0748046875 0.0828125
13 0.40078125 0.11171875 0.0828125 0.075
13 0.36171875 0.2375 0.071875 0.071484375
13 0.465625 0.4640625 0.068359375 0.091015625
13 0.45390625 0.228125 0.0796875 0.0716796875
13 0.46640625 0.16953125 0.0861328125 0.0544921875
13 0.478125 0.11171875 0.0716796875 0.0669921875
13 0.52578125 0.13671875 0.0267578125 0.1625
13 0.6859375 0.15859375 0.0595703125 0.1548828125
13 0.77265625 0.16328125 0.0515625 0.1107421875
13 0.61640625 0.315625 0.05 0.137109375
13 0.6859375 0.29765625 0.0720703125 0.1328125
13 0.75390625 0.28125 0.0671875 0.071875
13 0.71640625 0.66875 0.123046875 0.131640625
13 0.678125 0.4890625 0.099609375 0.141015625
13 0.78203125 0.55390625 0.0625 0.0796875