15 0.34765625 0.0977198703125 0.3125 0.1009771984375 0.111328125 0.201954396875 0.056640625 0.2671009765625 0.015625 0.40390879531249996 0.03125 0.7133550484375 0.072265625 0.8045602609375001 0.1484375 0.9250814328124999 0.21484375 0.9967426703125 0.24609375 0.9771986968749999 0.369140625 0.7654723125 0.423828125 0.7100977203125 0.46484375 0.56677524375 0.521484375 0.46254071718749995 0.58984375 0.4169381109375 0.611328125 0.42019543906249995 0.619140625 0.43322475625 0.62109375 0.5211726390625 0.6328125 0.5928338765625 0.626953125 0.6742671015624999 0.658203125 0.7947882734375 0.669921875 0.9218241046875001 0.6796875 0.9478827359374999 0.890625 0.9185667750000001 0.951171875 0.89250814375 0.990234375 0.859934853125 0.990234375 0.8013029312500001 0.953125 0.7133550484375 0.90625 0.6938110749999999 0.888671875 0.6319218234374999 0.865234375 0.5895765468749999 0.818359375 0.57654723125 0.80078125 0.5211726390625 0.78515625 0.4983713359375 0.744140625 0.47231270312499996 0.71484375 0.40065146562500004 0.681640625 0.40390879531249996 0.66796875 0.38436482031249997 0.671875 0.36807817656249997 0.77734375 0.31596091249999997 0.8125 0.28664495156249997 0.861328125 0.20846905468750002 0.8671875 0.143322475 0.76953125 0.0749185671875 0.685546875 0.061889251562500004 0.625 0.032573290625 0.552734375 0.032573290625 0.51953125 0.048859934375000004 0.44921875 0.0521172640625 0.34765625 0.0977198703125
13 0.15390625 0.2828125 0.109375 0.096875
13 0.140625 0.39296875 0.0578125 0.1453125
13 0.19140625 0.52890625 0.0984375 0.0875
13 0.23828125 0.62578125 0.1078125 0.0828125
13 0.25859375 0.4390625 0.08671875 0.075
13 0.34921875 0.46953125 0.078125 0.103125
13 0.446875 0.5359375 0.04296875 0.1421875
13 0.25078125 0.21796875 0.07421875 0.06484375
13 0.26328125 0.315625 0.07265625 0.06484375
13 0.3265625 0.38515625 0.0859375 0.0328125
13 0.34375 0.23984375 0.06171875 0.071875
13 0.31640625 0.17578125 0.06640625 0.0734375
13 0.4421875 0.12578125 0.07421875 0.0671875
13 0.40859375 0.2375 0.0640625 0.06328125
13 0.5 0.440625 0.06015625 0.08203125
13 0.48984375 0.2296875 0.07109375 0.06328125
13 0.5015625 0.17734375 0.07734375 0.0484375
13 0.51171875 0.12578125 0.06328125 0.059375
13 0.5546875 0.1484375 0.02421875 0.1453125
13 0.696875 0.16796875 0.053125 0.1390625
13 0.77421875 0.171875 0.04609375 0.0984375
13 0.63515625 0.3078125 0.04453125 0.12265625
13 0.696875 0.2921875 0.06484375 0.11875
13 0.7578125 0.2765625 0.06015625 0.0640625
13 0.7234375 0.6234375 0.109375 0.1171875
13 0.690625 0.4625 0.08828125 0.12578125
13 0.7828125 0.5203125 0.05625 0.07109375