15 0.0390625 0.3125 0.041015625 0.66796875 0.125 0.73828125 0.2734375 0.82421875 0.4453125 0.865234375 0.572265625 0.875 0.8046875 0.875 0.861328125 0.8671875 0.951171875 0.841796875 0.9609375 0.8203125 0.962890625 0.78125 0.962890625 0.34375 0.95703125 0.291015625 0.912109375 0.271484375 0.779296875 0.23828125 0.6484375 0.22265625 0.56640625 0.22265625 0.54296875 0.2109375 0.5 0.208984375 0.396484375 0.18359375 0.30859375 0.181640625 0.1875 0.220703125 0.10546875 0.26171875 0.0390625 0.3125
9 0.0875 0.42578125 0.10859375 0.10234375
9 0.1875 0.31015625 0.09140625 0.0921875
9 0.30390625 0.28671875 0.0859375 0.06484375
9 0.2609375 0.384375 0.1375 0.04765625
9 0.3015625 0.34765625 0.053125 0.0421875
9 0.103125 0.33203125 0.0734375 0.03671875
9 0.39140625 0.3859375 0.0828125 0.0453125
11 0.31796875 0.2296875 0.04765625 0.0484375
11 0.55390625 0.41015625 0.0453125 0.0671875
11 0.85390625 0.3328125 0.07421875 0.05625
11 0.85546875 0.63046875 0.07890625 0.071875
7 0.71875 0.41875 0.16015625 0.09453125
7 0.7984375 0.5578125 0.12890625 0.06953125
7 0.85703125 0.390625 0.090625 0.046875
7 0.93515625 0.52578125 0.05 0.1140625
7 0.89296875 0.4484375 0.13515625 0.0625
7 0.9234375 0.378125 0.078125 0.05703125
13 0.378125 0.28125 0.05703125 0.059375
13 0.45078125 0.25078125 0.071875 0.04765625
13 0.5375 0.2390625 0.0796875 0.065625
13 0.63828125 0.2703125 0.0671875 0.053125
13 0.465625 0.30390625 0.0703125 0.04921875
13 0.53828125 0.29375 0.05625 0.0328125
13 0.61328125 0.30546875 0.06875 0.0234375
13 0.55390625 0.3375 0.08515625 0.04375
13 0.73828125 0.3546875 0.0765625 0.0328125
13 0.5234375 0.37890625 0.0375 0.03125
13 0.6015625 0.36953125 0.0734375 0.02890625
9 0.24609375 0.4515625 0.13046875 0.05625