15 0.0870151921875 0.2682698234375 0.0415606453125 0.2880326703125 0.0356317921875 0.341392353125 0.0356317921875 0.7840801 0.037608076562499995 0.82360579375 0.047489500000000004 0.8453449234375 0.13839859062499998 0.871036621875 0.1784611953125 0.8765625 0.46181912187499996 0.8765625 0.559347209375 0.8690603390625 0.7332602515625 0.8275583624999999 0.8834578796875 0.7406018390625 0.9671875 0.6705026234375 0.9671875 0.3073041703125 0.9032207250000001 0.2583884015625 0.8202167734374999 0.216886425 0.697687128125 0.1773607328125 0.608754321875 0.1793370171875 0.5040112390625 0.2050287171875 0.4605329796875 0.2070050015625 0.4368175640625 0.21886270937500002 0.35381361093749997 0.21886270937500002 0.22140254375 0.2346729859375 0.0870151921875 0.2682698234375
9 0.084375 0.425 0.109765625 0.103515625
9 0.1859375 0.3078125 0.091015625 0.09375
9 0.30390625 0.28359375 0.0861328125 0.065625
9 0.26015625 0.38359375 0.1390625 0.048046875
9 0.30078125 0.3453125 0.054296875 0.043359375
9 0.1 0.3296875 0.0748046875 0.0375
9 0.3921875 0.384375 0.0841796875 0.0466796875
11 0.31796875 0.2265625 0.0484375 0.0498046875
11 0.55625 0.40859375 0.044140625 0.0673828125
11 0.86015625 0.33046875 0.075 0.0576171875
11 0.86171875 0.63203125 0.0796875 0.0732421875
7 0.7234375 0.41796875 0.1625 0.0953125
7 0.80390625 0.55859375 0.1298828125 0.0705078125
7 0.86328125 0.38984375 0.0919921875 0.0482421875
7 0.94296875 0.52578125 0.0513671875 0.1142578125
7 0.89921875 0.44765625 0.1361328125 0.0638671875
7 0.93046875 0.37734375 0.0794921875 0.0578125
13 0.37890625 0.278125 0.0576171875 0.0595703125
13 0.45234375 0.2484375 0.0732421875 0.047265625
13 0.53984375 0.2359375 0.08125 0.0658203125
13 0.6421875 0.26796875 0.0685546875 0.0544921875
13 0.4671875 0.3015625 0.0716796875 0.0498046875
13 0.540625 0.29140625 0.056640625 0.0328125
13 0.61640625 0.303125 0.0701171875 0.024609375
13 0.55625 0.33515625 0.08671875 0.044921875
13 0.74296875 0.353125 0.0767578125 0.0341796875
13 0.52578125 0.37734375 0.038671875 0.032421875
13 0.6046875 0.36796875 0.074609375 0.0296875
9 0.24453125 0.45078125 0.1326171875 0.05625