15 0.9980660875 0.27698514531249996 0.9960169078125001 0.23600153750000002 0.9857710046875001 0.2134605546875 0.8915087109375 0.186821209375 0.8320824796874999 0.1786244890625 0.5882300218750001 0.1786244890625 0.45503330000000003 0.188870390625 0.27470543125 0.231903178125 0.11896772656250001 0.3220671109375 0.030852971875000003 0.395837603125 0.0288037921875 0.768788421875 0.0984759234375 0.8220671109375 0.18454149687500002 0.8650998968750001 0.3072630609375 0.9046875 0.3744109078125 0.9046875 0.40380379218750007 0.9040343249999999 0.5124103484375 0.8773949812499999 0.5574923171874999 0.8753457984375 0.58208248125 0.86305071875 0.6681480546875 0.86305071875 0.8054431359375 0.8466572749999999 0.944787396875 0.8118212093749999 0.9919185468749999 0.79132940625 0.9980660875 0.7360015359375 0.9980660875 0.27698514531249996
9 0.0796875 0.434375 0.11484375 0.10703125
9 0.184375 0.31328125 0.0966796875 0.096875
9 0.30703125 0.28828125 0.0892578125 0.0673828125
9 0.26171875 0.39140625 0.1451171875 0.05
9 0.30390625 0.35234375 0.0548828125 0.0451171875
9 0.0953125 0.3359375 0.0779296875 0.040234375
9 0.3984375 0.3921875 0.0873046875 0.0470703125
11 0.32109375 0.228125 0.05 0.050390625
11 0.56875 0.41796875 0.046875 0.0703125
11 0.88359375 0.33671875 0.0767578125 0.059375
11 0.88515625 0.64921875 0.0828125 0.075
7 0.74140625 0.42734375 0.1673828125 0.0986328125
7 0.825 0.5734375 0.1345703125 0.072265625
7 0.88671875 0.39765625 0.0953125 0.0486328125
7 0.96953125 0.5390625 0.051953125 0.119140625
7 0.92421875 0.4578125 0.1421875 0.065625
7 0.95703125 0.384375 0.082421875 0.059375
13 0.384375 0.2828125 0.059375 0.0625
13 0.4609375 0.25078125 0.075 0.05
13 0.5515625 0.23828125 0.083984375 0.06875
13 0.65703125 0.27109375 0.0703125 0.0548828125
13 0.4765625 0.30625 0.0748046875 0.050390625
13 0.55234375 0.29609375 0.0580078125 0.034375
13 0.63125 0.30859375 0.071875 0.0236328125
13 0.56875 0.34140625 0.087890625 0.0455078125
13 0.7625 0.359375 0.0810546875 0.034375
13 0.53671875 0.38515625 0.0390625 0.0328125
13 0.61875 0.375 0.0779296875 0.0310546875
9 0.2453125 0.46171875 0.1373046875 0.0580078125