15 0.6452038250000001 0 0.6492727484375 0.029705393749999996 0.5911910578125 0.06842951093750001 0.5137487015625 0.096962925 0.304858303125 0.052124571875000004 0.1652584078125 0.0449912171875 0.0939299796875 0.06333423906249999 0.0144497 0.0796390234375 0 0.08454993125 0 1 0.601666490625 1 0.7246770234375 0.9407404515625 0.8214798921875 0.885711509375 0.8438975234375 0.8225300203125 0.9203206828124999 0.7990918437500001 1 0.7879358812499999 1 0 0.6452038250000001 0
2 0.740625 0.3046875 0.3 0.1373046875
0 0.27734375 0.484375 0.0875 0.071875
0 0.0609375 0.29609375 0.096875 0.0673828125
0 0.0953125 0.42265625 0.184765625 0.0798828125
0 0.7171875 0.94453125 0.065234375 0.0703125
0 0.8625 0.76796875 0.0439453125 0.0544921875
0 0.33125 0.0984375 0.046484375 0.04765625
0 0.46015625 0.18359375 0.059375 0.046875
0 0.62734375 0.72265625 0.0576171875 0.0642578125
0 0.01484375 0.3609375 0.0296875 0.090234375
0 0.6171875 0.640625 0.1189453125 0.0748046875