15 0.6812996640625 0 0.6401590796875001 0.03475606875 0.64897404375 0.099110221875 0.5987287718750001 0.13260965625 0.5317349874999999 0.1572933234375 0.3510282140625 0.11850458906250001 0.23026322656249998 0.11233367187500001 0.1685584734375 0.128201840625 0.0998017234375 0.1423067734375 0.0008817937499999999 0.17592592499999998 0 0.3820342375 0 0.9555168984375 0.266878296875 1 0.4413358875 1 0.49471216250000005 0.9621607359375 0.5696393609375 0.956871303125 0.7142047265625 0.8872278515625001 0.797946890625 0.8396234484375 0.8173399203124999 0.7849664468750001 0.8834520203125 0.7646905640624999 0.9716016640625 0.7523486625 1 0.7345158921875 1 0 0.6812996640625 0
2 0.728125 0.325 0.259375 0.1185546875
0 0.32734375 0.48046875 0.0763671875 0.0611328125
0 0.13984375 0.31796875 0.084375 0.0580078125
0 0.16953125 0.4265625 0.1609375 0.0689453125
0 0.7078125 0.87890625 0.0560546875 0.0607421875
0 0.83359375 0.72578125 0.0388671875 0.0455078125
0 0.3734375 0.14609375 0.0404296875 0.0421875
0 0.48515625 0.2203125 0.0515625 0.040625
0 0.6296875 0.68671875 0.0498046875 0.05625
0 0.059375 0.37578125 0.10703125 0.076953125
0 0.62109375 0.615625 0.103125 0.06328125