15 1 1 0.997638890625 0.2789308109375 0.9603266390625 0.255500534375 0.87355433125 0.2433514765625 0.8084752343750001 0.2233924046875 0.7893852203125 0.16958941875 0.7069515281250001 0.122728834375 0.5646449953125 0.0541735609375 0.4908885359375 0.048966775000000004 0.42233846406250003 0.000370575 0.329491990625 0.0012383828125 0.001492775 0.055909079687499995 0.004774265625 0.8229166687499999 0.102148571875 0.85601051875 0.1698309984375 0.8698950625 0.2305716125 0.885515290625 0.3494496484375 0.8794407953125001 0.5273328796875 0.8412581343750001 0.593279884375 0.86555611875 0.6427400750000001 0.898532125 0.63406284375 0.9618807437499999 0.679184415625 1 1 1
2 0.7203125 0.33203125 0.25546875 0.11640625
0 0.3265625 0.484375 0.07421875 0.0609375
0 0.14140625 0.32421875 0.0828125 0.0578125
0 0.17109375 0.43203125 0.15859375 0.06875
0 0.70078125 0.8765625 0.0546875 0.059375
0 0.82421875 0.7265625 0.0375 0.04609375
0 0.371875 0.15546875 0.0390625 0.04140625
0 0.48125 0.22890625 0.05078125 0.03984375
0 0.6234375 0.6875 0.0484375 0.05546875
0 0.0625 0.38125 0.10625 0.0765625
0 0.615625 0.61796875 0.1015625 0.06328125