15 1 0.8039431828125 0.997856059375 0.3474861484375 0.9067451375 0.2685173703125 0.7967610781250001 0.1852096125 0.619745590625 0.09582735625 0.4993490140625 0.0741326328125 0.431015821875 0.0671903953125 0.3438096921875 0.0793393875 0.2305718703125 0.09322406250000001 0.185872365625 0.1241319453125 0.1472704359375 0.1478946921875 0.12904823125 0.1904163640625 0.091953090625 0.216450034375 0.0581119109375 0.247690421875 0.031429384375 0.30409670312500003 0 0.38219770625 0.0047468609375 0.7570825671875 0.0509531546875 0.8108855203124999 0.1192863453125 0.8638205671874999 0.146619603125 0.8698950625 0.20323851406250001 0.9410538624999999 0.25269876875 1 0.7759357437500001 1 0.8885228312500001 0.9323759718750001 1 0.8620850156250001 1 0.8039431828125
13 0.4640625 0.79375 0.140625 0.21484375
13 0.8546875 0.64765625 0.12734375 0.15546875
13 0.13984375 0.43359375 0.14453125 0.140625
13 0.24453125 0.21796875 0.1 0.08515625
16 0.834375 0.434375 0.16328125 0.2390625
16 0.6859375 0.45 0.20625 0.07421875
16 0.32265625 0.14609375 0.178125 0.0953125
16 0.41796875 0.484375 0.1234375 0.1390625
16 0.62578125 0.61171875 0.18984375 0.0546875
6 0.265625 0.31953125 0.22421875 0.17890625
6 0.36953125 0.70234375 0.20859375 0.15078125
6 0.5203125 0.1890625 0.06328125 0.30703125
6 0.70625 0.3078125 0.02578125 0.0546875
6 0.2484375 0.528125 0.2 0.11796875
0 0.765625 0.721875 0.1 0.184375
0 0.8140625 0.2828125 0.078125 0.06640625
0 0.971875 0.509375 0.05546875 0.08515625
0 0.36953125 0.625 0.0328125 0.109375
0 0.4140625 0.56953125 0.02890625 0.0859375
0 0.4 0.25625 0.0671875 0.03828125
12 0.89609375 0.49609375 0.0953125 0.22734375
12 0.296875 0.584375 0.159375 0.146875
12 0.625 0.18671875 0.1578125 0.11640625