15 0.0838355859375 0 0.07967754375 0.00495550625 0.013793720312499999 0.0877584734375 0 0.0908239640625 0 0.8939493515624999 0.0145510515625 0.9279043578125 0.0594696609375 0.9555555546875001 0.11148363125 0.9915210906249999 0.1806342046875 1 0.5004746796874999 1 0.5643403234375 0.9884918031250001 0.7703219812500001 0.8844833609375 0.8983034312499999 0.787543425 1 0.6993997249999999 1 0.09254738125 0.8770992953125001 0.015053415625 0.8520369000000001 0 0.0838355859375 0
13 0.38359375 0.8234375 0.1638671875 0.25
13 0.8375 0.653125 0.14921875 0.18125
13 0.04453125 0.403125 0.088671875 0.162890625
13 0.128125 0.15390625 0.116015625 0.098828125
16 0.8140625 0.40546875 0.190625 0.278125
16 0.64140625 0.4234375 0.239453125 0.087109375
16 0.21796875 0.06953125 0.2078125 0.1109375
16 0.3296875 0.4640625 0.1435546875 0.1623046875
16 0.57109375 0.61171875 0.220703125 0.0640625
6 0.15234375 0.271875 0.2609375 0.206640625
6 0.2734375 0.7171875 0.241015625 0.175
6 0.44765625 0.1484375 0.073046875 0.296875
6 0.665625 0.25859375 0.030859375 0.0640625
6 0.13203125 0.51484375 0.2328125 0.1361328125
0 0.734375 0.73984375 0.115625 0.214453125
0 0.790625 0.2296875 0.0908203125 0.0779296875
0 0.9703125 0.4921875 0.059375 0.1
0 0.2734375 0.62734375 0.0375 0.126953125
0 0.325 0.5625 0.033984375 0.1
0 0.30859375 0.1984375 0.078125 0.0439453125
12 0.8859375 0.47734375 0.109765625 0.2640625
12 0.18828125 0.58046875 0.1859375 0.1703125
12 0.5703125 0.1171875 0.184375 0.134765625