15 0.442832353125 0 0.31404075468750003 0.0232074546875 0.11173733906250001 0.12535860468749999 0 0.209994390625 0 0.9749332374999999 0.0068667640625 0.9792630156250001 0.041391720312500005 1 0.7809705515625 1 0.7900488421875 0.9891806046875 0.8547561671875 0.9078562625 0.8859941765625001 0.9009139828125001 0.9640892515624999 0.8404167859375 1 0.7986020421875 1 0.295019828125 0.98640213125 0.261229565625 0.9559078171875001 0.19676524374999999 0.9172321828125 0.16106194375 0.8748377359375 0.131309178125 0.854012359375 0.0827129828125 0.80989586875 0.055555556250000006 0.7588107187500001 0.0202322625 0.6293960671875001 0.0043640625 0.5980705875 0 0.442832353125 0
13 0.50859375 0.82109375 0.1607421875 0.2453125
13 0.93984375 0.6515625 0.1203125 0.178515625
13 0.1375 0.409375 0.165625 0.162109375
13 0.2578125 0.16328125 0.115234375 0.0982421875
16 0.91796875 0.40859375 0.1640625 0.2703125
16 0.76171875 0.428125 0.2357421875 0.0845703125
16 0.34609375 0.08046875 0.2044921875 0.1080078125
16 0.45546875 0.4671875 0.140625 0.1591796875
16 0.69296875 0.6125 0.2169921875 0.0625
6 0.28125 0.27890625 0.25625 0.2044921875
6 0.4 0.71640625 0.2376953125 0.171875
6 0.5703125 0.1515625 0.071875 0.303125
6 0.78515625 0.265625 0.0294921875 0.0625
6 0.26171875 0.5171875 0.228125 0.134375
0 0.853125 0.7390625 0.11328125 0.21015625
0 0.90859375 0.2375 0.0892578125 0.0751953125
0 0.4 0.628125 0.0375 0.125
0 0.45078125 0.5640625 0.0328125 0.097265625
0 0.43515625 0.20625 0.0765625 0.04375
12 0.97265625 0.478125 0.0546875 0.2625
12 0.31640625 0.58203125 0.1826171875 0.1671875
12 0.69140625 0.12734375 0.180078125 0.133203125