11 0.53984375 0.81328125 0.0234375 0.01875
15 0.11328121093750002 0 0.08045549375 0.015123057812499998 0.0257889140625 0.0081806875 0 0.0385533 0 0.8646884078125 0.1698309984375 0.9549384062499999 0.3173439203125 1 0.811078296875 1 1 0.84039029375 1 0.0793393875 0.8796284999999999 0.02380095 0.8544644515625001 0 0.11328121093750002 0
13 0.32890625 0.70703125 0.21328125 0.2109375
13 0.090625 0.5546875 0.18046875 0.140625
13 0.0671875 0.3859375 0.134375 0.13125
13 0.109375 0.16953125 0.1796875 0.1390625
13 0.9078125 0.5453125 0.17734375 0.1390625
13 0.925 0.371875 0.15 0.159375
13 0.70859375 0.4078125 0.18046875 0.18828125
13 0.51640625 0.03828125 0.09453125 0.071875
13 0.6859375 0.0546875 0.15625 0.10859375
13 0.32265625 0.0640625 0.14453125 0.07578125
13 0.34921875 0.221875 0.0859375 0.0609375
11 0.16484375 0.16640625 0.0578125 0.0453125
11 0.18046875 0.4046875 0.07734375 0.06796875
11 0.26328125 0.4703125 0.08203125 0.0765625
11 0.16015625 0.465625 0.04921875 0.0421875
11 0.42421875 0.5515625 0.0890625 0.0921875
11 0.5 0.746875 0.115625 0.1703125
11 0.57421875 0.5359375 0.0890625 0.08359375
11 0.62734375 0.475 0.065625 0.07890625
11 0.6859375 0.3546875 0.08671875 0.0515625
11 0.534375 0.415625 0.065625 0.0640625
11 0.6140625 0.290625 0.07890625 0.0578125
11 0.22890625 0.20546875 0.06328125 0.059375
11 0.4125 0.18671875 0.0609375 0.05234375
11 0.4984375 0.16328125 0.0328125 0.0609375
11 0.66875 0.2125 0.06484375 0.0453125
6 0.08046875 0.5609375 0.1609375 0.159375
6 0.27890625 0.5859375 0.06015625 0.153125
6 0.91875 0.45 0.1546875 0.0953125
6 0.2390625 0.2484375 0.1296875 0.0328125
6 0.740625 0.215625 0.21328125 0.08671875
6 0.815625 0.12734375 0.1359375 0.0765625
6 0.53515625 0.0859375 0.1234375 0.07578125
6 0.03828125 0.296875 0.0765625 0.06640625
6 0.39921875 0.0328125 0.07734375 0.065625
6 0.5828125 0.33203125 0.0640625 0.0484375
6 0.55078125 0.4546875 0.07265625 0.0734375
13 0.659375 0.71953125 0.20625 0.2265625
11 0.46875 0.296875 0.08359375 0.06640625
11 0.13515625 0.2828125 0.11640625 0.08671875
11 0.66953125 0.1421875 0.0640625 0.05078125