11 0.62265625 0.80703125 0.028125 0.0232421875
15 0 0 0 0.9855103250000001 0.017150675 1 0.7431694109375 1 0.8202021703125 0.9764683734374999 1 0.8809218953125001 1 0 0 0
13 0.36953125 0.6796875 0.2548828125 0.2529296875
13 0.09609375 0.49765625 0.1919921875 0.1673828125
13 0.06875 0.2953125 0.1375 0.15625
13 0.10703125 0.059375 0.2140625 0.11875
13 0.97734375 0.484375 0.0453125 0.165625
13 0.82421875 0.321875 0.2169921875 0.225
13 0.39453125 0.09921875 0.1017578125 0.0732421875
11 0.1734375 0.0328125 0.06875 0.05390625
11 0.19296875 0.31875 0.0923828125 0.08125
11 0.29140625 0.39609375 0.0984375 0.0919921875
11 0.16875 0.39140625 0.0591796875 0.05
11 0.484375 0.49375 0.1064453125 0.1095703125
11 0.575 0.72734375 0.1376953125 0.203125
11 0.6640625 0.475 0.10625 0.1
11 0.7265625 0.403125 0.078515625 0.094140625
11 0.79765625 0.2578125 0.1044921875 0.0623046875
11 0.615625 0.33125 0.078125 0.0779296875
11 0.71171875 0.18125 0.09375 0.0689453125
11 0.25078125 0.0796875 0.0763671875 0.0716796875
11 0.4703125 0.0578125 0.0720703125 0.0625
11 0.57109375 0.0328125 0.0392578125 0.065625
11 0.77734375 0.08828125 0.0767578125 0.0544921875
6 0.084375 0.5046875 0.168359375 0.191015625
6 0.31015625 0.534375 0.071875 0.1841796875
6 0.2625 0.13125 0.1560546875 0.0404296875
6 0.8625 0.0921875 0.2560546875 0.1033203125
6 0.93359375 0.01484375 0.1296875 0.0296875
6 0.03359375 0.18828125 0.0671875 0.0796875
6 0.6734375 0.23125 0.077734375 0.0591796875
6 0.6359375 0.37734375 0.0873046875 0.0875
13 0.765625 0.69453125 0.246875 0.2705078125
11 0.5375 0.18984375 0.1 0.0794921875
11 0.13828125 0.171875 0.1392578125 0.1033203125
11 0.7765625 0.01640625 0.0779296875 0.0328125