11 0.55625 0.80703125 0.024609375 0.019921875
15 0 0 0 0.8649920578125 0.1692927984375 0.9549560484375 0.31674796562499996 1 0.8417464000000001 1 1 0.8663001109374999 1 0.023095328125 0.9499442265625 0 0 0
13 0.33515625 0.69609375 0.2234375 0.2203125
13 0.08984375 0.53671875 0.1796875 0.146875
13 0.06640625 0.36015625 0.1328125 0.1361328125
13 0.10625 0.134375 0.1875 0.144140625
13 0.9234375 0.52578125 0.153125 0.1451171875
13 0.93984375 0.34609375 0.1203125 0.165625
13 0.73203125 0.3828125 0.1890625 0.196875
13 0.53046875 0.01640625 0.098046875 0.0328125
13 0.70703125 0.034375 0.1640625 0.06875
13 0.328125 0.03125 0.15 0.0625
13 0.35703125 0.1890625 0.0890625 0.0626953125
11 0.1640625 0.13125 0.0595703125 0.0470703125
11 0.18046875 0.38046875 0.08125 0.0705078125
11 0.26640625 0.4484375 0.0859375 0.078515625
11 0.159375 0.44375 0.050390625 0.04375
11 0.43515625 0.53359375 0.09375 0.095703125
11 0.51484375 0.7375 0.120703125 0.177734375
11 0.5921875 0.5171875 0.0935546875 0.0875
11 0.646875 0.45390625 0.06875 0.0826171875
11 0.70859375 0.32734375 0.090625 0.0544921875
11 0.55 0.39140625 0.06875 0.0671875
11 0.63359375 0.2609375 0.0826171875 0.0595703125
11 0.23125 0.171875 0.0658203125 0.0623046875
11 0.4234375 0.15234375 0.0626953125 0.0546875
11 0.5125 0.12734375 0.034375 0.0640625
11 0.690625 0.17890625 0.068359375 0.048046875
6 0.0796875 0.54296875 0.159375 0.1671875
6 0.2828125 0.56875 0.0625 0.159765625
6 0.934375 0.42578125 0.1310546875 0.1
6 0.24140625 0.2171875 0.1359375 0.034375
6 0.765625 0.18203125 0.222265625 0.090625
6 0.84453125 0.08984375 0.1421875 0.0796875
6 0.5515625 0.046875 0.1283203125 0.080859375
6 0.0359375 0.2671875 0.071484375 0.069140625
6 0.4078125 0.0125 0.08125 0.0248046875
6 0.60078125 0.30390625 0.0669921875 0.0513671875
6 0.5671875 0.43203125 0.075390625 0.0765625
13 0.68046875 0.70859375 0.215625 0.2361328125
11 0.48125 0.26796875 0.0875 0.06875
11 0.1328125 0.25234375 0.121875 0.090625
11 0.69140625 0.10546875 0.0669921875 0.053125