15 0.09185836093750001 0.3552848171875 0.0299973390625 0.46964252812499996 0.00285526875 0.5095603171875001 0.00285526875 0.5866655296875 0.038432867187500004 0.6496154046875 0.1246634203125 0.7096062937500001 0.18746164375000002 0.77615880625 0.21839215625000002 0.7733467 0.3308666421875 0.8314628984375 0.4216197828125 0.846875 0.4315403578125 0.846875 0.4480275640625 0.8286508687499999 0.47753116249999994 0.846875 0.487288053125 0.846875 0.5558156125 0.8333376593749999 0.6654782046875 0.815527834375 0.72976576875 0.7956754218750001 0.8220053125 0.7808455984375 0.9372915453124999 0.713355740625 0.996875 0.6671084656249999 0.996875 0.52397841875 0.9944661312499999 0.464955734375 0.9344797953124999 0.395591190625 0.8632458968750001 0.32247726875 0.76108163125 0.2877949625 0.6729765328124999 0.251237965625 0.5633139375 0.2287414203125 0.43396825312500004 0.21749314531250002 0.30555991250000003 0.2128063515625 0.2071447375 0.27467192812499996 0.09185836093750001 0.3552848171875
2 0.19765625 0.4890625 0.1109375 0.1189453125
2 0.2796875 0.4015625 0.1029296875 0.096484375
2 0.303125 0.54921875 0.118359375 0.18125
2 0.4953125 0.47109375 0.1625 0.088671875
2 0.5578125 0.6421875 0.078125 0.1125
2 0.38359375 0.3484375 0.109375 0.062890625
2 0.58515625 0.35390625 0.2544921875 0.103125
2 0.6984375 0.4703125 0.1716796875 0.1095703125
2 0.76953125 0.61796875 0.085546875 0.053125
2 0.6421875 0.653125 0.0720703125 0.08125
0 0.46171875 0.4109375 0.2548828125 0.0751953125
0 0.4796875 0.575 0.2533203125 0.1779296875
0 0.68203125 0.57421875 0.1671875 0.0890625