15 0.1729856484375 0.33819064062500004 0.140260059375 0.33521533593749997 0.07381729687500001 0.40563026874999997 0.0342256359375 0.433174321875 0.0342256359375 0.7714887078125 0.039108371875 0.780515046875 0.16108547499999998 0.8658063593750001 0.2627069828125 0.9296875 0.30835991093750004 0.9296875 0.40107285312499996 0.92630355625 0.5379252078125 0.9144024796875 0.6539521515625 0.8906003328125 0.74717049375 0.8519217234375001 0.855263934375 0.8152266046875001 0.9306319421874999 0.7378694625 0.9940996265625 0.6644792984375 0.996875 0.596476453125 0.996875 0.45077045 0.9336068718750001 0.4016632203125 0.8116299234375 0.330256540625 0.7140371890625 0.3145660578125 0.646018653125 0.2935614953125 0.5299917125 0.274718065625 0.449665440625 0.2588499375 0.41594810937500004 0.2796768578125 0.397106184375 0.2588499375 0.29198766875 0.276701628125 0.1729856484375 0.33819064062500004
2 0.23984375 0.55078125 0.1173828125 0.1265625
2 0.32734375 0.45859375 0.1078125 0.1013671875
2 0.35234375 0.61484375 0.1236328125 0.1919921875
2 0.5546875 0.53125 0.171875 0.09375
2 0.62109375 0.71328125 0.0828125 0.11875
2 0.4375 0.4015625 0.115625 0.066015625
2 0.65078125 0.4078125 0.26875 0.1091796875
2 0.7703125 0.53125 0.18125 0.11796875
2 0.8453125 0.6875 0.0904296875 0.0560546875
2 0.7109375 0.72421875 0.077734375 0.0859375
0 0.51953125 0.46796875 0.2703125 0.0798828125
0 0.53828125 0.64140625 0.2673828125 0.1875
0 0.75234375 0.64140625 0.1767578125 0.0951171875