15 0.049217542187500005 0.5210439375 0.052688382812500004 0.6060872796875 0.1082226078125 0.6703036734375 0.1741696140625 0.737991171875 0.268751375 0.7700994015625 0.3503174234375 0.803943184375 0.45184099843750003 0.8247700640625 0.5715868093750001 0.8351835062499999 0.6904648421874999 0.8395224515624999 0.781575765625 0.782248459375 0.88830573125 0.707618559375 0.94557550625 0.6017483343750001 0.9898294359375001 0.5366641640625 0.9716071968750001 0.4950102703125 0.9377660515624999 0.43513281875 0.8579354218749999 0.379594378125 0.799798003125 0.3179813125 0.7711631156250001 0.3205847046875 0.6670363453125 0.26678181875 0.575057646875 0.25116158906249997 0.5585709609375 0.2693851453125 0.529068296875 0.25116158906249997 0.45878280781249997 0.26504620156250003 0.35725923437499996 0.281534203125 0.297743015625 0.2999131953125 0.212349375 0.3136423671875 0.10561954375 0.3761232109375 0.0474819921875 0.421248209375 0.049217542187500005 0.5210439375
2 0.22734375 0.50703125 0.103125 0.1109375
2 0.30390625 0.4265625 0.09453125 0.08828125
2 0.32578125 0.56328125 0.10859375 0.16796875
2 0.503125 0.490625 0.15078125 0.08203125
2 0.5609375 0.64921875 0.07265625 0.10390625
2 0.4 0.37734375 0.10078125 0.05859375
2 0.58671875 0.38203125 0.23515625 0.0953125
2 0.6921875 0.48984375 0.15859375 0.10234375
2 0.7578125 0.62734375 0.07890625 0.04921875
2 0.63984375 0.659375 0.0671875 0.075
0 0.47265625 0.43515625 0.23671875 0.0703125
0 0.4890625 0.58671875 0.23515625 0.1640625
0 0.67578125 0.58671875 0.1546875 0.0828125