15 0.108222896875 0.49327471562499997 0.073730884375 0.5705079453125 0.058762642187500005 0.656418996875 0.097159446875 0.73538784375 0.158333884375 0.8403902921874999 0.23382583281249997 0.8855152921875 0.3151748703125 0.9401860203125001 0.4095397546875 0.9566739562500001 0.53774581875 0.96708753125 0.6607455250000001 0.9315081296875001 0.79155481875 0.8186955671874999 0.882665740625 0.6911305546875 0.9080466015624999 0.571375721875 0.9099990984374999 0.4568275421875 0.8514277890624999 0.3448828234375 0.7948087796875 0.251161590625 0.743396128125 0.1973587375 0.6405710234375 0.15483699687500002 0.5839520140625 0.15483699687500002 0.52212674375 0.1695894171875 0.45379355312499997 0.1721927765625 0.35617470625 0.176531721875 0.292397140625 0.1930197921875 0.22211155 0.21297886406250002 0.18749997031250001 0.25434027812500004 0.15052439687500002 0.3110390421875 0.13034979687499998 0.35789965625 0.12904823125 0.4203804328125 0.108222896875 0.49327471562499997
9 0.7921875 0.35 0.0484375 0.08671875
9 0.19765625 0.5390625 0.0546875 0.0625
9 0.38515625 0.63984375 0.10546875 0.1453125
9 0.5203125 0.60546875 0.05 0.11953125
9 0.63046875 0.53125 0.06015625 0.04375
9 0.628125 0.48125 0.0984375 0.08828125
9 0.39375 0.32578125 0.040625 0.0375
9 0.3421875 0.73828125 0.025 0.03515625
9 0.4984375 0.48359375 0.040625 0.0671875
9 0.4703125 0.5375 0.08203125 0.05
9 0.2765625 0.45625 0.04140625 0.05703125
9 0.365625 0.43125 0.0453125 0.03203125
9 0.50390625 0.378125 0.0328125 0.02890625
9 0.59765625 0.29921875 0.02109375 0.028125
9 0.64140625 0.221875 0.10703125 0.059375
9 0.49609375 0.253125 0.0328125 0.09921875
9 0.40625 0.24609375 0.0828125 0.0640625
9 0.428125 0.43671875 0.0484375 0.0421875
9 0.70703125 0.72734375 0.025 0.090625
9 0.82578125 0.565625 0.0359375 0.08359375
9 0.25703125 0.32265625 0.05703125 0.05
9 0.31796875 0.3015625 0.06171875 0.0375
9 0.33828125 0.48671875 0.06328125 0.0265625
9 0.309375 0.65625 0.0328125 0.0921875
9 0.159375 0.703125 0.10625 0.05234375
9 0.58828125 0.4171875 0.03828125 0.01796875
9 0.55546875 0.2328125 0.03046875 0.07421875
9 0.57421875 0.35546875 0.04765625 0.0640625