15 0.4929161890625 0.1238965765625 0.419104809375 0.12108845937499998 0.3523230828125 0.1051757375 0.29116499375 0.1051757375 0.180096525 0.1510418828125 0.1245621875 0.209076421875 0.06340409999999999 0.3101689875 0.0001372 0.43091834687499997 0.0022462281250000002 0.5544759328125 0.029661840625 0.6836496859375 0.128077015625 0.821247903125 0.2693731265625 0.9429333640625 0.3966126625 0.9796875 0.42225107343749996 0.9796875 0.5407177609375 0.9700785234374999 0.642647759375 0.952293784375 0.730518453125 0.8933231109375 0.8120624968750001 0.844648953125 0.8781412124999999 0.7313878859375 0.9140625 0.6576140796875001 0.9140625 0.6143767671875 0.9034480140625 0.5535399062499999 0.866190821875 0.470232153125 0.843695946875 0.3916046109375 0.8422900328124999 0.324209615625 0.8204980609374999 0.2736633359375 0.7805582015625 0.21250511875 0.7431718515625 0.167890559375 0.6672515546875 0.146361671875 0.59836101875 0.12857678749999998 0.4929161890625 0.1238965765625
9 0.7875 0.315625 0.0529296875 0.0935546875
9 0.14609375 0.51953125 0.059375 0.067578125
9 0.3484375 0.62890625 0.11484375 0.157421875
9 0.49453125 0.59140625 0.054296875 0.129296875
9 0.61328125 0.5109375 0.0642578125 0.0470703125
9 0.6109375 0.45703125 0.10625 0.0953125
9 0.3578125 0.2890625 0.04375 0.040625
9 0.30234375 0.734375 0.0267578125 0.0376953125
9 0.47109375 0.46015625 0.04375 0.071875
9 0.440625 0.51796875 0.087890625 0.054296875
9 0.23125 0.43046875 0.0439453125 0.0611328125
9 0.328125 0.40390625 0.0498046875 0.034375
9 0.47734375 0.346875 0.0357421875 0.03125
9 0.578125 0.2609375 0.0220703125 0.028515625
9 0.625 0.178125 0.115625 0.06328125
9 0.46796875 0.2109375 0.035546875 0.106640625
9 0.371875 0.20390625 0.087890625 0.0701171875
9 0.39453125 0.409375 0.051953125 0.046484375
9 0.696875 0.7234375 0.02578125 0.097265625
9 0.82421875 0.5484375 0.0390625 0.090234375
9 0.21015625 0.28671875 0.0611328125 0.0544921875
9 0.27578125 0.26328125 0.0671875 0.040625
9 0.2984375 0.4625 0.068359375 0.028515625
9 0.26640625 0.64609375 0.0357421875 0.1
9 0.1046875 0.696875 0.1154296875 0.05625
9 0.56796875 0.38828125 0.0419921875 0.0201171875
9 0.5328125 0.18984375 0.033984375 0.080078125
9 0.55234375 0.32109375 0.0515625 0.06875