13 1 0.047372628124999996 0.93080761875 0.041269259375 0.91397905 0.023682128125 0.7490591109375 0.00979750625 0.5583353328125 0.0088718078125 0.418097259375 0.0005410874999999999 0.202691615625 0.0088718078125 0 0.027115506249999997 0 0.9453125 1 0.9453125 1 0.047372628124999996
9 0.37265625 0.57109375 0.7453125 0.3169921875
9 0.33046875 0.33828125 0.26875 0.0859375
9 0.68984375 0.22578125 0.134375 0.1201171875
9 0.33203125 0.03828125 0.2453125 0.0765625
7 0.71484375 0.546875 0.475 0.1560546875
6 0.071875 0.284375 0.1033203125 0.2123046875
1 0.2234375 0.2828125 0.153515625 0.140625
1 0.96328125 0.65546875 0.0734375 0.1607421875
1 0.7046875 0.36875 0.1220703125 0.1091796875
1 0.88984375 0.0734375 0.141796875 0.097265625
1 0.1859375 0.115625 0.1470703125 0.075
7 0.5265625 0.09921875 0.1060546875 0.18125