13 0 0 0.001239509375 0.9072100140625 0.23175915156250002 0.9280370265625001 0.43293989374999997 0.9358470765625 0.5639169625 0.9280370265625001 0.7420457734375 0.9271691859375 0.8960747734375 0.9141523515625 0.911792021875 0.897664415625 1 0.889854234375 0.9987609859375001 0 0 0
9 0.36953125 0.584375 0.7390625 0.296875
9 0.3515625 0.36640625 0.25078125 0.08046875
9 0.68671875 0.26015625 0.125 0.11171875
9 0.353125 0.07734375 0.228125 0.0890625
7 0.71015625 0.56171875 0.44375 0.14609375
6 0.109375 0.315625 0.096875 0.1984375
1 0.25078125 0.3140625 0.14453125 0.13203125
1 0.9546875 0.6640625 0.08984375 0.1515625
1 0.70078125 0.39453125 0.1140625 0.10234375
1 0.87421875 0.11796875 0.1328125 0.09140625
1 0.21640625 0.15703125 0.13828125 0.0703125
7 0.534375 0.1421875 0.0984375 0.1703125