15 0.095206759375 0.2659139765625 0.036201696875 0.3978179328125 0.011905425 0.55401994375 0.0257889140625 0.6624935609375 0.06657200625000001 0.7345200015625 0.13338665624999999 0.7952652953125 0.26614831250000004 0.8620850156250001 0.39283580156250003 0.9098134078125 0.555099990625 0.9462605156249999 0.7173643109375 0.9271691859375 0.7789725703125 0.91068125 0.9256177171875001 0.7458014171875 0.9698716468749999 0.5791858359375001 0.9854908203124999 0.452488596875 0.9577235765625 0.39000782031250003 0.911734359375 0.2719885390625 0.8553322265625001 0.1956230859375 0.8050042609375 0.15570480625 0.726041540625 0.115786496875 0.6687717656250001 0.08888511875 0.593279884375 0.07413263437499999 0.5403487250000001 0.066322553125 0.4648437109375 0.0525173625 0.325153375 0.06458696875 0.25052926875 0.09843075 0.1811114234375 0.17132506875 0.095206759375 0.2659139765625
8 0.54375 0.8484375 0.0453125 0.05625
8 0.16953125 0.27890625 0.05078125 0.0609375
8 0.58984375 0.79375 0.04140625 0.05546875
8 0.37265625 0.66953125 0.0390625 0.0359375
8 0.32578125 0.75 0.04609375 0.053125
8 0.08984375 0.5375 0.04296875 0.05078125
1 0.4765625 0.1734375 0.071875 0.1
1 0.66484375 0.80390625 0.09375 0.08125
1 0.36796875 0.6078125 0.125 0.0859375
1 0.1609375 0.57109375 0.1046875 0.0953125
1 0.06484375 0.45234375 0.04609375 0.07265625
1 0.07890625 0.6171875 0.07109375 0.05078125
1 0.5296875 0.79375 0.05625 0.04609375
1 0.7828125 0.7109375 0.1015625 0.0921875
1 0.7625 0.5625 0.140625 0.10625
1 0.93046875 0.503125 0.059375 0.04140625
1 0.8484375 0.49296875 0.071875 0.12734375
1 0.77109375 0.4796875 0.084375 0.04296875
1 0.4640625 0.3671875 0.04765625 0.0703125
1 0.253125 0.34296875 0.08203125 0.03828125
1 0.6859375 0.15 0.05078125 0.05546875
1 0.69609375 0.26953125 0.075 0.1046875
1 0.72265625 0.38671875 0.08046875 0.0390625
1 0.81484375 0.3421875 0.05625 0.0578125
1 0.71640625 0.4328125 0.10546875 0.03984375
1 0.5828125 0.275 0.10078125 0.10390625
1 0.59375 0.4484375 0.06328125 0.04921875
1 0.56484375 0.40703125 0.090625 0.0421875
1 0.58671875 0.3546875 0.1109375 0.053125
1 0.5765625 0.10859375 0.04296875 0.03359375
1 0.34140625 0.09375 0.0546875 0.046875
1 0.2453125 0.18203125 0.06015625 0.06484375
1 0.33515625 0.4625 0.03046875 0.0265625
1 0.32421875 0.70078125 0.0375 0.04609375
1 0.396875 0.7359375 0.09375 0.04296875
1 0.5296875 0.58515625 0.05859375 0.03671875
1 0.646875 0.60390625 0.08203125 0.06875
1 0.6578125 0.74140625 0.0375 0.02890625
1 0.4875 0.6296875 0.053125 0.04609375
1 0.19296875 0.7953125 0.03515625 0.028125
1 0.146875 0.74609375 0.040625 0.0328125
1 0.17421875 0.665625 0.0671875 0.02734375
1 0.31875 0.234375 0.05234375 0.06796875
1 0.59453125 0.5109375 0.0515625 0.05234375
8 0.146875 0.42890625 0.04921875 0.05234375
13 0.24296875 0.25625 0.046875 0.05703125
13 0.2125 0.528125 0.0453125 0.0390625
13 0.05703125 0.52890625 0.02578125 0.06015625
13 0.23984375 0.71484375 0.04921875 0.0359375
13 0.75703125 0.78671875 0.0484375 0.06015625
13 0.8578125 0.37578125 0.05 0.05
13 0.7859375 0.20859375 0.04921875 0.0515625
13 0.61875 0.2046875 0.0625 0.03515625
13 0.40390625 0.18125 0.05703125 0.05234375
13 0.52734375 0.51484375 0.0578125 0.04609375
13 0.51796875 0.44609375 0.0546875 0.02265625
13 0.39921875 0.29453125 0.04375 0.03515625
13 0.4859375 0.86015625 0.0390625 0.04296875
1 0.42890625 0.871875 0.06328125 0.065625