15 0.5292490921875 0 0.373575875 0.034966670312499996 0.22411966875 0.0912729765625 0.067497621875 0.170101771875 0 0.2314679953125 0 0.7443905046875 0.0224559015625 0.7945899625 0.12379965156249999 0.906178721875 0.205693515625 0.9921738625 0.2229498203125 1 0.706416859375 1 0.7666665187499999 0.9716988796875 0.8598206953125 0.9246063109374999 0.9191937781249999 0.8775137781250001 0.9857327 0.787423659375 1 0.7508103703125 1 0.2260817265625 0.8291104984375 0.0339428578125 0.7564297859375 0.0144916515625 0.633259840625 0 0.5292490921875 0
8 0.5515625 0.89296875 0.0533203125 0.0669921875
8 0.11015625 0.22109375 0.0607421875 0.071875
8 0.60546875 0.828125 0.0484375 0.065625
8 0.34921875 0.68125 0.0455078125 0.043359375
8 0.29453125 0.7765625 0.054296875 0.062890625
8 0.02109375 0.525 0.041796875 0.059765625
1 0.47265625 0.096875 0.0857421875 0.11875
1 0.69453125 0.83984375 0.1107421875 0.0955078125
1 0.34375 0.609375 0.1470703125 0.100390625
1 0.10078125 0.565625 0.1234375 0.1125
1 0.00546875 0.42421875 0.0109375 0.0859375
1 0.021875 0.61953125 0.04375 0.0607421875
1 0.53515625 0.82734375 0.066796875 0.054296875
1 0.83359375 0.73046875 0.1201171875 0.1080078125
1 0.81015625 0.55546875 0.1669921875 0.1263671875
1 0.9859375 0.48515625 0.0279296875 0.0484375
1 0.9109375 0.47265625 0.0845703125 0.1513671875
1 0.8203125 0.4578125 0.1 0.050390625
1 0.45703125 0.325 0.05625 0.081640625
1 0.20859375 0.29609375 0.0955078125 0.0453125
1 0.71953125 0.06796875 0.059375 0.065625
1 0.73125 0.21015625 0.087890625 0.1234375
1 0.7625 0.34765625 0.094140625 0.045703125
1 0.871875 0.29609375 0.0658203125 0.0673828125
1 0.75546875 0.40234375 0.123828125 0.046875
1 0.59765625 0.21640625 0.11875 0.1232421875
1 0.6109375 0.42109375 0.075 0.058203125
1 0.5765625 0.37109375 0.1064453125 0.0486328125
1 0.60234375 0.31015625 0.13125 0.0638671875
1 0.590625 0.0203125 0.0501953125 0.0404296875
1 0.3109375 0.01484375 0.0654296875 0.0296875
1 0.2 0.10703125 0.071484375 0.0765625
1 0.30546875 0.4375 0.0361328125 0.03125
1 0.2921875 0.71875 0.0439453125 0.055859375
1 0.378125 0.759375 0.11171875 0.050390625
1 0.534375 0.58203125 0.06875 0.04375
1 0.6734375 0.60390625 0.096875 0.0798828125
1 0.68671875 0.765625 0.04375 0.034375
1 0.48515625 0.634375 0.0638671875 0.0533203125
1 0.1375 0.8296875 0.043359375 0.033984375
1 0.0828125 0.771875 0.04765625 0.03828125
1 0.115625 0.67734375 0.078515625 0.032421875
1 0.2859375 0.16875 0.0623046875 0.080859375
1 0.61171875 0.49453125 0.0609375 0.0611328125
8 0.0828125 0.39765625 0.058984375 0.0611328125
13 0.19609375 0.19375 0.0548828125 0.068359375
13 0.1609375 0.51484375 0.0533203125 0.046875
13 0.19296875 0.734375 0.0580078125 0.0435546875
13 0.803125 0.81953125 0.0564453125 0.0705078125
13 0.921875 0.33515625 0.059375 0.059375
13 0.8375 0.13828125 0.0591796875 0.0609375
13 0.63984375 0.1328125 0.0734375 0.0408203125
13 0.38671875 0.10546875 0.0671875 0.0611328125
13 0.5328125 0.4984375 0.0685546875 0.053515625
13 0.52109375 0.41796875 0.0640625 0.0265625
13 0.38125 0.2390625 0.050390625 0.0408203125
13 0.48359375 0.90703125 0.045703125 0.051171875
1 0.415625 0.9203125 0.075 0.0779296875