15 1 0.27936754375 0.9780763765625 0.240648540625 0.903708765625 0.173036390625 0.7559392703125 0.09866313593750001 0.6149305875 0.0455393578125 0.5454831734375001 0.02994036875 0.23982090625 0.02994036875 0.18514357343750001 0.0445734125 0.02192115 0.22809183593750001 0 0.310624734375 0 0.6595557640624999 0.0373739296875 0.7554661687500001 0.10015195625 0.8404642390625 0.1561691703125 0.8848950203125 0.24405811093750002 0.929325834375 0.3078018609375 0.9592682359375001 0.39182760625 0.9756883937499999 0.45074228906249997 0.984381353125 0.5347826515625 0.99974713125 0.6902640703125 0.9863131359375 0.77332394375 0.9486435343749999 0.8505890234375 0.8675089890625 0.94620465 0.762227421875 1 0.6419696125 1 0.27936754375
8 0.553125 0.91640625 0.0501953125 0.0625
8 0.13671875 0.28203125 0.0576171875 0.0673828125
8 0.60390625 0.85546875 0.0455078125 0.0611328125
8 0.3625 0.7171875 0.04375 0.040234375
8 0.31015625 0.80703125 0.0513671875 0.059375
8 0.04765625 0.5703125 0.0484375 0.05625
1 0.478125 0.16484375 0.0810546875 0.1111328125
1 0.68828125 0.86640625 0.1044921875 0.090625
1 0.35703125 0.6484375 0.1390625 0.0966796875
1 0.12734375 0.60703125 0.1169921875 0.10625
1 0.021875 0.475 0.04375 0.0810546875
1 0.03671875 0.6578125 0.0734375 0.05625
1 0.5375 0.8546875 0.0625 0.0501953125
1 0.81875 0.76328125 0.1126953125 0.1017578125
1 0.796875 0.5984375 0.1564453125 0.1185546875
1 0.975 0.53125 0.05 0.04453125
1 0.8921875 0.5203125 0.080859375 0.14140625
1 0.80625 0.50625 0.09375 0.04921875
1 0.4640625 0.38046875 0.053125 0.078125
1 0.2296875 0.353125 0.090625 0.0435546875
1 0.71171875 0.13828125 0.05625 0.0611328125
1 0.72265625 0.271875 0.0830078125 0.1158203125
1 0.7515625 0.40234375 0.08984375 0.042578125
1 0.8546875 0.353125 0.0625 0.062890625
1 0.7453125 0.453125 0.11640625 0.044140625
1 0.596875 0.278125 0.1123046875 0.115625
1 0.60859375 0.47109375 0.0703125 0.055078125
1 0.5765625 0.42421875 0.1001953125 0.046875
1 0.60078125 0.36640625 0.1234375 0.059375
1 0.58984375 0.09296875 0.0482421875 0.0375
1 0.328125 0.0765625 0.062109375 0.0529296875
1 0.22109375 0.175 0.0671875 0.072265625
1 0.3203125 0.48671875 0.034375 0.0296875
1 0.30859375 0.75234375 0.0421875 0.0515625
1 0.3890625 0.790625 0.103515625 0.0470703125
1 0.53671875 0.62265625 0.0642578125 0.0419921875
1 0.66796875 0.64375 0.0919921875 0.075390625
1 0.68046875 0.796875 0.041796875 0.03203125
1 0.490625 0.67265625 0.059375 0.0513671875
1 0.1625 0.85703125 0.0404296875 0.03125
1 0.1109375 0.80234375 0.046484375 0.0361328125
1 0.1421875 0.71328125 0.075 0.0296875
1 0.30234375 0.2328125 0.0580078125 0.075
1 0.609375 0.540625 0.0564453125 0.056640625
8 0.1109375 0.4484375 0.05390625 0.058984375
13 0.21796875 0.25703125 0.0517578125 0.0638671875
13 0.184375 0.559375 0.050390625 0.04375
13 0.01171875 0.56015625 0.0234375 0.0671875
13 0.21484375 0.7671875 0.0548828125 0.040625
13 0.790625 0.846875 0.0533203125 0.068359375
13 0.90234375 0.390625 0.05625 0.05625
13 0.82265625 0.20390625 0.055078125 0.057421875
13 0.6359375 0.19921875 0.0689453125 0.0390625
13 0.396875 0.1734375 0.06328125 0.058984375
13 0.53515625 0.54453125 0.0640625 0.0515625
13 0.52421875 0.46875 0.0609375 0.025
13 0.3921875 0.29921875 0.04765625 0.0390625
13 0.48828125 0.9296875 0.04375 0.047265625
1 0.425 0.9421875 0.069140625 0.0720703125