15 0.0061701390625 0 0 0.0066531671875000005 0 0.0178832171875 0.1003279296875 0.1848051046875 0 0.05902214375 0 0.9601765656250001 0.027231559375 0.9803821625 0.050771178125000004 1 0.8367248265624999 1 0.9205265656250001 0.9585465234375 1 0.8873998328124999 1 0.13626121093750002 0.9186278421875 0.0367025453125 0.8657801734374999 0 0.7032873656249999 0 0.6879469703125001 0.03100623125 0.6670623140624999 0.00917055625 0.6697050640625 0 0.0061701390625 0
13 0.746875 0.11015625 0.121875 0.1171875
13 0.840625 0.24375 0.166015625 0.13046875
13 0.8984375 0.46875 0.184765625 0.178515625
13 0.8171875 0.728125 0.146875 0.1591796875
13 0.0375 0.321875 0.075 0.150390625
13 0.0140625 0.615625 0.028125 0.131640625
13 0.4625 0.2375 0.09375 0.146875
13 0.5296875 0.5125 0.109375 0.037890625
13 0.16171875 0.79375 0.05625 0.1154296875
13 0.18203125 0.53203125 0.0546875 0.071875
13 0.26796875 0.3421875 0.1548828125 0.0470703125
6 0.59375 0.8328125 0.1283203125 0.3248046875
6 0.0953125 0.4984375 0.122265625 0.459765625
6 0.35546875 0.18203125 0.1640625 0.1828125
6 0.65078125 0.23125 0.1173828125 0.2658203125
6 0.82109375 0.42578125 0.0984375 0.2013671875
6 0.46015625 0.62578125 0.121875 0.159375
6 0.30859375 0.76171875 0.240625 0.1203125
6 0.3015625 0.63515625 0.103515625 0.1169921875
6 0.565625 0.43046875 0.1091796875 0.0375
6 0.55 0.29140625 0.037109375 0.0767578125
6 0.709375 0.42890625 0.121875 0.1546875
6 0.5171875 0.06171875 0.175 0.1234375
13 0.5328125 0.03984375 0.1001953125 0.0794921875
6 0.1390625 0.1296875 0.1216796875 0.159375
6 0.11171875 0.484375 0.095703125 0.4375
1 0.41328125 0.4828125 0.119921875 0.11640625
1 0.81484375 0.61875 0.2 0.078125
1 0.20625 0.61796875 0.049609375 0.0888671875
1 0.0203125 0.50234375 0.040625 0.107421875
6 0.0640625 0.5109375 0.0533203125 0.1220703125
1 0.2578125 0.5109375 0.062890625 0.08515625
1 0.58828125 0.59375 0.0732421875 0.0939453125
12 0.67734375 0.63203125 0.136328125 0.260546875
12 0.53203125 0.37890625 0.184375 0.0736328125
12 0.32421875 0.52578125 0.0513671875 0.2392578125
12 0.17421875 0.45625 0.082421875 0.08125
12 0.39375 0.215625 0.0935546875 0.062890625
12 0.1515625 0.16796875 0.1095703125 0.2201171875
12 0.48203125 0.10546875 0.1267578125 0.1201171875
12 0.734375 0.26640625 0.062109375 0.1607421875
12 0.2390625 0.9546875 0.183984375 0.05234375
12 0.39453125 0.82734375 0.15 0.2109375
12 0.49453125 0.82734375 0.08125 0.0734375