15 0.2227621578125 0 0.17764045312500001 0.013387407812499998 0.1550797328125 0.0116518578125 0.1030163484375 0.0550413046875 0.049217542187500005 0.0949595828125 0 0.1600437515625 0.00236041875 0.9072100140625 0.0223180765625 0.9271691859375 0.050085187499999996 0.9323759718750001 0.1698309984375 0.782248459375 0.074381459375 0.9410538609374999 0.1290480390625 1 0.7043484656250001 1 0.687861646875 0.9427894140624999 0.7069515281250001 0.9228302421875 0.745131421875 1 0.8240941421875 0.982707625 0.9178082609375 0.9176234546875 0.999374178125 0.8178277265625 1 0.14702691875 0.9195438140625001 0.07500044375 0.8388455406249999 0.035082131249999995 0.7494700390625 0.0081806875 0.6522850796874999 0 0.2227621578125 0
13 0.7609375 0.13828125 0.1109375 0.10703125
13 0.846875 0.26015625 0.15234375 0.11875
13 0.89921875 0.465625 0.16875 0.16328125
13 0.825 0.703125 0.134375 0.14453125
13 0.084375 0.3328125 0.128125 0.1390625
13 0.05234375 0.60078125 0.10390625 0.11953125
13 0.50078125 0.25390625 0.08515625 0.134375
13 0.5625 0.50546875 0.1 0.03515625
13 0.22578125 0.7625 0.0515625 0.10546875
13 0.24453125 0.5234375 0.05 0.065625
13 0.3234375 0.35 0.1421875 0.04375
6 0.62109375 0.7984375 0.11796875 0.29609375
6 0.16484375 0.4921875 0.11171875 0.4203125
6 0.403125 0.203125 0.15 0.1671875
6 0.67265625 0.2484375 0.1078125 0.24375
6 0.82890625 0.4265625 0.08984375 0.18359375
6 0.4984375 0.609375 0.1109375 0.14609375
6 0.36015625 0.73359375 0.2203125 0.11015625
6 0.35390625 0.61796875 0.09609375 0.10625
6 0.5953125 0.43046875 0.09921875 0.034375
6 0.58125 0.30390625 0.0328125 0.0703125
6 0.7265625 0.4296875 0.11171875 0.14140625
6 0.5515625 0.07734375 0.1609375 0.15
13 0.5671875 0.065625 0.0921875 0.0875
6 0.20546875 0.15546875 0.1109375 0.1453125
6 0.1796875 0.4796875 0.08828125 0.4
1 0.45625 0.478125 0.10859375 0.10703125
1 0.82265625 0.603125 0.1828125 0.07109375
1 0.26640625 0.60234375 0.04453125 0.08125
1 0.0578125 0.496875 0.115625 0.096875
6 0.13671875 0.50390625 0.04921875 0.1125
1 0.31328125 0.50390625 0.0578125 0.07890625
1 0.61640625 0.5796875 0.06640625 0.08671875
12 0.69765625 0.61484375 0.125 0.23828125
12 0.5640625 0.38359375 0.16875 0.06796875
12 0.37421875 0.51796875 0.04609375 0.21953125
12 0.2375 0.4546875 0.075 0.07421875
12 0.43828125 0.23359375 0.08515625 0.05859375
12 0.2171875 0.190625 0.10078125 0.20078125
12 0.51875 0.1328125 0.11640625 0.109375
12 0.74921875 0.28125 0.05546875 0.14609375
12 0.296875 0.909375 0.16796875 0.04765625
12 0.4390625 0.79375 0.1375 0.19296875
12 0.53046875 0.79375 0.07421875 0.0671875