15 0.158159728125 0 0.104864246875 0.016041592187500002 0.009662596875 0.0631341640625 0 0.0717843703125 0 1 0.9557290093749999 1 0.8941164265625 0.8974912703125 0.9758801937499999 1 1 1 1 0.059666762500000005 0.9729392390625 0.039587898437500005 0.9254373656249999 0 0.158159728125 0
13 0.803125 0.1375 0.13125 0.1251953125
13 0.90390625 0.28125 0.1796875 0.140234375
13 0.9328125 0.52265625 0.1341796875 0.19375
13 0.87890625 0.80390625 0.158203125 0.170703125
13 0.0390625 0.36484375 0.078125 0.1638671875
13 0.0140625 0.68203125 0.0279296875 0.1423828125
13 0.496875 0.27421875 0.1001953125 0.1580078125
13 0.56875 0.57109375 0.1185546875 0.0419921875
13 0.171875 0.87421875 0.0595703125 0.1236328125
13 0.19375 0.5921875 0.059375 0.0779296875
13 0.28671875 0.3875 0.1673828125 0.050390625
6 0.6359375 0.86953125 0.1376953125 0.2607421875
6 0.1 0.55546875 0.1314453125 0.4955078125
6 0.38046875 0.2140625 0.176953125 0.196875
6 0.69921875 0.2671875 0.1267578125 0.2875
6 0.8828125 0.478125 0.1060546875 0.218359375
6 0.49375 0.69375 0.13125 0.171875
6 0.33046875 0.83984375 0.259375 0.1296875
6 0.3234375 0.703125 0.112890625 0.125390625
6 0.6078125 0.4828125 0.11640625 0.040234375
6 0.590625 0.3328125 0.0376953125 0.083984375
6 0.7625 0.48125 0.13125 0.168359375
6 0.55546875 0.07578125 0.1890625 0.1515625
13 0.575 0.05234375 0.1091796875 0.103125
6 0.14765625 0.15859375 0.1298828125 0.171875
6 0.11796875 0.540625 0.1044921875 0.471875
1 0.44375 0.5390625 0.128125 0.12734375
1 0.87578125 0.6859375 0.215625 0.084375
1 0.2203125 0.68515625 0.052734375 0.0953125
1 0.02109375 0.56015625 0.0419921875 0.1142578125
6 0.06640625 0.56953125 0.0578125 0.1326171875
1 0.27578125 0.56953125 0.0673828125 0.0923828125
1 0.63203125 0.65859375 0.078125 0.101953125
12 0.728125 0.7 0.1470703125 0.2810546875
12 0.57109375 0.42734375 0.1986328125 0.0798828125
12 0.346875 0.5859375 0.055859375 0.2591796875
12 0.1859375 0.5109375 0.0876953125 0.0875
12 0.421875 0.25078125 0.1 0.0701171875
12 0.16171875 0.2 0.1201171875 0.2373046875
12 0.5171875 0.13203125 0.1375 0.1294921875
12 0.78984375 0.30625 0.065625 0.172265625
12 0.421875 0.89765625 0.16171875 0.2046875
12 0.53125 0.9109375 0.0875 0.078515625