15 1 0.2164500328125 0.9716071968750001 0.2016976796875 0.9238824296875 0.1721927765625 0.9186760375 0.1409524546875 0.8778929468750001 0.11838989062500001 0.7893852203125 0.066322553125 0.6453432703125 0.029875412499999997 0.5412165 0.025536467187500002 0.44576696250000003 0.0125196328125 0.41276037656250003 0.013454864062499999 0.329491990625 0.0411567265625 0.299989459375 0.043760021875 0.27742860468749997 0.0697936890625 0.16896322187499999 0.14529140000000001 0.10041315312500002 0.1721927765625 0.068307425 0.2103755703125 0 0.2624428734375 0.0049636140625 0.7761740296874999 0.0969423125 0.8473326312499999 0.2097463125 0.91068125 0.270486928125 0.9558062484375001 0.3737459203125 0.9705586328125 0.5047721578125001 0.9740297359375001 0.72083515 0.9245657921875001 0.8310359546875 0.888986525 0.9368982750000001 0.8395224515624999 1 0.7865874046875 1 0.2164500328125
0 0.60625 0.15390625 0.13046875 0.08984375
0 0.2234375 0.39609375 0.19453125 0.09296875
0 0.57890625 0.6453125 0.1625 0.23125
0 0.696875 0.38359375 0.190625 0.15859375
0 0.4828125 0.2859375 0.1296875 0.11484375
0 0.25859375 0.228125 0.12109375 0.08984375
2 0.6171875 0.4671875 0.24453125 0.12265625
2 0.40234375 0.4078125 0.121875 0.103125
2 0.13984375 0.4953125 0.196875 0.1
2 0.7953125 0.60234375 0.10546875 0.09296875
2 0.4859375 0.67890625 0.1078125 0.0984375
2 0.2546875 0.29296875 0.05625 0.07265625
2 0.6671875 0.2671875 0.1046875 0.0734375
2 0.8234375 0.3171875 0.07421875 0.078125
2 0.68125 0.18203125 0.065625 0.0453125
2 0.184375 0.24140625 0.03828125 0.05625
2 0.85234375 0.38984375 0.14921875 0.0625
2 0.31640625 0.6734375 0.1421875 0.05234375
2 0.4875 0.3578125 0.0640625 0.05390625
2 0.375 0.25546875 0.18046875 0.05859375
2 0.6921875 0.6703125 0.0625 0.09296875
2 0.3015625 0.55625 0.06953125 0.0609375
2 0.25625 0.4625 0.040625 0.0390625
2 0.465625 0.16875 0.128125 0.040625