15 1 0.1787295859375 0.9513838343750001 0.13794624687499998 0.8429808187500001 0.0872950359375 0.73013519375 0.050861865625 0.508886690625 0.0002107875 0.374715821875 0.003765196875 0.2689786140625 0.0188716390625 0.20678022343750002 0.0650796375 0.09126892812500001 0.1299486234375 0 0.20055811562499998 0 0.73497373125 0.0619468046875 0.782192653125 0.09482306874999999 0.8212918328125 0.165018340625 0.84883884375 0.27608689218750004 0.9261485 0.29918920625 0.952806975 0.3293997984375 0.95547275 0.3974896734375 0.978125 0.49739063437500003 0.978125 0.5462056953125 0.9714678953125 0.6528315078125 0.9670248156250001 0.800330465625 0.9297029437500001 0.890962378125 0.8763859890625 0.9327242625000001 0.8532819234375 0.9380556078125 0.8212918328125 0.9869257703125 0.7910788140625 1 0.7842856953124999 1 0.1787295859375
0 0.6125 0.13984375 0.133984375 0.0921875
0 0.22109375 0.38828125 0.1986328125 0.0953125
0 0.584375 0.64296875 0.1658203125 0.2361328125
0 0.70546875 0.375 0.1953125 0.1625
0 0.4859375 0.27421875 0.1314453125 0.1173828125
0 0.25703125 0.215625 0.1236328125 0.093359375
2 0.62421875 0.4609375 0.2513671875 0.1251953125
2 0.40390625 0.4 0.125 0.1060546875
2 0.13515625 0.4890625 0.2015625 0.102734375
2 0.80625 0.5984375 0.1091796875 0.0939453125
2 0.48984375 0.67734375 0.1109375 0.1013671875
2 0.25234375 0.28203125 0.0578125 0.0736328125
2 0.675 0.25546875 0.1064453125 0.0763671875
2 0.83515625 0.30703125 0.0765625 0.0796875
2 0.68984375 0.16796875 0.0671875 0.0455078125
2 0.18125 0.22890625 0.03828125 0.0578125
2 0.86484375 0.38125 0.1517578125 0.062890625
2 0.31640625 0.671875 0.1453125 0.053515625
2 0.490625 0.3484375 0.065625 0.053515625
2 0.37578125 0.24375 0.184375 0.0595703125
2 0.70078125 0.66796875 0.063671875 0.0953125
2 0.30078125 0.5515625 0.0705078125 0.0625
2 0.25390625 0.45546875 0.041796875 0.039453125
2 0.46875 0.1546875 0.13125 0.0408203125