15 0.174402184375 0 0.0936334609375 0.0260768703125 0 0.0698270203125 0 0.8725531999999999 0.0407903328125 0.8951197703125 0.14060521406249998 0.9538388828125001 0.303049 0.9949422671875 0.42047830781249995 0.9998355265625 0.42168435625 1 0.6058060125 1 0.6592513234374999 0.9822197265625 0.6925229015625 0.979283853125 0.717965978125 0.949924296875 0.840288171875 0.8647815046874999 0.9175957406249999 0.8344433875 0.9538030796875001 0.7913826171875 1 0.7561690359375 1 0.1337753671875 0.9215099906249999 0.0730521875 0.7942949078125 0.0016105734375 0.792126990625 0 0.174402184375 0
0 0.65234375 0.1453125 0.148046875 0.10234375
0 0.22109375 0.41875 0.219921875 0.10546875
0 0.621875 0.69921875 0.1841796875 0.2609375
0 0.7546875 0.40390625 0.2154296875 0.1794921875
0 0.51328125 0.29375 0.145703125 0.13046875
0 0.2609375 0.228125 0.1373046875 0.100390625
2 0.665625 0.4984375 0.275390625 0.137890625
2 0.42265625 0.43125 0.1375 0.1158203125
2 0.12734375 0.5296875 0.221875 0.1125
2 0.86640625 0.65078125 0.1201171875 0.1046875
2 0.51796875 0.7375 0.121875 0.112109375
2 0.25625 0.3015625 0.062890625 0.0814453125
2 0.72109375 0.27265625 0.117578125 0.0828125
2 0.89765625 0.32890625 0.084375 0.088671875
2 0.7375 0.1765625 0.0748046875 0.0501953125
2 0.17734375 0.24375 0.042578125 0.062890625
2 0.92265625 0.409375 0.1544921875 0.069140625
2 0.3265625 0.73125 0.1595703125 0.059375
2 0.51875 0.375 0.071875 0.0595703125
2 0.3921875 0.259375 0.203125 0.0658203125
2 0.74921875 0.72734375 0.0703125 0.1046875
2 0.309375 0.5984375 0.0783203125 0.06875
2 0.2578125 0.49296875 0.04609375 0.044921875
2 0.49453125 0.16171875 0.1451171875 0.0453125