15 1 0.18000295625 0.971896034375 0.1409524546875 0.733476625 0.107108640625 0.3636357515625 0.122728834375 0.1554549734375 0.17739953125000002 0.083347675 0.18607742031250002 0 0.2563683109375 0 1 1 1 1 0.18000295625
13 0.35078125 0.6140625 0.084375 0.0921875
13 0.15859375 0.6125 0.1671875 0.07734375
13 0.403125 0.43203125 0.11953125 0.07421875
13 0.384375 0.53828125 0.09921875 0.0703125
13 0.11796875 0.428125 0.1140625 0.078125
13 0.1671875 0.246875 0.12109375 0.0625
13 0.50625 0.33203125 0.12890625 0.05234375
13 0.59609375 0.27578125 0.0765625 0.0609375
13 0.61875 0.20078125 0.09609375 0.06015625
13 0.18984375 0.503125 0.0578125 0.07109375
13 0.25859375 0.30625 0.09453125 0.0515625
13 0.25625 0.18359375 0.0828125 0.0328125
1 0.2125 0.41171875 0.0578125 0.07265625
1 0.2875 0.46640625 0.07265625 0.0859375
1 0.27890625 0.56328125 0.07109375 0.0703125
1 0.09453125 0.675 0.05546875 0.0484375
1 0.0828125 0.5296875 0.134375 0.08359375
1 0.34453125 0.371875 0.059375 0.04296875
1 0.3390625 0.2890625 0.07265625 0.05625
1 0.51484375 0.2109375 0.059375 0.0328125
13 0.4203125 0.21015625 0.0828125 0.05390625
13 0.4140625 0.29140625 0.05859375 0.05390625
1 0.33984375 0.2359375 0.05625 0.04765625
1 0.5125 0.2734375 0.06328125 0.0484375
1 0.32109375 0.69765625 0.0796875 0.0375
1 0.084375 0.33828125 0.03125 0.05625