15 0 0 0 0.9677095 0.2283124640625 1 0.30747131250000004 1 0.666937925 0.9848735328125 0.9036196421874999 0.9229456640624999 0.9855987734375 0.9131158421875 1 0.9010150890625 1 0 0 0
13 0.31875 0.571875 0.0966796875 0.105859375
13 0.1 0.5703125 0.1904296875 0.0875
13 0.378125 0.365625 0.1345703125 0.0841796875
13 0.35625 0.4859375 0.1126953125 0.078515625
13 0.0578125 0.36015625 0.115625 0.0890625
13 0.109375 0.15546875 0.1375 0.070703125
13 0.4953125 0.25234375 0.146875 0.059375
13 0.59765625 0.18828125 0.0875 0.0701171875
13 0.62265625 0.103125 0.109375 0.068359375
13 0.1359375 0.44609375 0.065625 0.08125
13 0.2140625 0.2234375 0.108984375 0.0591796875
13 0.2109375 0.084375 0.09375 0.0375
1 0.1609375 0.34296875 0.0658203125 0.0828125
1 0.246875 0.40390625 0.08203125 0.098046875
1 0.23671875 0.5140625 0.08125 0.07890625
1 0.028125 0.6390625 0.05625 0.053125
1 0.04453125 0.47421875 0.0890625 0.0953125
1 0.31171875 0.296875 0.067578125 0.049609375
1 0.30546875 0.20390625 0.0826171875 0.0638671875
1 0.5046875 0.11484375 0.066015625 0.0375
13 0.396875 0.1140625 0.09375 0.059765625
13 0.390625 0.20625 0.0658203125 0.062109375
1 0.30625 0.14375 0.062890625 0.0533203125
1 0.50234375 0.1859375 0.071875 0.053515625
1 0.28515625 0.66640625 0.090625 0.0423828125
1 0.01640625 0.25859375 0.0328125 0.061328125