15 1 0.014433440624999998 0 0.014433440624999998 0 0.9688203734374999 0.21747653749999998 0.999629059375 0.6281719265625 0.98231836875 0.8593494187499999 0.9217309296874999 0.9394220578124999 0.912113875 1 0.861128790625 1 0.014433440624999998
13 0.3578125 0.5765625 0.09375 0.1029296875
13 0.14453125 0.575 0.185546875 0.08671875
13 0.41640625 0.375 0.1326171875 0.0814453125
13 0.39453125 0.4921875 0.1107421875 0.078125
13 0.09921875 0.3703125 0.1265625 0.084765625
13 0.15390625 0.16953125 0.134375 0.069921875
13 0.5296875 0.2640625 0.14375 0.058984375
13 0.63046875 0.2015625 0.0857421875 0.0685546875
13 0.6546875 0.11796875 0.10625 0.0669921875
13 0.17890625 0.453125 0.0640625 0.078515625
13 0.25546875 0.2359375 0.1048828125 0.0564453125
13 0.25234375 0.09921875 0.0919921875 0.0361328125
1 0.20390625 0.35234375 0.0642578125 0.0798828125
1 0.2875 0.4125 0.0810546875 0.094140625
1 0.27734375 0.5203125 0.079296875 0.077734375
1 0.07265625 0.64453125 0.0611328125 0.053125
1 0.0671875 0.48125 0.133984375 0.093359375
1 0.35078125 0.3078125 0.0669921875 0.0470703125
1 0.34453125 0.21640625 0.0798828125 0.0625
1 0.5390625 0.1296875 0.065625 0.0373046875
13 0.434375 0.12890625 0.093359375 0.059375
13 0.428125 0.21875 0.0654296875 0.0595703125
1 0.3453125 0.1578125 0.0625 0.052734375
1 0.5375 0.19921875 0.06953125 0.053125
1 0.325 0.66875 0.087890625 0.043359375
1 0.06171875 0.27109375 0.034375 0.0625