15 0.607653265625 0.39709299374999996 0.5500872453125 0.38808675312499996 0.4491774421875 0.3889874328125 0.3543628234375 0.4060992375 0.2798656234375 0.45113044531249996 0.21891336875 0.47995039375 0.180987478125 0.54299401875 0.169474190625 0.634857796875 0.1850510046875 0.7132121421875001 0.24871220625 0.7798583453125 0.302214803125 0.8311938968750001 0.43834144375 0.8888338593749999 0.51651948125 0.9171875 0.5336510265625 0.9171875 0.59952631875 0.910448853125 0.67470080625 0.8699207640625 0.7383620093750001 0.8483057703125001 0.804054975 0.7852620781249999 0.8358855765625 0.7240196046875 0.855525809375 0.6438640375 0.8236952078125 0.579919734375 0.7830603703125 0.5159752921874999 0.71533564375 0.4439254234375 0.607653265625 0.39709299374999996
13 0.23203125 0.61953125 0.0375 0.034375
13 0.25703125 0.68046875 0.04375 0.0390625
13 0.2734375 0.7234375 0.040234375 0.0283203125
13 0.3609375 0.78359375 0.0751953125 0.0861328125
13 0.4 0.6078125 0.024609375 0.033984375
13 0.4375 0.584375 0.04296875 0.033984375
13 0.4515625 0.62265625 0.0373046875 0.0232421875
13 0.41953125 0.65078125 0.04375 0.040625
13 0.34375 0.665625 0.09375 0.1060546875
13 0.25078125 0.571875 0.034375 0.040625
13 0.3328125 0.58046875 0.077734375 0.0296875
13 0.3640625 0.54296875 0.071875 0.040625
13 0.29140625 0.51875 0.034375 0.025390625
13 0.3203125 0.48515625 0.033984375 0.033203125
13 0.35234375 0.4625 0.0267578125 0.01875
13 0.36953125 0.49375 0.0328125 0.028125
13 0.4203125 0.515625 0.030859375 0.033984375
13 0.4046875 0.45390625 0.037109375 0.055078125
13 0.465625 0.41875 0.0314453125 0.025
13 0.45859375 0.4515625 0.0359375 0.022265625
13 0.46796875 0.5015625 0.03125 0.030859375
13 0.3984375 0.74765625 0.0498046875 0.0359375
13 0.40859375 0.7078125 0.0484375 0.03125
13 0.4921875 0.7125 0.1033203125 0.0751953125
13 0.45390625 0.77890625 0.0453125 0.0388671875
13 0.43359375 0.821875 0.044921875 0.033984375
13 0.51796875 0.78046875 0.04375 0.0390625
13 0.54453125 0.83125 0.0423828125 0.0439453125
13 0.60625 0.82109375 0.05625 0.038671875
13 0.58359375 0.76953125 0.0361328125 0.0298828125
13 0.56640625 0.7 0.0625 0.06875
13 0.496875 0.653125 0.040625 0.0376953125
13 0.64296875 0.74921875 0.0517578125 0.034375
13 0.6796875 0.79765625 0.0408203125 0.0330078125
13 0.7140625 0.77421875 0.040625 0.0455078125
13 0.7671875 0.7328125 0.0404296875 0.0376953125
13 0.77890625 0.69453125 0.034375 0.025
13 0.7921875 0.65625 0.037890625 0.04375
13 0.6375 0.69296875 0.0529296875 0.0392578125
13 0.65859375 0.6609375 0.040625 0.03359375
13 0.6828125 0.6296875 0.0373046875 0.0375
13 0.72890625 0.6546875 0.0388671875 0.034375
13 0.7140625 0.69921875 0.046875 0.0517578125
13 0.72734375 0.6125 0.042578125 0.034765625
13 0.77421875 0.59921875 0.0328125 0.0421875
13 0.73515625 0.56484375 0.078125 0.032421875
13 0.621875 0.6046875 0.034375 0.028515625
13 0.540625 0.61171875 0.0376953125 0.0294921875
13 0.4875 0.53828125 0.0345703125 0.0263671875
13 0.53203125 0.5640625 0.0296875 0.0216796875
13 0.51640625 0.41640625 0.025 0.0265625
13 0.50859375 0.46171875 0.0326171875 0.0298828125
13 0.5140625 0.4984375 0.028125 0.0341796875
13 0.55546875 0.528125 0.0265625 0.028125
13 0.559375 0.46640625 0.030859375 0.029296875
13 0.57890625 0.434375 0.0580078125 0.0470703125
13 0.63203125 0.4609375 0.0203125 0.031640625
13 0.6765625 0.4859375 0.025 0.0314453125
13 0.715625 0.50703125 0.0279296875 0.0296875
13 0.6375 0.51640625 0.025 0.0294921875
13 0.5671875 0.50703125 0.025 0.028125
13 0.59296875 0.49453125 0.025 0.0326171875
13 0.61015625 0.5359375 0.0298828125 0.028125
13 0.60390625 0.56875 0.0330078125 0.0345703125
13 0.646875 0.56796875 0.0375 0.030078125
13 0.6796875 0.53046875 0.03125 0.0326171875