15 0.16351374999999999 0.55872936875 0.14593624375 0.64711689375 0.15892830156249999 0.7507437171875 0.20172540625000002 0.82186 0.2705063921875 0.8543703078125 0.35457204062500003 0.9051677093749999 0.46156468281249996 0.9244706609375 0.5208913328125 0.925 0.5785471359375001 0.925 0.6403951984375 0.915327190625 0.761908340625 0.8624979234374999 0.8383316593749999 0.7812221593750001 0.8841856484375 0.7090897078125 0.91875 0.63967768125 0.91875 0.6314310187500001 0.89794175 0.546538025 0.862022815625 0.47745352656250006 0.787892221875 0.40633716875000003 0.7160543515625 0.3819544 0.631224425 0.3362367375 0.5418091671874999 0.3270932671875 0.44933690468750004 0.36061950625 0.2957261078125 0.42564019374999995 0.23535161875 0.48354920156250003 0.16351374999999999 0.55872936875
13 0.215625 0.5890625 0.043359375 0.040234375
13 0.24453125 0.6578125 0.048828125 0.04375
13 0.26328125 0.70625 0.0451171875 0.031640625
13 0.3609375 0.77421875 0.084765625 0.0984375
13 0.40546875 0.57578125 0.028125 0.0388671875
13 0.44765625 0.54921875 0.0482421875 0.0375
13 0.46328125 0.5921875 0.0419921875 0.0251953125
13 0.428125 0.625 0.0498046875 0.044140625
13 0.3421875 0.64140625 0.105859375 0.11875
13 0.2375 0.53515625 0.037890625 0.0453125
13 0.3296875 0.5453125 0.087109375 0.033984375
13 0.36484375 0.50234375 0.08125 0.0455078125
13 0.2828125 0.475 0.0376953125 0.030859375
13 0.315625 0.4375 0.0375 0.0376953125
13 0.3515625 0.41171875 0.03125 0.021875
13 0.37109375 0.446875 0.036328125 0.03125
13 0.42890625 0.471875 0.0330078125 0.0375
13 0.4109375 0.40234375 0.0408203125 0.0625
13 0.4796875 0.3625 0.03515625 0.028515625
13 0.47109375 0.39921875 0.040625 0.026171875
13 0.48203125 0.45625 0.0357421875 0.034375
13 0.40390625 0.73359375 0.055078125 0.040625
13 0.415625 0.68828125 0.05546875 0.035546875
13 0.51015625 0.69375 0.1171875 0.087109375
13 0.46640625 0.76953125 0.051171875 0.04375
13 0.44375 0.81796875 0.05 0.0375
13 0.53828125 0.77109375 0.05 0.0451171875
13 0.56875 0.82734375 0.049609375 0.05
13 0.63828125 0.81640625 0.063671875 0.042578125
13 0.6125 0.75859375 0.0408203125 0.034375
13 0.59296875 0.6796875 0.0705078125 0.078125
13 0.51484375 0.62734375 0.0455078125 0.0423828125
13 0.6796875 0.7359375 0.059375 0.03984375
13 0.72109375 0.790625 0.046875 0.0376953125
13 0.76015625 0.76328125 0.045703125 0.051953125
13 0.81953125 0.71640625 0.044921875 0.04375
13 0.8328125 0.6734375 0.03984375 0.028125
13 0.8484375 0.63046875 0.0435546875 0.05
13 0.6734375 0.671875 0.059375 0.044140625
13 0.696875 0.63515625 0.0466796875 0.0361328125
13 0.725 0.60078125 0.0408203125 0.0421875
13 0.7765625 0.62890625 0.0435546875 0.0390625
13 0.759375 0.67890625 0.0529296875 0.059375
13 0.77421875 0.58125 0.0484375 0.040234375
13 0.82734375 0.565625 0.0375 0.0470703125
13 0.78359375 0.52734375 0.0875 0.0361328125
13 0.65546875 0.57265625 0.0390625 0.0330078125
13 0.5640625 0.58046875 0.043359375 0.0328125
13 0.50390625 0.496875 0.0392578125 0.0283203125
13 0.5546875 0.52578125 0.0341796875 0.0236328125
13 0.5375 0.359375 0.0283203125 0.030859375
13 0.528125 0.4109375 0.0373046875 0.034375
13 0.53359375 0.453125 0.03125 0.0376953125
13 0.58046875 0.4859375 0.0298828125 0.0314453125
13 0.5859375 0.41640625 0.034375 0.0326171875
13 0.6078125 0.38046875 0.065625 0.0544921875
13 0.6671875 0.4109375 0.022265625 0.034765625
13 0.7171875 0.43828125 0.028125 0.0359375
13 0.76171875 0.46171875 0.03125 0.0330078125
13 0.67421875 0.47265625 0.028125 0.0328125
13 0.59375 0.4625 0.0283203125 0.0314453125
13 0.62265625 0.44765625 0.028125 0.0359375
13 0.64296875 0.4953125 0.034375 0.0314453125
13 0.63515625 0.53203125 0.0375 0.039453125
13 0.68359375 0.53125 0.0421875 0.034375
13 0.72109375 0.48828125 0.0359375 0.0359375