15 0.2520479375 0.7718350859374999 0.31712716875 0.8412581359375 0.42060320312500005 0.8863831328125 0.4759205515625 0.8950610203125 0.5728885640625 0.8941931796875 0.6639994859375 0.8777052421875 0.735586640625 0.8343157968750001 0.794157946875 0.8065465749999999 0.8306023578125 0.7458014171875 0.84166590625 0.6572868390625 0.8266975625 0.5817891609375 0.7655231265625 0.51757276875 0.714110475 0.468108825 0.58330128125 0.4125703203125 0.504555371875 0.383933325 0.4284126921875 0.39174337187499997 0.35617470625 0.430793875 0.2950002703125 0.4516208234375 0.2318734359375 0.512366046875 0.2012862171875 0.571375721875 0.18241317968749998 0.6486089500000001 0.21300039843750002 0.71022195 0.2520479375 0.7718350859374999
13 0.2421875 0.60703125 0.0359375 0.03359375
13 0.2671875 0.665625 0.04140625 0.0375
13 0.2828125 0.70703125 0.0375 0.028125
13 0.36640625 0.76484375 0.0734375 0.08359375
13 0.40390625 0.59609375 0.0234375 0.0328125
13 0.43984375 0.5734375 0.040625 0.03203125
13 0.453125 0.61015625 0.03515625 0.021875
13 0.42265625 0.6375 0.0421875 0.0390625
13 0.35 0.6515625 0.08984375 0.1015625
13 0.2609375 0.56171875 0.03359375 0.0390625
13 0.3390625 0.56953125 0.07421875 0.028125
13 0.36875 0.53359375 0.06875 0.0390625
13 0.29921875 0.51015625 0.0328125 0.02578125
13 0.32734375 0.478125 0.03203125 0.0328125
13 0.3578125 0.45625 0.0265625 0.01875
13 0.375 0.4859375 0.03125 0.0265625
13 0.4234375 0.50703125 0.02890625 0.03203125
13 0.40859375 0.44765625 0.03515625 0.053125
13 0.4671875 0.4140625 0.03046875 0.02421875
13 0.46015625 0.4453125 0.034375 0.021875
13 0.46953125 0.49375 0.03046875 0.0296875
13 0.40234375 0.73046875 0.046875 0.034375
13 0.4125 0.6921875 0.04609375 0.03046875
13 0.49296875 0.696875 0.1 0.0734375
13 0.45546875 0.7609375 0.04375 0.0375
13 0.4359375 0.80234375 0.04296875 0.03203125
13 0.5171875 0.7625 0.0421875 0.0375
13 0.54296875 0.8109375 0.04140625 0.04296875
13 0.60234375 0.8015625 0.05390625 0.03671875
13 0.58046875 0.75234375 0.03515625 0.0296875
13 0.5640625 0.684375 0.06015625 0.06640625
13 0.496875 0.63984375 0.0390625 0.03671875
13 0.6375 0.7328125 0.05078125 0.03359375
13 0.67265625 0.77890625 0.03984375 0.0328125
13 0.70625 0.75625 0.0390625 0.04453125
13 0.75703125 0.71640625 0.03828125 0.0375
13 0.76796875 0.6796875 0.03359375 0.02421875
13 0.78125 0.64296875 0.03671875 0.0421875
13 0.63203125 0.678125 0.05 0.03828125
13 0.65234375 0.646875 0.0390625 0.03125
13 0.67578125 0.6171875 0.03515625 0.0359375
13 0.7203125 0.64140625 0.03671875 0.03359375
13 0.70546875 0.684375 0.04453125 0.05078125
13 0.71796875 0.60078125 0.04140625 0.03359375
13 0.76328125 0.5875 0.03203125 0.040625
13 0.72578125 0.5546875 0.075 0.03125
13 0.6171875 0.59296875 0.03359375 0.02890625
13 0.5390625 0.6 0.03671875 0.02734375
13 0.48828125 0.52890625 0.03359375 0.02421875
13 0.53125 0.55390625 0.02890625 0.0203125
13 0.51640625 0.41171875 0.02421875 0.02578125
13 0.50859375 0.4546875 0.03125 0.02890625
13 0.51328125 0.49140625 0.0265625 0.0328125
13 0.553125 0.51953125 0.02578125 0.02734375
13 0.55703125 0.459375 0.0296875 0.02734375
13 0.57578125 0.4296875 0.05625 0.04609375
13 0.62734375 0.4546875 0.01953125 0.03125
13 0.66953125 0.478125 0.02421875 0.03125
13 0.7078125 0.49921875 0.0265625 0.02890625
13 0.6328125 0.5078125 0.02421875 0.028125
13 0.5640625 0.49921875 0.02421875 0.02734375
13 0.5890625 0.48671875 0.02421875 0.03046875
13 0.60625 0.52734375 0.0296875 0.02734375
13 0.59921875 0.55859375 0.03203125 0.034375
13 0.640625 0.5578125 0.0359375 0.02890625
13 0.67265625 0.52109375 0.03046875 0.03125