15 0 0 0 1 1 1 1 0.2186750328125 0.9852796859374999 0.218490359375 0.9221032640625 0.27250030000000003 0.7611046234375001 0.2449858484375 0.6174288828125001 0.186899675 0.501265346875 0.1298326140625 0.42789899531250003 0.201166459375 0.2709765140625 0.2235856359375 0.0804275875 0.18893786875000002 0.2832042140625 0.1125087515625 0.5236828234375001 0.12575638125 0.7835220984375 0.0809179890625 0.95165355 0.051365459375 1 0.0670465296875 1 0 0 0
0 0.4484375 0.03125 0.2126953125 0.0623046875
0 0.91640625 0.40625 0.1671875 0.062890625
0 0.7078125 0.30703125 0.1841796875 0.0767578125
0 0.56875 0.39375 0.1904296875 0.0564453125
0 0.2296875 0.396875 0.0529296875 0.0841796875
0 0.36484375 0.34921875 0.1078125 0.058203125
0 0.2421875 0.26953125 0.1939453125 0.0734375
2 0.5 0.58125 1 0.2185546875
2 0.025 0.1625 0.05 0.325
2 0.48984375 0.784375 0.3125 0.155859375
2 0.75859375 0.43125 0.120703125 0.112109375
2 0.409375 0.44296875 0.1216796875 0.09375
2 0.04609375 0.38203125 0.0919921875 0.1671875
2 0.9375 0.31953125 0.125 0.0765625
2 0.14140625 0.05546875 0.15625 0.0830078125