15 1 0.2494260390625 0.9308241078125 0.248558196875 0.8770254359375 0.2945510375 0.7399250312500001 0.2711207625 0.6175761578125 0.221656753125 0.518655646875 0.1730605859375 0.4561796125 0.2338058125 0.3225503125 0.25289714218750003 0.1602859921875 0.2233924046875 0.3329629625 0.158308234375 0.5377455296875 0.16958941875 0.7590149125 0.131406725 0.9021893515625001 0.1062408984375 0.998506665625 0.1374812203125 1 0.0038366890625 0 0 0 1 1 1 1 0.2494260390625
0 0.47578125 0.05859375 0.18203125 0.11640625
0 0.87890625 0.409375 0.15546875 0.0546875
0 0.69453125 0.32421875 0.15625 0.065625
0 0.57578125 0.39765625 0.16171875 0.0484375
0 0.2875 0.40078125 0.04453125 0.07109375
0 0.40234375 0.359375 0.0921875 0.05
0 0.29765625 0.2921875 0.165625 0.0625
2 0.50234375 0.5578125 0.9859375 0.18671875
2 0.07109375 0.18046875 0.12890625 0.3203125
2 0.50859375 0.73046875 0.265625 0.13203125
2 0.7375 0.4296875 0.103125 0.0953125
2 0.440625 0.43984375 0.103125 0.0796875
2 0.115625 0.3890625 0.109375 0.14296875
2 0.91875 0.33515625 0.1625 0.0640625
2 0.2125 0.109375 0.13359375 0.07109375