15 0 0 0 0.7521578 0.029424606250000002 0.7525269453125001 0.085638728125 0.7044691203125 0.2288946609375 0.7289513671875001 0.35673674843750003 0.7806362078125 0.4600985890625 0.8314142453125 0.5253796687500001 0.7679416812500001 0.665008653125 0.7479931890625 0.8345583109374999 0.77882263125 0.6541284953125001 0.8468289468749999 0.4401516109375 0.8350412609375001 0.208947684375 0.8749382796875 0.0593450046875 0.901234 0 0.88198556875 0 1 1 1 1 0 0 0
0 0.49296875 0.05390625 0.1892578125 0.1078125
0 0.91640625 0.415625 0.1625 0.0564453125
0 0.72421875 0.3265625 0.1638671875 0.06875
0 0.6 0.403125 0.16875 0.0501953125
0 0.2984375 0.40625 0.0466796875 0.0748046875
0 0.41875 0.36328125 0.0966796875 0.0517578125
0 0.309375 0.29296875 0.1720703125 0.0642578125
2 0.503125 0.5703125 0.99375 0.19375
2 0.07265625 0.17578125 0.1357421875 0.3357421875
2 0.5296875 0.75078125 0.278125 0.1375
2 0.76875 0.4375 0.106640625 0.1
2 0.4578125 0.446875 0.10859375 0.083984375
2 0.11875 0.39375 0.112890625 0.1498046875
2 0.93671875 0.3375 0.1265625 0.06796875
2 0.2203125 0.10234375 0.13984375 0.073828125