15 1 0.8250868062500001 0.9698716468749999 0.8282413015625 0.911734359375 0.7917940578125 0.8562000015625 0.805678734375 0.817152465625 0.8412581343750001 0.7763693734375 0.8742340078125 0.6974066546875 0.8846475796875 0.7078193046875 0.9384504687499999 0.6930680390624999 1 1 1 1 0.8250868062500001
13 0.921875 0.8890625 0.15625 0.146875
9 0.78046875 0.98203125 0.13984375 0.0359375
15 0 0.70501523125 0.001492775 0.7562147265625 0.029259887499999998 0.7631571953125 0.045746571875 0.8247700640625 0.155947375 0.8065465765625 0.28437041875 0.738858946875 0.4067194234375 0.665964728125 0.47526949375000005 0.623443059375 0.5108461937500001 0.62257528125 0.5490259546875 0.575714665625 0.5689836109375 0.5427386609375 0.593279884375 0.52625065625 0.61584060625 0.49240694218750003 0.6045603109375 0.457695384375 0.64360785 0.40649582500000003 0.653152725 0.35963520781249997 0.6453432703125 0.31884915468749997 0.6297242265625 0.26417842343750003 0.60803115 0.2355413640625 0.5863380734375 0.20950772812500001 0.5542323453125 0.2103755703125 0.509978415625 0.164382696875 0.4483701578125 0.1374812203125 0.3355661578125 0.0914884125 0.205407696875 0.0715293390625 0.065704228125 0.08714946875 0.001492775 0.107108640625 0.0032281937500000003 0.48720015468750005 0.050085187499999996 0.545342053125 0.03099530625 0.600880559375 0.0171116828125 0.6538156703125 0 0.70501523125
13 0.43515625 0.40234375 0.1484375 0.1046875
13 0.2140625 0.38828125 0.16171875 0.06328125
13 0.290625 0.51796875 0.12890625 0.0796875
13 0.20234375 0.29296875 0.13828125 0.08515625
13 0.3015625 0.196875 0.146875 0.071875
13 0.1125 0.14609375 0.11484375 0.07890625
13 0.03125 0.2953125 0.04375 0.10390625
13 0.0859375 0.44375 0.0796875 0.08359375
9 0.1875 0.3015625 0.06171875 0.06796875
9 0.1015625 0.15234375 0.0421875 0.06484375
9 0.32109375 0.20078125 0.08203125 0.053125
9 0.428125 0.30859375 0.06484375 0.053125
9 0.221875 0.4515625 0.090625 0.04765625
9 0.18984375 0.50625 0.075 0.04765625
0 0.11015625 0.5328125 0.05 0.0625
0 0.94921875 0.88984375 0.04453125 0.04296875
0 0.31796875 0.41875 0.04921875 0.03359375
0 0.13828125 0.23359375 0.028125 0.0234375
9 0.1765625 0.16328125 0.0734375 0.0703125
9 0.084375 0.33984375 0.040625 0.0515625
9 0.2921875 0.34140625 0.03828125 0.028125
9 0.40078125 0.13984375 0.03359375 0.02421875
9 0.0421875 0.22578125 0.05546875 0.01796875