15 1 0.926884996875 0.9743986046875 0.9295655109375 0.9067479437499999 0.887154175 0.8421261453125 0.9033108890625 0.7966890125 0.9447123734374999 0.7492323234375 0.9830842984375 0.6573484328125 0.995201909375 0.6579746281250001 0.9984375 1 0.9984375 1 0.926884996875
13 0.9125 0.95625 0.171875 0.0875
15 0.057116295312499996 0.4587380578125 0.0116791578125 0.5183157281249999 0.0005723953125 0.5728444453125 0.009659760937500001 0.62030458125 0.027834646875 0.68392143125 0.0530775 0.7172445546875 0.0783203515625 0.747538240625 0.1156797453125 0.7465283875 0.1671752265625 0.8000473671874999 0.2388648359375 0.8313509031249999 0.370127671875 0.8848698078125 0.5197431234375001 0.9078125 0.52411060625 0.9078125 0.6046875 0.8988032640625001 0.6046875 0.0485772046875 0.5791386203125 0.052802125 0.429700896875 0.1315659125 0.2873311453125 0.21638827656249998 0.207563790625 0.26586803593749997 0.16616545 0.266877815625 0.121738090625 0.32140653124999996 0.0985146359375 0.35977861093749997 0.0702426078125 0.3789646515625 0.0439901328125 0.418346428125 0.057116295312499996 0.4587380578125
13 0.3515625 0.43359375 0.1720703125 0.1205078125
13 0.09296875 0.41484375 0.1859375 0.0734375
13 0.18359375 0.56796875 0.1486328125 0.0923828125
13 0.08046875 0.30625 0.1609375 0.0998046875
13 0.196875 0.1953125 0.171484375 0.083984375
13 0.0203125 0.13515625 0.040625 0.0923828125
9 0.0640625 0.31640625 0.071875 0.0794921875
9 0.21953125 0.19921875 0.0953125 0.0611328125
9 0.34375 0.32578125 0.0751953125 0.0611328125
9 0.103125 0.49140625 0.105859375 0.055078125
9 0.06640625 0.5546875 0.086328125 0.055859375
0 0.94921875 0.9875 0.0517578125 0.025
0 0.215625 0.453125 0.056640625 0.037890625
0 0.01171875 0.23671875 0.0232421875 0.0267578125
9 0.05078125 0.15546875 0.0857421875 0.0826171875
9 0.1859375 0.3625 0.04375 0.03203125
9 0.31171875 0.128125 0.0390625 0.028125