15 0.9984375 1 0.9984375 0.8280267703125 0.9832378296875 0.8296182046875 0.924177728125 0.792592434375 0.8677618734375001 0.8066975015625 0.828094534375 0.8428416546875 0.786664090625 0.8763409546875 0.7064479953125 0.8869198218750001 0.7170259265625 0.9415767234375 0.703023915625 1 0.9984375 1
13 0.92734375 0.88984375 0.1451171875 0.1484375
9 0.78984375 0.9828125 0.142578125 0.033984375
15 0.065062328125 0.0762364578125 0.0002993015625 0.096367078125 0.0002993015625 0.19893869687500002 0.001594609375 0.48263715625000003 0.049195365625 0.541701940625 0.029802468749999998 0.5981220109375001 0.0156984703125 0.6518973625 0.0002993015625 0.6979729421875 0.0002993015625 0.7560387265624999 0.0280395046875 0.7629744656249999 0.0446366109375 0.825 0.048206459374999996 0.825 0.156737903125 0.8070525671875 0.287199409375 0.7382905328125 0.41149046250000004 0.6642392640625 0.48112862968750003 0.6210426453125 0.5172700359375 0.62016109375 0.5560558265625 0.572556659375 0.5763302718750001 0.5390572234375 0.6010121984375 0.52230750625 0.6239310265625 0.48792658906249997 0.61247168125 0.45266405625 0.6521390203124999 0.400651803125 0.6609375 0.3574556265625 0.6609375 0.34835793437499996 0.6539019875000001 0.3116139171875 0.6380350234375001 0.25607539687499997 0.6159976125 0.22698378125000002 0.5939602015625 0.20053691406250002 0.561344859375 0.20141853125 0.516388484375 0.1546956109375 0.45380231875000004 0.1273671265625 0.33920777812499997 0.0806442734375 0.20698331093750003 0.060368390625000004 0.065062328125 0.0762364578125
13 0.43984375 0.396875 0.1513671875 0.10625
13 0.21484375 0.38203125 0.1642578125 0.0640625
13 0.29296875 0.5140625 0.1298828125 0.08125
13 0.203125 0.28515625 0.140625 0.086328125
13 0.3046875 0.18828125 0.1498046875 0.0734375
13 0.11171875 0.13671875 0.1171875 0.080078125
13 0.0296875 0.28828125 0.0439453125 0.1048828125
13 0.08515625 0.4390625 0.080078125 0.084765625
9 0.18828125 0.29453125 0.0625 0.06875
9 0.1015625 0.14296875 0.0435546875 0.065625
9 0.32421875 0.19140625 0.0830078125 0.0544921875
9 0.4328125 0.3015625 0.066015625 0.053515625
9 0.2234375 0.446875 0.09140625 0.04921875
9 0.190625 0.50234375 0.0751953125 0.0484375
0 0.11015625 0.5296875 0.051171875 0.06484375
0 0.9625 0.8921875 0.044140625 0.04375
0 0.32109375 0.41328125 0.05 0.0330078125
0 0.1390625 0.225 0.028515625 0.02421875
9 0.17734375 0.15390625 0.0736328125 0.071875
9 0.084375 0.3328125 0.040625 0.053125
9 0.2953125 0.334375 0.037890625 0.028515625
9 0.4046875 0.1296875 0.033984375 0.024609375
9 0.040625 0.2171875 0.0564453125 0.0185546875