15 0 0 0 0.7818068499999999 0.1059102390625 0.8552804859375 0.17683357187499998 0.9114129671875 0.187539015625 0.946161628125 0.2056043640625 0.9711093937499999 0.263145840625 0.9791283343750001 0.3101664359375 1 0.5174604578124999 1 0.6699511671875 0.9996211390624999 0.73351449375 0.98091025625 0.7703143171875 0.964872478125 0.785703353125 0.9408156234374999 0.8218341484374999 0.934578740625 0.8927574843749999 0.9149769140625 0.9723788750000001 0.8882471578125 1 0.8718996999999999 1 0 0 0
13 0.13671875 0.48515625 0.184375 0.178125
13 0.29140625 0.79453125 0.2388671875 0.2984375
13 0.68125 0.853125 0.224609375 0.28125
13 0.4234375 0.53671875 0.131640625 0.107421875
13 0.334375 0.371875 0.155859375 0.0939453125
13 0.31484375 0.26640625 0.1421875 0.1142578125
13 0.16875 0.25 0.1375 0.1091796875
13 0.30703125 0.0515625 0.1298828125 0.077734375
13 0.45 0.14453125 0.121484375 0.1125
13 0.55703125 0.06015625 0.084375 0.0857421875
13 0.73515625 0.10390625 0.0828125 0.1421875
13 0.88515625 0.19765625 0.1109375 0.1388671875
13 0.74375 0.53828125 0.18046875 0.145703125
13 0.8234375 0.42890625 0.152734375 0.1201171875
13 0.95625 0.384375 0.0875 0.15
13 0.93828125 0.63984375 0.1234375 0.1640625
13 0.565625 0.50546875 0.118359375 0.1482421875
3 0.31484375 0.496875 0.103125 0.0748046875
3 0.14296875 0.64140625 0.0826171875 0.1109375
3 0.5234375 0.6078125 0.065625 0.1591796875
3 0.54765625 0.76015625 0.0607421875 0.11875
3 0.471875 0.38828125 0.100390625 0.1140625
3 0.56953125 0.28515625 0.0513671875 0.096875
3 0.7703125 0.26484375 0.075390625 0.096875
3 0.6890625 0.30859375 0.0720703125 0.1109375
3 0.67109375 0.43984375 0.0982421875 0.0455078125
3 0.7140625 0.65625 0.069140625 0.093359375
3 0.50234375 0.9375 0.08125 0.0935546875
3 0.428125 0.66953125 0.06796875 0.078125
3 0.47109375 0.21875 0.075 0.0279296875
3 0.64453125 0.11171875 0.0763671875 0.078125
3 0.8765625 0.33984375 0.10234375 0.090625
3 0.83203125 0.66484375 0.0515625 0.1015625