15 0.9516497656249999 0.1140509453125 0.874205521875 0.0880172765625 0.805221496875 0.06892591406250001 0.7700786515625 0.06285145 0.7551104109375 0.039421075 0.7193168328125 0.0238009484375 0.6574915640625 0.005577328125 0.30866694687499996 0.004709518750000001 0.261809821875 0.025536465624999997 0.20584174375000003 0.03334658125 0.1882703703125 0.057644664062499996 0.1778576546875 0.0914884109375 0.10887363125 0.146159109375 0.000191334375 0.221656753125 0 1 1 0.9991956953125 0.9985066921874999 0.1418201640625 0.9516497656249999 0.1140509453125
13 0.1390625 0.478125 0.1796875 0.1734375
13 0.2890625 0.7796875 0.23203125 0.290625
13 0.66875 0.8359375 0.2171875 0.27421875
13 0.41796875 0.528125 0.128125 0.1046875
13 0.33125 0.3671875 0.15078125 0.0921875
13 0.31171875 0.26484375 0.13828125 0.11171875
13 0.16953125 0.2484375 0.13359375 0.10546875
13 0.3046875 0.0546875 0.1265625 0.07421875
13 0.44296875 0.14609375 0.1171875 0.109375
13 0.54765625 0.0640625 0.08203125 0.08359375
13 0.72109375 0.10625 0.08046875 0.13828125
13 0.86640625 0.19765625 0.1078125 0.134375
13 0.72890625 0.5296875 0.175 0.1421875
13 0.80625 0.4234375 0.14765625 0.11640625
13 0.94765625 0.38125 0.1046875 0.1453125
13 0.9296875 0.62890625 0.140625 0.159375
13 0.55625 0.49765625 0.1140625 0.14375
3 0.3125 0.4890625 0.1 0.071875
3 0.14453125 0.6296875 0.0796875 0.10859375
3 0.515625 0.596875 0.0640625 0.1546875
3 0.53828125 0.74609375 0.05859375 0.115625
3 0.46484375 0.38359375 0.0984375 0.1109375
3 0.56015625 0.2828125 0.05 0.09375
3 0.7546875 0.2625 0.0734375 0.09453125
3 0.6765625 0.30625 0.07109375 0.1078125
3 0.65859375 0.43359375 0.09453125 0.0453125
3 0.70078125 0.64453125 0.06796875 0.090625
3 0.49453125 0.91796875 0.07890625 0.090625
3 0.42265625 0.65703125 0.06484375 0.07578125
3 0.4640625 0.21796875 0.0734375 0.0265625
3 0.6328125 0.1140625 0.0734375 0.07578125
3 0.85859375 0.3359375 0.09921875 0.08828125
3 0.81484375 0.65234375 0.05 0.09921875