15 0 0 0 0.78248060625 0.11568209062499998 0.862965534375 0.19782120625 0.9281628874999999 0.2102196046875 0.9685231328125001 0.2311417984375 0.9974997296874999 0.249031209375 1 0.8628600390625 1 0.8851547203125 0.9902556125 0.902977371875 0.9623137984374999 0.944821875 0.9550697171874999 1 0.93977543125 1 0 0 0
13 0.1515625 0.5328125 0.215234375 0.2064453125
13 0.32890625 0.85859375 0.2765625 0.2828125
13 0.78046875 0.89765625 0.2578125 0.2046875
13 0.48359375 0.5921875 0.1517578125 0.1248046875
13 0.38046875 0.40078125 0.179296875 0.109375
13 0.35703125 0.278125 0.1640625 0.133984375
13 0.18828125 0.259375 0.159375 0.1251953125
13 0.34765625 0.0359375 0.1513671875 0.0716796875
13 0.5140625 0.13671875 0.140234375 0.130078125
13 0.6375 0.04375 0.097265625 0.087109375
13 0.84453125 0.08984375 0.0953125 0.1642578125
13 0.9765625 0.196875 0.046875 0.1591796875
13 0.85390625 0.59453125 0.2078125 0.1703125
13 0.92890625 0.465625 0.1421875 0.1373046875
13 0.6484375 0.55625 0.134765625 0.1716796875
3 0.3578125 0.54609375 0.11875 0.0859375
3 0.15859375 0.7140625 0.0953125 0.128515625
3 0.6 0.67421875 0.0751953125 0.184375
3 0.62734375 0.85234375 0.0701171875 0.1375
3 0.53984375 0.4203125 0.1171875 0.131640625
3 0.65234375 0.3 0.059375 0.1123046875
3 0.88515625 0.2765625 0.0875 0.1125
3 0.79140625 0.32734375 0.084375 0.1294921875
3 0.7703125 0.4796875 0.1125 0.0533203125
3 0.8203125 0.73125 0.0810546875 0.106640625
3 0.4890625 0.74609375 0.0779296875 0.090625
3 0.5390625 0.22265625 0.0875 0.03125
3 0.73984375 0.09921875 0.0875 0.090625
3 0.97421875 0.36328125 0.051171875 0.105078125
3 0.95703125 0.740625 0.059375 0.11875