15 0 0 0 1 0.796831878125 1 0.8882645109375 0.9849146671875 1 0.9274314203125 1 0 0 0
13 0.203125 0.78515625 0.209375 0.1546875
13 0.9015625 0.16328125 0.1064453125 0.0705078125
13 0.64609375 0.1671875 0.1142578125 0.0841796875
7 0.9171875 0.56171875 0.1654296875 0.096875
7 0.3703125 0.53359375 0.205859375 0.136328125
7 0.7109375 0.30078125 0.1814453125 0.0955078125
7 0.11484375 0.38203125 0.1736328125 0.0861328125
9 0.0640625 0.49765625 0.128125 0.1326171875
9 0.896875 0.74140625 0.191015625 0.198828125
9 0.89140625 0.4109375 0.1265625 0.11015625
9 0.37734375 0.0140625 0.1703125 0.028125
9 0.41875 0.27109375 0.22421875 0.1203125
9 0.31796875 0.403125 0.0669921875 0.0716796875
16 0.08125 0.59140625 0.1625 0.0484375
16 0.765625 0.51953125 0.1283203125 0.059375
16 0.42734375 0.053125 0.157421875 0.055859375
16 0.45546875 0.62109375 0.2826171875 0.14375
6 0.121875 0.2015625 0.24375 0.090625
6 0.2546875 0.37421875 0.0623046875 0.0515625
6 0.809375 0.2484375 0.1875 0.1
6 0.53203125 0.1171875 0.0638671875 0.078515625
6 0.9609375 0.02265625 0.078125 0.0296875
6 0.39296875 0.43671875 0.0923828125 0.0328125