15 1 0.033432678125 0.9548115796875001 0.0038913125 0 0.00001204375 0 0.7579207109375 0.0006312265625 1 0.5929676671874999 1 0.8187195421875 0.9627535375 1 0.86949230625 1 0.033432678125
13 0.20390625 0.78359375 0.1875 0.1390625
13 0.83046875 0.22578125 0.0955078125 0.0640625
13 0.94296875 0.0515625 0.110546875 0.05859375
13 0.6015625 0.22890625 0.103125 0.075
7 0.8546875 0.584375 0.1658203125 0.0875
7 0.35390625 0.5578125 0.184375 0.1220703125
7 0.66015625 0.34921875 0.1638671875 0.0859375
7 0.125 0.421875 0.15625 0.078125
9 0.06796875 0.525 0.1359375 0.11875
9 0.8265625 0.74453125 0.171875 0.1794921875
9 0.95546875 0.38359375 0.0890625 0.0638671875
9 0.821875 0.44765625 0.112890625 0.098828125
9 0.36171875 0.0890625 0.1515625 0.031640625
9 0.396875 0.32265625 0.2 0.1078125
9 0.30703125 0.440625 0.059375 0.062890625
9 0.725 0.0546875 0.105859375 0.0779296875
16 0.0875 0.6109375 0.1654296875 0.04375
16 0.70859375 0.5453125 0.115625 0.053125
16 0.4046875 0.1265625 0.140625 0.05
16 0.43046875 0.63671875 0.253125 0.1294921875
6 0.1203125 0.259375 0.240625 0.08125
6 0.25 0.41484375 0.055859375 0.045703125
6 0.74765625 0.30234375 0.167578125 0.089453125
6 0.49921875 0.184375 0.05625 0.0716796875
6 0.9046875 0.10078125 0.1091796875 0.025
6 0.37421875 0.47109375 0.0830078125 0.0296875