15 1 0.039421076562500004 0.94557550625 0.00384174375 0 0 0.0026041265625 0.9986979187499999 0.356391459375 1 0.5169202281249999 1 0.811078296875 0.951467303125 1 0.8542749687500001 1 0.039421076562500004
13 0.20390625 0.77421875 0.18515625 0.1375
13 0.82265625 0.22265625 0.09453125 0.06328125
13 0.93359375 0.05078125 0.10859375 0.05703125
13 0.59609375 0.2265625 0.1015625 0.07421875
7 0.846875 0.57734375 0.16484375 0.08671875
7 0.35234375 0.5515625 0.18203125 0.12109375
7 0.65390625 0.34453125 0.16171875 0.08515625
7 0.12578125 0.41640625 0.1546875 0.07734375
9 0.06875 0.52109375 0.13671875 0.1171875
9 0.81875 0.73515625 0.1703125 0.1765625
9 0.9515625 0.3796875 0.096875 0.0640625
9 0.8140625 0.4421875 0.1125 0.0984375
9 0.359375 0.0875 0.15 0.03125
9 0.39453125 0.31875 0.19765625 0.10625
9 0.30546875 0.4359375 0.05859375 0.06328125
9 0.71875 0.05390625 0.10390625 0.0765625
16 0.08828125 0.60390625 0.1625 0.04296875
16 0.70234375 0.5390625 0.1140625 0.05234375
16 0.40234375 0.125 0.1390625 0.04921875
16 0.42734375 0.62890625 0.25078125 0.12734375
6 0.1203125 0.25703125 0.240625 0.0796875
6 0.24921875 0.409375 0.0546875 0.04609375
6 0.74140625 0.2984375 0.16640625 0.0890625
6 0.4953125 0.18203125 0.05625 0.0703125
6 0.89609375 0.1 0.1078125 0.025
6 0.371875 0.465625 0.08203125 0.02890625