15 0 0.606087278125 0.1908735 0.6677004140625 0.32168279375000003 0.7093541765625 0.46746023125 0.746669059375 0.5292855000000001 0.7310488984375 0.662697921875 0.7614215125 0.786348559375 0.774438346875 0.9555545578125001 0.7978686875000001 1 0.7987363953125 0.990697303125 0.24682264531250003 0.9106497296875 0.23640920625 0.8286500578125 0.19475530937500002 0.6848248203125 0.183474059375 0.561825115625 0.15223363750000002 0.524729971875 0.110579840625 0.489587128125 0.1114475859375 0.4733173203125 0.11231535937499999 0.477872946875 0.13487785937500002 0.4108413203125 0.1253321953125 0.3828572296875 0.081942746875 0.3242859234375 0.0914884109375 0.2989050625 0.115786496875 0.272873371875 0.0828105234375 0.20779414062499998 0.0940918078125 0.1589847171875 0.10363747187500001 0.0893498609375 0.1331422765625 0.048350025000000005 0.1235966765625 0 0.12880333125 0 0.606087278125
15 0.0027945640625 0 0.0014929 0.0966951671875 0.088699128125 0.10190195312500001 0.1882703703125 0.0966951671875 0.2390320921875 0.07760380156249999 0.23252416875 0.03421435625 0.1804607828125 0.0159908015625 0.132953025 0 0.0027945640625 0
15 0.5793964859375 0.11925773125000001 0.6776661640625 0.1478946921875 0.7440469609375 0.14095245625 0.770729484375 0.127067778125 0.7388406015625 0.0854139171875 0.805221496875 0.09582735625 0.8930784578125 0.11925773125000001 0.977030625 0.1444235578125 1 0.1504980546875 0.9985066921874999 0.09495958125000001 0.9366814234374999 0.061983609375000005 0.8579357125 0.0550413046875 0.79220565 0.05417356250000001 0.735586640625 0.0515701359375 0.6744122031249999 0.045495671875 0.56898386875 0.04462783125 0.5117141265625 0.039421075 0.4531428203125 0.019462003125 0.4193016390625 0.0125196328125 0.39066671875000003 0.01165185625 0.33534937343750004 0.005577328125 0.2904447421875 0.0038417421875000003 0.26831774375 0.013387409375000001 0.289793909375 0.038553301562499996 0.21950832187499997 0.02813989375 0.27352410312500003 0.057644664062499996 0.3665874234375 0.0723970828125 0.4446825 0.09582735625 0.5793964859375 0.11925773125000001
2 0.5640625 0.63125 0.1640625 0.14140625
2 0.24921875 0.43984375 0.1390625 0.084375
2 0.56015625 0.378125 0.1890625 0.0953125
2 0.4796875 0.25703125 0.1328125 0.08828125
2 0.30703125 0.34296875 0.26796875 0.115625
2 0.76171875 0.66875 0.0640625 0.08671875
2 0.88515625 0.6265625 0.07421875 0.08828125
2 0.853125 0.3984375 0.15 0.128125
2 0.9234375 0.3265625 0.11796875 0.1046875
2 0.62890625 0.30078125 0.15078125 0.10546875
2 0.26328125 0.225 0.17734375 0.1109375
2 0.08515625 0.27578125 0.16953125 0.06640625
2 0.56796875 0.5015625 0.1453125 0.10859375
2 0.1390625 0.43125 0.06484375 0.0671875
2 0.35390625 0.1671875 0.12265625 0.134375
2 0.08203125 0.028125 0.1640625 0.05625
2 0.43046875 0.0453125 0.1953125 0.07578125
2 0.6234375 0.0765625 0.15390625 0.05625
2 0.89140625 0.08671875 0.175 0.0640625
2 0.7875 0.27265625 0.1390625 0.09375
2 0.978125 0.51953125 0.04375 0.0453125
2 0.69765625 0.41171875 0.08046875 0.08515625