15 1 0.2725369953125 0.8095920624999999 0.211235040625 0.677752775 0.1693631953125 0.5308274843749999 0.131852946875 0.4685154015625 0.1475548890625 0.3340524875 0.1170232546875 0.209428225 0.1039382703125 0.03888989375 0.0803852578125 0.00305576875 0.0796875 0 0.0796875 0 0.428960140625 0.003470434375 0.6343163578125 0.084148303125 0.64478431875 0.16679364218749998 0.6866562968750001 0.3117513625 0.6979966109375 0.43571956875 0.7294005953125 0.4731067984375 0.771272475 0.5085263578125 0.7704001875 0.5249242749999999 0.7695278703125 0.520332778125 0.7468472421875 0.5878922125 0.7564428828125 0.6160581734374999 0.8 0.6164627046875 0.8 0.675129146875 0.790463859375 0.7007098578125001 0.766038559375 0.7269465234375 0.79918718125 0.7925381890625001 0.787846834375 0.8417319390625 0.7782511921874999 0.9119151000000001 0.7485919125 0.9532377703125 0.7581874875 1 0.7531650015625 1 0.2725369953125
15 0.1516042625 0.0001367484375 0.051248995312500004 0.0053707953125 0.00008757812500000001 0.0245621140625 0.006646745312500001 0.068178728125 0.0591200765625 0.0864976953125 0.094685659375 0.0984375 0.2375 0.0984375 0.2375 0.0052518625 0.1516042625 0.0001367484375
15 1 0.0013520703125 0.9834030625000001 0.0057298171875 0.8987898546875 0.0310274 0.8102411078125 0.054580446875 0.7433375296875 0.0650484078125 0.7754775046875 0.0231764609375 0.7485848828125 0.0092190921875 0.681681403125 0.00224050625 0.5826379484374999 0.0310274 0.446863221875 0.054580446875 0.3681532234375 0.078133390625 0.274357121875 0.0929630484375 0.21991601875 0.122622296875 0.2907550375 0.1121543671875 0.2691097671875 0.1374520171875 0.2837469 0.14375 0.350848525 0.14375 0.3924221203125 0.1391966546875 0.4212825109375 0.1383243390625 0.455390159375 0.13134562031250002 0.5144226578125 0.1112820484375 0.5721433421875 0.10604803593750001 0.6784018203125 0.105175646875 0.740057946875 0.09906938125 0.797122775 0.0964523234375 0.863370396875 0.0955800375 0.9427361515625 0.0886013859375 1 0.05813831093750001 1 0.0013520703125
2 0.56640625 0.63125 0.165625 0.143359375
2 0.24921875 0.43984375 0.1392578125 0.0857421875
2 0.5625 0.37734375 0.190625 0.0955078125
2 0.48203125 0.25625 0.1330078125 0.087890625
2 0.30703125 0.34140625 0.2703125 0.1169921875
2 0.765625 0.66953125 0.065234375 0.086328125
2 0.890625 0.6265625 0.075 0.090234375
2 0.8578125 0.3984375 0.1501953125 0.1283203125
2 0.92890625 0.32578125 0.119921875 0.105078125
2 0.63203125 0.3 0.1515625 0.10625
2 0.26328125 0.2234375 0.179296875 0.112109375
2 0.08359375 0.2734375 0.1671875 0.065625
2 0.5703125 0.5015625 0.146875 0.1091796875
2 0.1375 0.43125 0.065625 0.06796875
2 0.3546875 0.165625 0.122265625 0.1345703125
2 0.08203125 0.0265625 0.1638671875 0.0529296875
2 0.43125 0.04296875 0.1966796875 0.0763671875
2 0.62578125 0.07421875 0.1548828125 0.0576171875
2 0.896875 0.084375 0.1751953125 0.062890625
2 0.7921875 0.271875 0.140625 0.09375
2 0.98125 0.51953125 0.0375 0.0451171875
2 0.70078125 0.4109375 0.0798828125 0.0845703125