15 0.7017012265625 0 0.67360289375 0.04363423125 0.5937884906249999 0.05501788125 0.599212865625 0.0281110484375 0.5798404421875001 0.027076187499999998 0.5379959390625 0.026041362499999998 0.49382683906249997 0.07571545468749999 0.3473713765625 0.1129711140625 0.176119 0.1264245296875 0.07848218125 0.176098740625 0 0.18632439375 0 0.8453125 0.0275581609375 0.8453125 0.2264872984375 0.8177235546875 0.3737178234375 0.802200375 0.532571684375 0.7659796171875 0.6061868890625 0.7846073875 0.77976374375 0.7401076515625 0.9355180656250001 0.6904335984375 1 0.669586790625 1 0.029013051562499996 0.973487965625 0.0177622625 0.9153706984375001 0.0063786140625 0.8786309359375 0 0.8323046875 0 0.806885134375 0.032250542187499995 0.7766642015625 0.0032739421875 0.7566067390625 0 0.7017012265625 0
15 0.7257481 0.009040085937500001 0.7546627859374999 0.0003515609375 0.3726436 0.0003515609375 0.3375247140625 0.04629574375 0.36929553125000003 0.0628538703125 0.44050345625 0.0703125 0.4511455765625 0.0703125 0.56534446875 0.0369819 0.7257481 0.009040085937500001
2 0.509375 0.646875 0.194140625 0.16875
2 0.13359375 0.41875 0.165625 0.1001953125
2 0.5046875 0.3453125 0.225 0.1126953125
2 0.40859375 0.2015625 0.1578125 0.1060546875
2 0.20234375 0.303125 0.31875 0.1376953125
2 0.74375 0.6921875 0.075390625 0.103125
2 0.89140625 0.64140625 0.0888671875 0.1048828125
2 0.853125 0.3703125 0.178125 0.153125
2 0.93203125 0.28203125 0.1359375 0.1234375
2 0.5859375 0.253125 0.17890625 0.125390625
2 0.15078125 0.16328125 0.2109375 0.1326171875
2 0.51328125 0.49296875 0.1734375 0.1294921875
2 0.01953125 0.40625 0.0390625 0.08125
2 0.25859375 0.09453125 0.1453125 0.1609375
2 0.578125 0.009375 0.1841796875 0.01875
2 0.89609375 0.0171875 0.2078125 0.034375
2 0.775 0.21953125 0.165625 0.1111328125
2 0.98828125 0.5140625 0.0234375 0.053125
2 0.66796875 0.38515625 0.0953125 0.1013671875