15 0.484375 0.4984375 0.96875 0.99609375
2 0.36015625 0.4125 0.13359375 0.11640625
2 0.1375 0.4953125 0.14921875 0.14765625
2 0.49921875 0.803125 0.39375 0.290625
2 0.834375 0.5640625 0.12734375 0.17265625
2 0.67265625 0.48203125 0.090625 0.078125
2 0.59453125 0.39453125 0.13671875 0.06875
2 0.44140625 0.1484375 0.11328125 0.06171875
2 0.84375 0.1828125 0.25390625 0.13984375
2 0.84921875 0.015625 0.1 0.03125
2 0.13515625 0.08515625 0.13125 0.08203125
2 0.58671875 0.134375 0.13125 0.06015625
2 0.38125 0.23203125 0.08828125 0.0640625
2 0.7390625 0.3125 0.07578125 0.05546875