15 0.49765625 0.5 0.9953125 1
2 0.33828125 0.43046875 0.14375 0.1263671875
2 0.0984375 0.5203125 0.159765625 0.159375
2 0.4875 0.846875 0.4251953125 0.30625
2 0.85078125 0.59453125 0.1375 0.1859375
2 0.6765625 0.50625 0.097265625 0.084375
2 0.59140625 0.41171875 0.1484375 0.0736328125
2 0.42578125 0.1453125 0.1232421875 0.0658203125
2 0.8609375 0.1828125 0.274609375 0.150390625
2 0.86640625 0.009375 0.1078125 0.01875
2 0.0953125 0.07734375 0.141015625 0.0890625
2 0.5828125 0.13046875 0.1408203125 0.0642578125
2 0.3609375 0.2359375 0.09609375 0.069140625
2 0.74765625 0.32265625 0.0826171875 0.0607421875