15 0.25052926875 0 0.20801075937500002 0.02380095 0.157682928125 0.0420244703125 0.070910621875 0.078471578125 0 0.12196180625 0.0049636140625 0.8447292359375 0.0986777328125 0.9158879046875 0.1949949140625 0.9566739562500001 0.2817672203125 0.9722941828125 0.377216759375 0.976633128125 0.5108461937500001 0.974897578125 0.6869940031249999 0.9636162953125 0.79719480625 0.902003359375 0.9030571296875 0.8664239609375001 1 0.7848518531249999 1 0.1886808453125 0.9525171859375 0.136613509375 0.8319037296875 0.0498346171875 0.69133261875 0 0.5134493890625 0 0.345978809375 0 0.25052926875 0
0 0.2203125 0.240625 0.13515625 0.0984375
0 0.2625 0.40625 0.2453125 0.125
0 0.465625 0.13359375 0.12265625 0.05078125
0 0.734375 0.42890625 0.11875 0.11015625
0 0.7203125 0.2875 0.046875 0.0578125
0 0.85703125 0.43203125 0.08515625 0.11640625
0 0.68125 0.725 0.09921875 0.16875
0 0.21328125 0.83359375 0.053125 0.0640625
2 0.3859375 0.7640625 0.1234375 0.1203125
2 0.584375 0.42734375 0.0828125 0.07734375
2 0.690625 0.1984375 0.125 0.1046875
2 0.9578125 0.3984375 0.084375 0.078125
2 0.421875 0.540625 0.23515625 0.12578125
2 0.06484375 0.31328125 0.07734375 0.06640625
2 0.18984375 0.15546875 0.22734375 0.0578125
2 0.47421875 0.25 0.096875 0.07421875