15 0.1883607859375 0 0.154819975 0.0187754265625 0.0957194015625 0.040175525000000004 0 0.0803806953125 0 1 0.980858671875 1 1 0.983893621875 1 0.130313734375 0.88746493125 0.0493470734375 0.748269059375 0 0.1883607859375 0
0 0.16875 0.2734375 0.159375 0.1158203125
0 0.21875 0.46796875 0.2876953125 0.146875
0 0.45703125 0.14765625 0.14375 0.059375
0 0.7734375 0.49453125 0.140234375 0.1294921875
0 0.75703125 0.328125 0.055078125 0.068359375
0 0.9171875 0.49765625 0.1 0.1361328125
0 0.7109375 0.8421875 0.1158203125 0.1970703125
0 0.159375 0.965625 0.0623046875 0.06875
2 0.36328125 0.8875 0.1453125 0.1408203125
2 0.596875 0.49296875 0.096875 0.090625
2 0.72109375 0.2234375 0.146875 0.122265625
2 0.40625 0.62578125 0.275390625 0.1482421875
2 0.01640625 0.3578125 0.0326171875 0.078125
2 0.13359375 0.1734375 0.2669921875 0.0685546875
2 0.46796875 0.28515625 0.1140625 0.0875