15 0.24835948281250003 0 0.2126875203125 0.0199440875 0.0948581515625 0.059545504687499994 0 0.139363434375 0 0.8282059 0.039806959375 0.8718562671875001 0.17405497812499998 0.9684449484375 0.263063965625 1 0.8638687875000001 1 0.8684749796875 0.9974215515625 0.9244920453125 0.9771379796874999 1 0.94542225625 1 0.011956043750000001 0.99016739375 0.0044899843750000005 0.9795641937499999 0 0.24835948281250003 0
0 0.1453125 0.24375 0.1501953125 0.1095703125
0 0.1921875 0.42890625 0.272265625 0.1390625
0 0.41796875 0.12421875 0.1359375 0.05625
0 0.7171875 0.453125 0.1314453125 0.1220703125
0 0.70234375 0.29609375 0.0517578125 0.0640625
0 0.85390625 0.45703125 0.0953125 0.1294921875
0 0.65859375 0.7828125 0.1107421875 0.1875
0 0.1375 0.90390625 0.059375 0.071875
2 0.32890625 0.82578125 0.1375 0.1330078125
2 0.55 0.45234375 0.0908203125 0.0859375
2 0.66796875 0.196875 0.1392578125 0.1158203125
2 0.959375 0.41875 0.08125 0.0875
2 0.36953125 0.578125 0.2611328125 0.1404296875
2 0.11875 0.14765625 0.2373046875 0.0642578125
2 0.428125 0.2546875 0.106640625 0.083984375