15 0.7312478 0.131406725 0.5542323453125 0.131406725 0.5724544515625001 0.1062408984375 0.47613727031249997 0.146159109375 0.377216759375 0.16958941875 0.1394606890625 0.1973587359375 0.0075668109375 0.22686347499999998 0.0024823984375 0.69889744375 0.9091310312499999 1 1 0.6538156703125 0.988961659375 0.1652504734375 0.8978507359375 0.15570480625 0.8301683109375 0.1270677796875 0.7312478 0.131406725
13 0.08828125 0.32265625 0.1765625 0.11875
13 0.1234375 0.45703125 0.1890625 0.1234375
13 0.25546875 0.58828125 0.1796875 0.15234375
13 0.57578125 0.70078125 0.2359375 0.1765625
13 0.85546875 0.678125 0.2390625 0.19140625
13 0.478125 0.4765625 0.18671875 0.10546875
13 0.28203125 0.2890625 0.16328125 0.090625
13 0.38125 0.3796875 0.1234375 0.11328125
13 0.57109375 0.34140625 0.1640625 0.10078125
13 0.53359375 0.134375 0.103125 0.05390625
13 0.653125 0.1578125 0.12890625 0.04453125
13 0.8078125 0.3453125 0.16875 0.08671875
13 0.69375 0.46640625 0.140625 0.109375
13 0.89296875 0.4734375 0.209375 0.1171875
13 0.83046875 0.2015625 0.14140625 0.0890625
13 0.9296875 0.3046875 0.13125 0.096875