15 0.383967234375 0 0.392736328125 0.0121106484375 0.1848649671875 0.0121106484375 0.06870143281249999 0.0070153734375 0 0.036083553125 0 1 0.07266113125 1 1 0.6920261125 1 0.1164459859375 0.8798076312499999 0.08955888281249999 0.6006078421875001 0.056949040625 0.4844443078125 0.029434549999999997 0.4134227640625 0 0.383967234375 0
13 0.08125 0.23515625 0.1625 0.1392578125
13 0.10546875 0.39296875 0.2109375 0.144921875
13 0.25625 0.5484375 0.212109375 0.1783203125
13 0.6328125 0.68046875 0.277734375 0.2078125
13 0.909375 0.65234375 0.18125 0.2267578125
13 0.51796875 0.4171875 0.2201171875 0.122265625
13 0.2875 0.196875 0.191015625 0.106640625
13 0.40390625 0.30390625 0.1453125 0.1330078125
13 0.6265625 0.25859375 0.1935546875 0.1173828125
13 0.58125 0.02265625 0.121875 0.0453125
13 0.7234375 0.04375 0.152734375 0.0529296875
13 0.90234375 0.2625 0.1953125 0.103125
13 0.77109375 0.40546875 0.165625 0.1294921875
13 0.93984375 0.4125 0.1203125 0.1375
13 0.92421875 0.09296875 0.1515625 0.103125