15 1 0.151102153125 0.985416071875 0.09554162968749999 0.7851335671874999 0.09554162968749999 0 0.3562884234375 0 0.87048138125 0.1379828546875 0.9013482265625001 0.3947995375 0.931343778125 0.501650384375 0.956652465625 0.605689196875 0.9997708703124999 0.586006246875 0.97258753125 0.7772128140625 0.97258753125 0.8840636609375 0.9772743234375 0.957172103125 0.9463415015625 1 0.9418544328125 1 0.151102153125
13 0.08828125 0.32734375 0.1765625 0.1296875
13 0.1203125 0.47421875 0.203515625 0.1328125
13 0.26328125 0.61640625 0.194921875 0.1640625
13 0.609375 0.73828125 0.255859375 0.190625
13 0.88984375 0.7109375 0.2203125 0.209375
13 0.50390625 0.4953125 0.2017578125 0.1126953125
13 0.29140625 0.29296875 0.1765625 0.0984375
13 0.39921875 0.39140625 0.1330078125 0.1232421875
13 0.60390625 0.35 0.1767578125 0.1091796875
13 0.5640625 0.12578125 0.112109375 0.058203125
13 0.69296875 0.1515625 0.1390625 0.047265625
13 0.859375 0.3546875 0.1814453125 0.09375
13 0.73671875 0.48515625 0.1517578125 0.1173828125
13 0.91875 0.49140625 0.1625 0.1265625
13 0.884375 0.1984375 0.1529296875 0.0966796875
13 0.959375 0.309375 0.08125 0.10625