15 1 0.2329380359375 0.9325596609375 0.1886808453125 0.7642213046874999 0.13574566875 0.6106343453124999 0.1244643859375 0.4674600390625 0.14355574843750002 0.329491990625 0.17826730625 0.1984658875 0.25983948125 0.120370809375 0.3344693140625 0.082899265625 0.39973958593750003 0.027524467187500002 0.398685709375 0.051820607812499996 0.42905832187500004 0.0335985015625 0.6303853296875 0.04140795625 0.6972051171875 0.0631010328125 0.7839840109375 0.10475176718749998 0.7622892875 0.187185459375 0.8369191890625001 0.2513969140625 0.8811763453125 0.34164019375 0.90287106875 0.427544725 0.9280370265625001 0.4561796125 0.8516715749999999 0.461386003125 0.9445249640625001 0.5342746890625001 0.9540706953125 0.6618299546874999 0.934979234375 0.8058720375 0.9176234546875 0.916072975 0.8785729531250001 1 0.8169600171875 1 0.2329380359375
12 0.3734375 0.571875 0.10078125 0.04296875
12 0.921875 0.49296875 0.11328125 0.15078125
12 0.66328125 0.565625 0.11953125 0.1734375
12 0.45078125 0.3296875 0.03359375 0.07109375
12 0.28671875 0.50078125 0.05 0.10078125
12 0.4765625 0.65078125 0.1203125 0.1109375
12 0.778125 0.6421875 0.078125 0.0625
12 0.83203125 0.54453125 0.053125 0.09609375
12 0.8765625 0.3234375 0.0609375 0.0265625
12 0.60859375 0.3359375 0.1 0.075