15 1 0.2214534734375 0.9394888234375 0.18174349218750002 0.7628715328125 0.12620494531249998 0.6017311171874999 0.114368846875 0.45151545156250006 0.1343991265625 0.3067620875 0.1708178125 0.169292078125 0.25640173125 0.0873562578125 0.3347018859375 0.048041853125 0.4031821703125 0 0.402267853125 0 0.41464784374999997 0.0154347359375 0.43394281250000005 0 0.604473553125 0 0.6766884921874999 0.0045099875 0.7152771546875 0.0272699359375 0.8063238625 0.0709690671875 0.783562184375 0.157456875 0.861862409375 0.2248262703125 0.9082961484375 0.31950774375 0.9310578234375001 0.4096370875 0.9574614531250001 0.43968025 0.877340321875 0.4451426921875 0.9747602734375 0.5185582171875 0.984375 0.5242916875 0.984375 0.65544454375 0.9647450796875001 0.8065706625000001 0.9465357375 0.9221913171875 0.90556471875 1 0.8484434125 1 0.2214534734375
12 0.35234375 0.58359375 0.1048828125 0.0451171875
12 0.928125 0.50078125 0.11875 0.1578125
12 0.65703125 0.5765625 0.125 0.18125
12 0.43359375 0.3296875 0.0357421875 0.075
12 0.26171875 0.50859375 0.0517578125 0.1048828125
12 0.4609375 0.66640625 0.127734375 0.1169921875
12 0.77734375 0.6578125 0.0826171875 0.065625
12 0.834375 0.5546875 0.05625 0.100390625
12 0.88046875 0.3234375 0.0640625 0.027734375
12 0.6 0.3359375 0.105859375 0.0783203125