15 1 0.1958653453125 0.9567735125000001 0.1641316953125 0.8346460671875 0.1208549484375 0.675015015625 0.1016208390625 0.6129654828125 0.09233375625 0.45280556718750004 0.09233375625 0.44710814218749995 0.1939444796875 0.415374240625 0.10931436718750001 0.32017268125 0.13720391406250002 0.2201628140625 0.16124655000000002 0.1490020671875 0.2102934421875 0.05764698124999999 0.2930001734375 0.011488590625 0.2689575359375 0 0.3149153890625 0 0.6954230765625 0.0334294890625 0.69478685625 0.07495639375 0.767121009375 0.1615033203125 0.8498276656250001 0.30670973749999997 0.9402279968749999 0.45960939375 0.9786962171875 0.6182787546874999 0.9998537437499999 0.7884876796875 0.98735154375 0.975044471875 0.9286874515625 1 0.9123105828125 1 0.1958653453125
12 0.35546875 0.58828125 0.111328125 0.048046875
12 0.94921875 0.49921875 0.1015625 0.166796875
12 0.6765625 0.58125 0.1314453125 0.1908203125
12 0.44140625 0.3203125 0.036328125 0.078515625
12 0.259375 0.509375 0.0560546875 0.1123046875
12 0.46953125 0.67578125 0.1330078125 0.1234375
12 0.80390625 0.66640625 0.0861328125 0.0701171875
12 0.86328125 0.5578125 0.059375 0.106640625
12 0.91328125 0.31328125 0.0671875 0.0294921875
12 0.61640625 0.32734375 0.1109375 0.0830078125