15 0.0566802734375 0.5613276609375 0.08167071249999999 0.7541023515624999 0.11551191406250001 0.8253073750000001 0.168095884375 0.9086694359375 0.25400046875000004 1 0.718926665625 0.9989782281249999 0.82617703125 0.8973808046875 0.867827740625 0.808808696875 0.8881325859375 0.6707403546874999 0.9126022812500001 0.566537840625 0.902710271875 0.42846949843750004 0.8745960734375 0.3468441828125 0.8339865390625001 0.2487201234375 0.7850469906249999 0.1948821859375 0.7605772953125001 0.1271505609375 0.6975804875 0.0898113328125 0.6194854125 0.03684176875 0.547638003125 0.0359733609375 0.4481969078125 0.0342366453125 0.34511139062499996 0.0559455015625 0.265454396875 0.0889430234375 0.22812497656250003 0.152443 0.161327628125 0.2200644390625 0.12332142187499999 0.3068998984375 0.072819875 0.41978595468749996 0.0566802734375 0.5613276609375
0 0.50546875 0.71171875 0.14921875 0.159375
0 0.53359375 0.8828125 0.053125 0.04921875
0 0.61640625 0.81171875 0.08984375 0.10234375
0 0.64140625 0.50625 0.1 0.14296875
0 0.2203125 0.53671875 0.06484375 0.1515625
0 0.334375 0.56953125 0.11640625 0.10390625
0 0.425 0.45234375 0.0859375 0.13984375
0 0.52734375 0.35703125 0.0703125 0.11328125
0 0.60625 0.2734375 0.06875 0.05859375
0 0.665625 0.359375 0.0625 0.040625
0 0.365625 0.26796875 0.08125 0.09453125
0 0.21484375 0.2890625 0.021875 0.065625
9 0.515625 0.48046875 0.075 0.08671875
2 0.2953125 0.82578125 0.06875 0.13828125
2 0.240625 0.68125 0.04296875 0.0765625
2 0.178125 0.42421875 0.04609375 0.06953125
2 0.26953125 0.34140625 0.0453125 0.1828125
2 0.73515625 0.640625 0.04765625 0.05625
2 0.67109375 0.18125 0.05078125 0.03203125
2 0.46796875 0.13515625 0.17421875 0.0390625
2 0.46171875 0.38359375 0.03984375 0.07578125
2 0.40703125 0.340625 0.0453125 0.03828125
2 0.77265625 0.48359375 0.0375 0.0671875
2 0.7203125 0.25234375 0.05390625 0.03515625
0 0.62890625 0.23828125 0.1078125 0.05859375
0 0.596875 0.61484375 0.0515625 0.06953125
0 0.74765625 0.5734375 0.078125 0.053125