15 0.052390690625 0.5964464640625 0.081179628125 0.6799763703124999 0.1227637921875 0.780389990625 0.17287788906249998 0.8354841468749999 0.197934859375 0.9047961765625001 0.2624435875 0.9430066515625001 0.3424129453125 0.997212171875 0.41598469375 0.9981008421875 0.517812375 0.9998780828125 0.6233719453125001 0.9776626859374999 0.70494070625 0.943895221875 0.7431660328125 0.87891358125 0.8115665171875 0.8097143078125001 0.8504848718750001 0.7208526875 0.9021984578125 0.6053326234374999 0.9171875 0.4739667015625 0.9171875 0.4486326734375 0.8931352 0.2632155109375 0.8584818078125 0.1903490375 0.8046358218749999 0.10504186093750001 0.7323562359375 0.028246917187499998 0.2240841421875 0.028246917187499998 0.130760728125 0.11659389375 0.0881104015625 0.207232684375 0.067318240625 0.3485226203125 0.042261271875 0.45515652656250005 0.052390690625 0.5964464640625
0 0.50234375 0.721875 0.153125 0.1625
0 0.53046875 0.896875 0.0546875 0.0501953125
0 0.615625 0.8234375 0.093359375 0.103515625
0 0.640625 0.51171875 0.102734375 0.145703125
0 0.209375 0.5421875 0.0658203125 0.1560546875
0 0.3265625 0.57578125 0.11875 0.10625
0 0.41875 0.45625 0.0876953125 0.1435546875
0 0.52421875 0.35859375 0.071875 0.1169921875
0 0.6046875 0.27265625 0.071484375 0.0607421875
0 0.665625 0.3609375 0.062890625 0.0408203125
0 0.3578125 0.26796875 0.0841796875 0.096875
0 0.20390625 0.2890625 0.023046875 0.06640625
9 0.51171875 0.48515625 0.0765625 0.0890625
2 0.2859375 0.83828125 0.071484375 0.1419921875
2 0.23046875 0.690625 0.04375 0.078125
2 0.16640625 0.42734375 0.046875 0.0705078125
2 0.259375 0.3421875 0.046875 0.1875
2 0.73671875 0.64921875 0.0484375 0.0578125
2 0.67109375 0.17890625 0.0515625 0.0328125
2 0.46328125 0.13203125 0.1794921875 0.040625
2 0.45703125 0.3859375 0.0419921875 0.0779296875
2 0.40078125 0.3421875 0.045703125 0.03984375
2 0.775 0.48828125 0.0376953125 0.06875
2 0.72109375 0.2515625 0.0548828125 0.034765625
0 0.62734375 0.2375 0.1107421875 0.0595703125
0 0.5953125 0.62265625 0.053125 0.070703125
0 0.74921875 0.5796875 0.0798828125 0.053515625