15 0.07131725 0.6080999968749999 0.12241763125 0.7228550265625 0.160874503125 0.8111281609375001 0.2284639140625 0.8798691609375 0.26623597656250003 0.9444204624999999 0.34683751875 0.9779642984375 0.43622080625 0.996875 0.6252124265625 0.996875 0.70348609375 0.9435377765625 0.767229896875 0.9055803484375 0.791989746875 0.8367273390625 0.8415096078125 0.78199804375 0.882600678125 0.6822494156250001 0.9110482453125 0.5992726859374999 0.9203125 0.4693658375 0.9203125 0.4557309625 0.8962977000000001 0.3529907234375 0.8757520875000001 0.21263648124999998 0.8336074968749999 0.122597946875 0.730952659375 0.024902274999999998 0.248445953125 0.024902274999999998 0.167723015625 0.1111224171875 0.11451552031250001 0.195864646875 0.080273040625 0.2682485609375 0.054986271875000006 0.46421488593750004 0.07131725 0.6080999968749999
0 0.51015625 0.7140625 0.151171875 0.162109375
0 0.5375 0.8875 0.0533203125 0.0501953125
0 0.621875 0.81484375 0.090625 0.1044921875
0 0.646875 0.5046875 0.1001953125 0.146484375
0 0.22109375 0.5359375 0.065625 0.1533203125
0 0.33671875 0.56875 0.1171875 0.1060546875
0 0.428125 0.45 0.0875 0.14296875
0 0.53203125 0.353125 0.0705078125 0.115625
0 0.6109375 0.26796875 0.069140625 0.060546875
0 0.671875 0.35546875 0.0626953125 0.0419921875
0 0.36796875 0.2625 0.0828125 0.0966796875
0 0.21484375 0.284375 0.0232421875 0.0658203125
9 0.51953125 0.478125 0.0763671875 0.0876953125
2 0.296875 0.8296875 0.0689453125 0.140625
2 0.24140625 0.68203125 0.0423828125 0.0767578125
2 0.178125 0.42109375 0.0466796875 0.0703125
2 0.2703125 0.33671875 0.0466796875 0.1859375
2 0.74140625 0.64140625 0.0482421875 0.0576171875
2 0.67734375 0.17421875 0.0513671875 0.0328125
2 0.47109375 0.12734375 0.1765625 0.0392578125
2 0.465625 0.38046875 0.040625 0.0767578125
2 0.409375 0.33671875 0.044140625 0.0390625
2 0.7796875 0.48125 0.0375 0.0685546875
2 0.7265625 0.246875 0.05390625 0.03671875
0 0.634375 0.23203125 0.109375 0.0607421875
0 0.60234375 0.615625 0.051953125 0.06953125
0 0.7546875 0.57265625 0.0783203125 0.0544921875