15 0.111328125 0.3255208328125 0.05859375 0.4244791671875 0.046875 0.4609375 0.044921875 0.5052083328125 0.05859375 0.578125 0.0859375 0.6536458328125 0.138671875 0.7526041671875 0.20703125 0.8229166671874999 0.3125 0.890625 0.4140625 0.9140625 0.537109375 0.9166666671874999 0.62890625 0.9010416671874999 0.765625 0.8515625 0.859375 0.7838541671875 0.916015625 0.7213541671875 0.947265625 0.640625 0.958984375 0.5677083328125 0.95703125 0.5052083328125 0.888671875 0.328125 0.8515625 0.265625 0.798828125 0.21354166718749998 0.666015625 0.1510416671875 0.580078125 0.1276041671875 0.435546875 0.1119791671875 0.287109375 0.1614583328125 0.169921875 0.23958333281250002 0.111328125 0.3255208328125
15 0.7928564828125 0.1331422765625 0.87160219375 0.1452913984375 0.9711735359375 0.1504980546875 1 0.1279356203125 0.9985066921874999 0.000370575 0.5651041375 0.0047743078125 0.5963171265625 0.039421075 0.6399201921875 0.0671903953125 0.7023962921875 0.10363747187500001 0.7928564828125 0.1331422765625
3 0.52578125 0.38515625 0.03671875 0.053125
3 0.51875 0.6296875 0.046875 0.14765625
3 0.58984375 0.596875 0.053125 0.06171875
3 0.64609375 0.61953125 0.04765625 0.0578125
3 0.6875 0.709375 0.0765625 0.1078125
3 0.83984375 0.5875 0.05625 0.07734375
3 0.7875 0.39609375 0.06875 0.0734375
3 0.6015625 0.45859375 0.03671875 0.0515625
3 0.56328125 0.28984375 0.04140625 0.05625
3 0.75859375 0.35625 0.03359375 0.03046875
3 0.61953125 0.2484375 0.02734375 0.03359375
3 0.55 0.2125 0.02421875 0.0359375
3 0.4625 0.26328125 0.0390625 0.0421875
3 0.3984375 0.2296875 0.02109375 0.03125
3 0.27734375 0.340625 0.06171875 0.02734375
3 0.35546875 0.3921875 0.028125 0.02578125
3 0.4046875 0.40546875 0.01640625 0.0453125
3 0.45078125 0.38671875 0.04453125 0.071875
3 0.42421875 0.440625 0.0359375 0.0296875
3 0.35390625 0.54453125 0.0546875 0.06875
3 0.39140625 0.58203125 0.01640625 0.04765625
3 0.4296875 0.69609375 0.053125 0.12734375
3 0.4703125 0.34921875 0.02109375 0.028125
3 0.36015625 0.31953125 0.0265625 0.0265625