15 0.604981790625 0 0.46716933281250006 0.0029211953125 0.3462390984375 0.030871507812499997 0.22065770312500002 0.1116168484375 0.13926235468749998 0.1954677796875 0.07647165624999999 0.313480203125 0.0439135171875 0.4035423140625 0.027634446875000003 0.49049883593750004 0.029960028125 0.5432938671875001 0.0439135171875 0.586772128125 0.1067042140625 0.7047845500000001 0.17647165625 0.8072690218749999 0.3160065421875 0.9004367234374999 0.4363844453125 0.940625 0.6655188171875001 0.940625 0.7671693328125 0.9128590843750001 0.925308865625 0.8383249234375001 0.9880995625000001 0.7762131218749999 0.996875 0.7614104875 0.996875 0.1578195765625 0.8857739812500001 0.07745535625 0.7229832843749999 0.018449146875 0.6147625999999999 0 0.604981790625 0
3 0.6 0.3078125 0.04375 0.0626953125
3 0.5921875 0.5984375 0.05625 0.1751953125
3 0.67734375 0.559375 0.0640625 0.0748046875
3 0.74375 0.58671875 0.0564453125 0.06875
3 0.79296875 0.69453125 0.090625 0.1294921875
3 0.96953125 0.546875 0.0607421875 0.0935546875
3 0.91171875 0.31953125 0.08125 0.0875
3 0.690625 0.3953125 0.04375 0.062109375
3 0.64453125 0.19375 0.0486328125 0.068359375
3 0.87734375 0.27265625 0.039453125 0.036328125
3 0.7125 0.14453125 0.031640625 0.040625
3 0.62890625 0.10078125 0.0294921875 0.0423828125
3 0.525 0.16171875 0.046484375 0.05
3 0.4484375 0.121875 0.025 0.0375
3 0.3046875 0.2546875 0.072265625 0.033984375
3 0.39765625 0.315625 0.0328125 0.03125
3 0.45625 0.33125 0.019140625 0.053515625
3 0.5109375 0.30859375 0.053125 0.0857421875
3 0.4796875 0.37265625 0.041015625 0.0357421875
3 0.39609375 0.496875 0.065625 0.0814453125
3 0.440625 0.54140625 0.0189453125 0.05625
3 0.4859375 0.678125 0.0626953125 0.150390625
3 0.534375 0.2640625 0.025 0.0341796875
3 0.40390625 0.228125 0.03125 0.03125