15 0.42015959531249997 0 0.31427035625 0.01796875 0.153719896875 0.0758955796875 0.0436281546875 0.155163871875 0.009224484375 0.1930108015625 0.009224484375 0.6887004578125 0.052802465624999996 0.7618711890625 0.114729071875 0.8228467984375 0.270692375 0.8960175296875 0.3255662265625 0.9109375 0.6340524656250001 0.9109375 0.715646503125 0.8838224078125 0.8532611812500001 0.79235899375 0.9220685203125001 0.6917492375000001 0.9839951265625 0.5758955796875 0.996875 0.5359470265625 0.996875 0.4645007625 0.9839951265625 0.39601752968750004 0.9518850343749999 0.30760289687500003 0.8899584296875 0.1917492375 0.8096831999999999 0.1094321640625 0.6858299890625 0.030163871874999998 0.566563934375 0.002724846875 0.43742115625 0 0.42015959531249997 0
3 0.5734375 0.28984375 0.043359375 0.061328125
3 0.565625 0.575 0.0560546875 0.1720703125
3 0.64921875 0.5375 0.0625 0.0720703125
3 0.71484375 0.5640625 0.05625 0.0685546875
3 0.7640625 0.66953125 0.0904296875 0.1265625
3 0.94296875 0.52578125 0.066796875 0.089453125
3 0.88125 0.3015625 0.0810546875 0.084765625
3 0.66328125 0.37578125 0.0423828125 0.0609375
3 0.61796875 0.178125 0.0484375 0.0658203125
3 0.846875 0.25546875 0.037890625 0.0359375
3 0.684375 0.1296875 0.0314453125 0.0404296875
3 0.60234375 0.08671875 0.028125 0.0421875
3 0.49921875 0.146875 0.0453125 0.0498046875
3 0.42421875 0.1078125 0.025 0.0373046875
3 0.28203125 0.2375 0.071875 0.0314453125
3 0.37421875 0.29765625 0.0328125 0.0298828125
3 0.43125 0.3125 0.0189453125 0.053125
3 0.4859375 0.290625 0.0529296875 0.0841796875
3 0.4546875 0.35390625 0.041015625 0.034375
3 0.371875 0.47578125 0.065234375 0.080078125
3 0.415625 0.51953125 0.01875 0.0548828125
3 0.4609375 0.653125 0.0625 0.1498046875
3 0.50859375 0.24765625 0.0236328125 0.0328125
3 0.3796875 0.2125 0.03125 0.0310546875