15 0 0 0 1 1 1 1 0.046383934375000005 0.9352557578124999 0 0 0
19 0.73671875 0.69296875 0.5265625 0.4763671875
19 0.175 0.1171875 0.324609375 0.1498046875
19 0.87109375 0.078125 0.2578125 0.15625
0 0.4953125 0.13203125 0.1466796875 0.134375
0 0.1390625 0.37109375 0.053125 0.1046875
0 0.26328125 0.28828125 0.053125 0.1017578125
0 0.40234375 0.259375 0.0919921875 0.044140625
0 0.621875 0.303125 0.093359375 0.043359375
0 0.7578125 0.4109375 0.1564453125 0.1
0 0.62265625 0.44296875 0.115625 0.0640625
0 0.484375 0.56328125 0.209765625 0.146875
0 0.96015625 0.33125 0.079296875 0.121875
0 0.50078125 0.09921875 0.2203125 0.098828125
0 0.39765625 0.0140625 0.0919921875 0.028125
0 0.26484375 0.28515625 0.0794921875 0.0828125
0 0.1390625 0.365625 0.058984375 0.1091796875
0 0.1046875 0.21796875 0.072265625 0.0482421875
0 0.38828125 0.0125 0.109375 0.0248046875
0 0.69140625 0.271875 0.215625 0.16875
0 0.4546875 0.18671875 0.1783203125 0.0513671875
0 0.2796875 0.03125 0.15 0.0625