15 1 0.1747286015625 0.9618473890624999 0.16042137343750001 0.8554216875 0.142349084375 0.8453815265625 0.114236634375 0.736947790625 0.09415631249999999 0.68473895625 0.062027798437500004 0.6325301203125 0.07809205625 0.5823293171875 0.060019767187499996 0.5100401609375 0.07608402343750001 0.46385542187500006 0.0740759921875 0.42369477968749997 0.060019767187499996 0.3734939765625 0.08411615312500001 0.321285140625 0.0881322171875 0.291164659375 0.0821081203125 0.2710843375 0.09415631249999999 0.2289156625 0.09415631249999999 0.19879518125 0.1082125375 0.1887550203125 0.13431695625 0.1686746984375 0.1503812125 0.0883534140625 0.18451775937499998 0.0381526109375 0.19455792031250002 0 0.221582684375 0 0.8458487968749999 0.052208835937499996 0.86524065 0.122489959375 0.87728884375 0.1465863453125 0.89134506875 0.2670682734375 0.8893370359375 0.2811244984375 0.879296875 0.2751004015625 0.8672486812500001 0.2811244984375 0.8552004906249999 0.3674698796875 0.8511844249999999 0.45582329374999997 0.86524065 0.479919678125 0.87728884375 0.48192771093750003 0.8873290046875001 0.5180722890625 0.8752808109375 0.522088353125 0.8893370359375 0.53776590625 0.8921875 0.6586644749999999 0.8921875 0.8172690765624999 0.8692567140625 0.9337349390625 0.8451603296875 0.9578313250000001 0.8331121359375 0.98393574375 0.8371281984375001 1 0.8272425046875 1 0.1747286015625
2 0.7515625 0.5609375 0.215234375 0.12890625
2 0.08359375 0.4046875 0.1640625 0.103125
2 0.7125 0.41796875 0.159375 0.059375
2 0.54375 0.16171875 0.224609375 0.05
2 0.803125 0.328125 0.059375 0.1654296875
0 0.41171875 0.36328125 0.3642578125 0.1451171875
0 0.43203125 0.4984375 0.3482421875 0.0779296875
0 0.92421875 0.5421875 0.1515625 0.121875
0 0.96796875 0.484375 0.058203125 0.04375
0 0.9515625 0.2984375 0.065625 0.0908203125
0 0.7140625 0.2203125 0.265625 0.09140625
0 0.33203125 0.178125 0.1388671875 0.05625
0 0.18203125 0.34296875 0.1205078125 0.0826171875
0 0.1765625 0.478125 0.059765625 0.103125
0 0.61875 0.528125 0.0560546875 0.1533203125