15 0 0 0 0.9817650875 0.0254528984375 1 1 1 1 0 0 0
19 0.75078125 0.7 0.4982421875 0.5091796875
19 0.1828125 0.08359375 0.346484375 0.1607421875
19 0.89453125 0.06328125 0.2109375 0.1263671875
0 0.525 0.1 0.15625 0.1435546875
0 0.14453125 0.35546875 0.0576171875 0.1125
0 0.27734375 0.2671875 0.057421875 0.109375
0 0.42578125 0.23671875 0.0984375 0.0484375
0 0.6609375 0.2828125 0.097265625 0.0439453125
0 0.80625 0.3984375 0.1685546875 0.1064453125
0 0.6609375 0.43203125 0.1248046875 0.06875
0 0.51328125 0.5609375 0.2236328125 0.1564453125
0 0.98984375 0.31328125 0.0201171875 0.1298828125
0 0.53125 0.06484375 0.237109375 0.10625
0 0.27890625 0.2640625 0.084375 0.08984375
0 0.14453125 0.35 0.0611328125 0.115625
0 0.10703125 0.19140625 0.0794921875 0.0513671875
0 0.73515625 0.25 0.2298828125 0.1810546875
0 0.48203125 0.15859375 0.1919921875 0.0544921875
0 0.2953125 0.01328125 0.159765625 0.0263671875