15 0 0 0 0.90625 0.130859375 1 1 1 1 0 0 0
19 0.74453125 0.68046875 0.5109375 0.45703125
19 0.20078125 0.12578125 0.3109375 0.14375
19 0.8734375 0.08359375 0.253125 0.1625
0 0.509375 0.140625 0.140625 0.12890625
0 0.1671875 0.3703125 0.05078125 0.10078125
0 0.28671875 0.290625 0.0515625 0.0984375
0 0.4203125 0.26328125 0.08828125 0.04375
0 0.63046875 0.3046875 0.08828125 0.03984375
0 0.76171875 0.40859375 0.15078125 0.09609375
0 0.63125 0.4390625 0.11171875 0.06171875
0 0.4984375 0.5546875 0.2015625 0.140625
0 0.959375 0.3328125 0.08125 0.11796875
0 0.5140625 0.10859375 0.21171875 0.0953125
0 0.415625 0.02578125 0.08828125 0.0328125
0 0.28828125 0.2875 0.07578125 0.0796875
0 0.1671875 0.36484375 0.05546875 0.10390625
0 0.13359375 0.22265625 0.07109375 0.04609375
0 0.40703125 0.01875 0.10546875 0.0375
0 0.69765625 0.275 0.20703125 0.1625
0 0.4703125 0.19296875 0.171875 0.0484375
0 0.303125 0.04375 0.1453125 0.0609375