15 1 0.1592039953125 0.9527897 0.1415001328125 0.8390557937500001 0.122186828125 0.8283261796874999 0.092143909375 0.7124463515625 0.07068468125 0.6566523609375 0.036349917187500004 0.60085836875 0.053517300000000004 0.5472102999999999 0.0342039953125 0.46995708125 0.0513713765625 0.4206008578125 0.049225454687499996 0.377682403125 0.0342039953125 0.324034334375 0.05995506874999999 0.26824034375 0.06424691406250001 0.2360515015625 0.0578091453125 0.214592275 0.07068468125 0.169527896875 0.07068468125 0.13733905625 0.08570614062500001 0.1266094421875 0.11360313749999999 0.1051502140625 0.13077051875 0.019313304687499998 0.16725120625 0 0.1711138671875 0 0.8980298703124999 0.055793992187499995 0.9075945546874999 0.0802747546875 0.921875 0.1260058609375 0.921875 0.2103004296875 0.9204700890625 0.2253218890625 0.9097404765625001 0.21888412031249999 0.896864940625 0.2253218890625 0.883989403125 0.31759656718749996 0.879697559375 0.41201716718750003 0.8947190171875 0.43776824062499997 0.9075945546874999 0.43991416250000004 0.9183241671875001 0.478540771875 0.90544863125 0.48283261875 0.9204700890625 0.49055962812500004 0.921875 0.6401396375 0.921875 0.7982832625 0.8990108640625 0.9227467812500001 0.8732597906249999 0.9484978546875 0.8603842531250001 0.9763948499999999 0.8646761 1 0.8501498515625 1 0.1592039953125
2 0.809375 0.56875 0.2283203125 0.1376953125
2 0.0953125 0.40234375 0.175 0.110546875
2 0.76796875 0.4171875 0.1703125 0.0626953125
2 0.5875 0.1421875 0.2376953125 0.053125
2 0.86484375 0.3203125 0.0638671875 0.1751953125
0 0.44609375 0.3578125 0.3892578125 0.153515625
0 0.46796875 0.50234375 0.371875 0.0826171875
0 0.95703125 0.55078125 0.0859375 0.13125
0 0.76953125 0.20546875 0.2830078125 0.0984375
0 0.3609375 0.16015625 0.1470703125 0.0607421875
0 0.20078125 0.33671875 0.1294921875 0.0875
0 0.19453125 0.48046875 0.064453125 0.110546875
0 0.66796875 0.534375 0.059375 0.16328125