15 1 0.25390625 0.9921875 0.2421875 0.9453125 0.208984375 0.896484375 0.19921875 0.818359375 0.166015625 0.798828125 0.150390625 0.7890625 0.125 0.759765625 0.111328125 0.71875 0.111328125 0.69921875 0.099609375 0.669921875 0.10546875 0.619140625 0.1015625 0.5703125 0.078125 0.53125 0.091796875 0.486328125 0.09375 0.416015625 0.078125 0.3671875 0.095703125 0.31640625 0.080078125 0.265625 0.111328125 0.16015625 0.130859375 0.150390625 0.158203125 0.046875 0.17578125 0 0.193359375 0 0.818359375 0.025390625 0.833984375 0.05078125 0.830078125 0.07421875 0.841796875 0.1875 0.865234375 0.349609375 0.888671875 0.453125 0.888671875 0.474609375 0.884765625 0.478515625 0.87109375 0.513671875 0.8828125 0.515625 0.873046875 0.5390625 0.861328125 0.625 0.84765625 0.708984375 0.8515625 0.71484375 0.86328125 0.708984375 0.875 0.72265625 0.884765625 0.83984375 0.88671875 0.86328125 0.873046875 0.931640625 0.861328125 1 0.8359375 1 0.25390625
2 0.740625 0.56484375 0.20859375 0.12578125
2 0.090625 0.4125 0.159375 0.1
2 0.703125 0.4265625 0.15546875 0.0578125
2 0.53828125 0.1765625 0.2171875 0.0484375
2 0.790625 0.3390625 0.0578125 0.16015625
0 0.41015625 0.37265625 0.3546875 0.140625
0 0.43046875 0.5046875 0.33828125 0.075
0 0.9171875 0.5484375 0.16171875 0.1203125
0 0.95078125 0.490625 0.05703125 0.0421875
0 0.93515625 0.31015625 0.0640625 0.0890625
0 0.7046875 0.234375 0.2578125 0.08984375
0 0.3328125 0.19296875 0.134375 0.0546875
0 0.18671875 0.353125 0.1171875 0.0796875
0 0.18125 0.484375 0.059375 0.1
0 0.61171875 0.53359375 0.05390625 0.14921875