15 0 0.961659640625 0.0446588015625 0.9812659437500001 0.1262914546875 0.9996332906250001 0.2283322703125 0.997592475 0.3466996171875 0.9833067609375 0.5018016578125 0.9322863515625001 0.5528220671875 0.905755740625 0.5997608421875 0.8690210468749999 0.6528220671875 0.8077965562499999 0.6895567609375 0.7465720671875 0.696875 0.653264521875 0.696875 0.6380540453125 0.6813934953125 0.5567761484375 0.65078125 0.489429209375 0.595679209375 0.43228635156250006 0.49976084218750005 0.3649394140625 0.4548628828125 0.3465720671875 0.41404655625000003 0.315959821875 0.348740434375 0.289429209375 0.10320472031250001 0.289429209375 0.038536353125 0.315959821875 0 0.34739737187499997 0 0.961659640625
19 0.1109375 0.815625 0.0845703125 0.1064453125
19 0.0921875 0.725 0.0876953125 0.0751953125
19 0.25625 0.78046875 0.07578125 0.129296875
19 0.36015625 0.8453125 0.098046875 0.08125
19 0.47265625 0.49765625 0.128125 0.1017578125
19 0.58125 0.53671875 0.06171875 0.0609375
19 0.45859375 0.63515625 0.0546875 0.0794921875
19 0.1828125 0.65390625 0.102734375 0.084375
19 0.03125 0.55703125 0.0625 0.0609375
19 0.03515625 0.37578125 0.0669921875 0.059375
19 0.26328125 0.3984375 0.08125 0.05859375
19 0.33046875 0.4578125 0.051953125 0.046484375
19 0.3125 0.52578125 0.093359375 0.0861328125
19 0.04296875 0.62265625 0.0859375 0.0609375
19 0.08046875 0.5046875 0.0296875 0.05625
0 0.30625 0.625 0.0873046875 0.125390625
0 0.159375 0.4265625 0.0875 0.04140625
0 0.365625 0.3921875 0.0720703125 0.072265625
0 0.10703125 0.628125 0.0486328125 0.1408203125
0 0.178125 0.77265625 0.06953125 0.063671875
0 0.4625 0.7390625 0.2126953125 0.153515625
0 0.36328125 0.55546875 0.040625 0.0453125
0 0.22265625 0.528125 0.091796875 0.053515625
0 0.12578125 0.5234375 0.075 0.081640625