15 0 0.904296875 0.07421875 0.96484375 0.150390625 0.99609375 0.328125 1 0.37109375 0.990234375 0.43359375 0.96484375 0.47265625 0.935546875 0.515625 0.91796875 0.607421875 0.853515625 0.66015625 0.798828125 0.689453125 0.734375 0.705078125 0.65234375 0.697265625 0.552734375 0.662109375 0.494140625 0.611328125 0.435546875 0.56640625 0.400390625 0.517578125 0.375 0.369140625 0.326171875 0.255859375 0.3125 0.158203125 0.310546875 0.080078125 0.328125 0 0.36328125 0 0.904296875
19 0.14296875 0.81328125 0.08125 0.10234375
19 0.125 0.7265625 0.084375 0.07265625
19 0.28203125 0.78046875 0.0734375 0.1234375
19 0.38125 0.8421875 0.09375 0.078125
19 0.4890625 0.509375 0.12265625 0.09765625
19 0.59375 0.546875 0.0578125 0.0578125
19 0.47578125 0.64140625 0.05234375 0.075
19 0.2125 0.65859375 0.096875 0.08125
19 0.05703125 0.56796875 0.08203125 0.05859375
19 0.0703125 0.39296875 0.06328125 0.05625
19 0.2890625 0.4140625 0.078125 0.05546875
19 0.353125 0.47109375 0.05 0.04375
19 0.3359375 0.53671875 0.08828125 0.0828125
19 0.06015625 0.6296875 0.11953125 0.06015625
19 0.1140625 0.515625 0.028125 0.05390625
0 0.33046875 0.63125 0.0828125 0.12109375
0 0.18984375 0.44140625 0.08359375 0.040625
0 0.38671875 0.40859375 0.06953125 0.0703125
0 0.1390625 0.634375 0.04765625 0.1359375
0 0.2078125 0.77265625 0.0671875 0.06015625
0 0.4796875 0.740625 0.20390625 0.14765625
0 0.384375 0.56484375 0.0390625 0.04375
0 0.25 0.5390625 0.0875 0.0515625
0 0.1578125 0.534375 0.07109375 0.078125