15 1 0.21238226875000002 0.97468354375 0.1798325421875 0.9261603375 0.13552874374999999 0.7700421937499999 0.0532502625 0.6160337546875 0.015275579687499999 0.5063291140625 0.011056170312499999 0.34388185625 0.03848233125 0.177215190625 0.1059928796875 0.0189873421875 0.20725870156249998 0 0.22413633906250002 0 0.8320017500000001 0.0464135015625 0.8760350734375001 0.1371308015625 0.9372165078125001 0.23206751093750003 0.9667523734374999 0.37974683593749997 0.9920688296875 0.5159217015625 0.996875 0.568019015625 0.996875 0.6582278484375 0.98152030625 0.7974683546875 0.922448575 0.970464134375 0.8043051171875 1 0.77348508125 1 0.21238226875000002
19 0.22109375 0.4890625 0.1173828125 0.165234375
19 0.371875 0.51875 0.119140625 0.109375
19 0.428125 0.665625 0.09453125 0.084765625
19 0.63671875 0.78125 0.0767578125 0.071875
19 0.80625 0.58359375 0.0654296875 0.1232421875
19 0.7671875 0.23125 0.0716796875 0.069140625
19 0.79609375 0.3234375 0.0955078125 0.0625
19 0.3984375 0.1359375 0.0876953125 0.0658203125
19 0.28203125 0.19296875 0.0611328125 0.0546875
19 0.51328125 0.5890625 0.1173828125 0.053125
17 0.5 0.35 0.5029296875 0.278125