15 1 0.2799080421875 0.93495935 0.22209413125 0.782520325 0.1245331546875 0.62195121875 0.0594925046875 0.46544715468750003 0.033069740624999996 0.359756096875 0.03713478125 0.2113821140625 0.073720146875 0.060975609374999996 0.152988440625 0.0142276421875 0.1956713671875 0 0.21396405000000002 0 0.7782093671875 0.0182926828125 0.7972973828125001 0.18495935 0.911118521875 0.319105690625 0.9680290906250001 0.405958221875 0.9828125 0.45647548593750004 0.9828125 0.5873983734375 0.9781916921875 0.729674796875 0.9538014484374999 0.8211382109375001 0.9253461640625 0.9085365859375001 0.8664030734375 0.987804878125 0.791199821875 1 0.7698583593749999 1 0.2799080421875
19 0.20234375 0.49375 0.113671875 0.15703125
19 0.3484375 0.521875 0.116015625 0.105859375
19 0.40234375 0.66328125 0.0921875 0.082421875
19 0.603125 0.775 0.074609375 0.069140625
19 0.76640625 0.58515625 0.0625 0.11875
19 0.72890625 0.2453125 0.06875 0.0685546875
19 0.75703125 0.334375 0.0921875 0.0595703125
19 0.3734375 0.153125 0.084765625 0.06328125
19 0.2609375 0.20859375 0.059375 0.0517578125
19 0.484375 0.58984375 0.112890625 0.0515625
17 0.471875 0.359375 0.484375 0.2685546875