15 0 0.74609375 0.041015625 0.798828125 0.0859375 0.83984375 0.23046875 0.916015625 0.373046875 0.951171875 0.474609375 0.955078125 0.625 0.9296875 0.779296875 0.8671875 0.92578125 0.7734375 0.99609375 0.7109375 1 0.267578125 0.9765625 0.2265625 0.900390625 0.154296875 0.81640625 0.09765625 0.728515625 0.0703125 0.591796875 0.046875 0.42578125 0.041015625 0.333984375 0.056640625 0.205078125 0.111328125 0.044921875 0.220703125 0 0.267578125 0 0.74609375
19 0.221875 0.484375 0.109375 0.1515625
19 0.3625 0.5109375 0.11171875 0.1015625
19 0.41328125 0.64765625 0.08828125 0.07890625
19 0.60703125 0.75390625 0.071875 0.06640625
19 0.7640625 0.571875 0.06015625 0.1140625
19 0.728125 0.2453125 0.065625 0.06484375
19 0.7546875 0.33125 0.0890625 0.0578125
19 0.38671875 0.15703125 0.08203125 0.06171875
19 0.278125 0.21015625 0.05703125 0.05078125
19 0.49296875 0.5765625 0.109375 0.04921875
17 0.48046875 0.3546875 0.46484375 0.2578125