15 0 0 0 0.974891775 0.041847040625 1 0.98035298125 1 0.9870129875 0.9891774890624999 1 0.9753246750000001 1 0 0 0
2 0.9125 0.39140625 0.175 0.1548828125
2 0.66015625 0.06953125 0.1265625 0.1265625
2 0.16875 0.146875 0.1498046875 0.0595703125
2 0.13828125 0.33046875 0.203125 0.109375
2 0.21328125 0.659375 0.1609375 0.171875
2 0.48359375 0.36953125 0.1201171875 0.16875
2 0.8515625 0.8796875 0.271484375 0.240625
0 0.51328125 0.86796875 0.259375 0.2482421875
0 0.30234375 0.42578125 0.1078125 0.1140625
0 0.0234375 0.390625 0.046875 0.240625
0 0.15859375 0.7484375 0.113671875 0.047265625
0 0.33203125 0.60390625 0.0892578125 0.1267578125
0 0.4296875 0.540625 0.243359375 0.078515625
0 0.57890625 0.421875 0.0701171875 0.1345703125
0 0.665625 0.4546875 0.0466796875 0.0845703125
0 0.6390625 0.27734375 0.090234375 0.090625
0 0.42421875 0.2390625 0.0767578125 0.1001953125
0 0.50390625 0.196875 0.034375 0.059375
0 0.61953125 0.15234375 0.0875 0.0375
0 0.6484375 0.0765625 0.0251953125 0.0404296875