15 0 0 0 0.903846153125 0.034188034374999995 0.925213675 0.06623931562499999 0.959401709375 0.09122287968750001 1 0.9494301984375 1 1 0.9696581203125 1 0 0 0
2 0.93359375 0.41640625 0.1328125 0.1544921875
2 0.70546875 0.0984375 0.125 0.125
2 0.2203125 0.175 0.1470703125 0.059375
2 0.18984375 0.35546875 0.2013671875 0.1078125
2 0.2640625 0.68125 0.158984375 0.169140625
2 0.53125 0.39453125 0.1185546875 0.1671875
2 0.88046875 0.88984375 0.2390625 0.2203125
0 0.5578125 0.88125 0.25625 0.2375
0 0.3515625 0.45078125 0.10625 0.1125
0 0.05 0.415625 0.1 0.2375
0 0.209375 0.76875 0.1123046875 0.046875
0 0.38046875 0.62578125 0.088671875 0.126171875
0 0.478125 0.5640625 0.240234375 0.077734375
0 0.625 0.446875 0.06875 0.13203125
0 0.7109375 0.47890625 0.046484375 0.0830078125
0 0.684375 0.30390625 0.0876953125 0.0890625
0 0.471875 0.26640625 0.075390625 0.0986328125
0 0.55078125 0.22421875 0.033203125 0.058203125
0 0.66484375 0.18046875 0.0861328125 0.0375
0 0.69375 0.10546875 0.025 0.0390625