15 0.27734375 0 0.21875 0.025390625 0.162109375 0.013671875 0.123046875 0.0234375 0.091796875 0.07421875 0.0625 0.10546875 0 0.14453125 0 1 1 1 1 0.09765625 0.892578125 0.033203125 0.853515625 0 0.27734375 0
2 0.9125 0.41875 0.175 0.1421875
2 0.67578125 0.12734375 0.1140625 0.11484375
2 0.2328125 0.196875 0.134375 0.0546875
2 0.2046875 0.3625 0.18359375 0.0984375
2 0.27265625 0.659375 0.1453125 0.15546875
2 0.51640625 0.39765625 0.1078125 0.15234375
2 0.84921875 0.8671875 0.24296875 0.23125
0 0.54296875 0.84765625 0.234375 0.2234375
0 0.353125 0.44921875 0.09765625 0.10234375
0 0.07265625 0.41796875 0.1015625 0.21875
0 0.22265625 0.73984375 0.10234375 0.04296875
0 0.3796875 0.609375 0.08046875 0.11484375
0 0.46796875 0.55234375 0.21953125 0.07109375
0 0.60234375 0.4453125 0.06328125 0.121875
0 0.68125 0.475 0.04140625 0.0765625
0 0.65703125 0.31484375 0.08046875 0.08125
0 0.4625 0.28046875 0.06953125 0.090625
0 0.534375 0.2421875 0.03046875 0.053125
0 0.6390625 0.20234375 0.07890625 0.034375
0 0.66484375 0.13359375 0.02265625 0.0359375