15 0 0 0 1 1 1 1 0.19921875 0.953125 0.16015625 0.787109375 0.064453125 0.71484375 0 0 0
13 0.4046875 0.11875 0.1921875 0.103125
13 0.16171875 0.0390625 0.196875 0.078125
13 0.059375 0.14765625 0.11875 0.0921875
13 0.09453125 0.26484375 0.15859375 0.078125
13 0.27734375 0.2515625 0.19296875 0.0859375
13 0.17109375 0.3828125 0.259375 0.0921875
13 0.1828125 0.575 0.29140625 0.0734375
13 0.2625 0.790625 0.2890625 0.24765625
13 0.5671875 0.678125 0.3078125 0.17890625
13 0.015625 0.7484375 0.03046875 0.13203125
13 0.790625 0.884375 0.3640625 0.23125
13 0.8109375 0.578125 0.28046875 0.1703125
13 0.71640625 0.39453125 0.19453125 0.14921875
13 0.51953125 0.45078125 0.265625 0.1234375
13 0.4828125 0.3109375 0.2140625 0.12265625
13 0.49765625 0.19921875 0.1921875 0.06875
13 0.66953125 0.259375 0.2203125 0.10703125