15 0.2470137046875 0 0.2074688796875 0.035269709375 0.03112033125 0.1369294609375 0 0.1628630703125 0 1 1 1 1 0 0.2470137046875 0
13 0.3859375 0.09296875 0.203515625 0.109375
13 0.12734375 0.025 0.209375 0.05
13 0.04140625 0.1234375 0.0828125 0.0970703125
13 0.0703125 0.24609375 0.140625 0.0828125
13 0.25078125 0.234375 0.2048828125 0.0908203125
13 0.13828125 0.3734375 0.275 0.0970703125
13 0.15234375 0.5765625 0.3046875 0.0783203125
13 0.23515625 0.80625 0.3076171875 0.2625
13 0.55859375 0.68671875 0.3267578125 0.1892578125
13 0.79453125 0.890625 0.3859375 0.21875
13 0.81796875 0.58125 0.2984375 0.18125
13 0.7171875 0.3859375 0.2064453125 0.1591796875
13 0.50859375 0.4453125 0.2826171875 0.13125
13 0.46953125 0.29765625 0.2267578125 0.1298828125
13 0.48515625 0.17890625 0.2044921875 0.0732421875
13 0.6671875 0.2421875 0.2341796875 0.1126953125