15 0 0 0 1 0.7224848484375 1 0.792 0.9380000000000001 0.962 0.8400000000000001 1 0.8083333343750001 1 0 0 0
13 0.4 0.11796875 0.196484375 0.105078125
13 0.15078125 0.03828125 0.2017578125 0.0763671875
13 0.05390625 0.146875 0.1078125 0.09375
13 0.0828125 0.2671875 0.1625 0.07890625
13 0.26953125 0.25390625 0.1982421875 0.0875
13 0.16171875 0.38828125 0.265625 0.0951171875
13 0.1734375 0.58515625 0.29765625 0.075
13 0.2546875 0.80546875 0.2966796875 0.253125
13 0.56640625 0.690625 0.315625 0.1841796875
13 0.0078125 0.7609375 0.015625 0.134375
13 0.79375 0.890625 0.371875 0.2185546875
13 0.8171875 0.58828125 0.2875 0.1736328125
13 0.71953125 0.4 0.1986328125 0.153125
13 0.51796875 0.4578125 0.271875 0.127734375
13 0.48046875 0.31484375 0.21875 0.1263671875
13 0.49609375 0.2 0.196875 0.06953125
13 0.671875 0.26171875 0.225 0.109375