15 1 0.25128700625 0.89136325625 0.16772756093750002 0.73044495625 0.32253568125 0.664853290625 0.3400281203125 0.6666025078125 0.291049303125 0.609756396875 0.2630614296875 0.5870179015625 0.33390565781250003 0.6193764296875 0.3732636453125 0.542415515625 0.465099078125 0.49781326249999996 0.4511051421875 0.4742002890625 0.4624751890625 0.3893682953125 0.44060963906249995 0.3972393765625 0.427490309375 0.3675044078125 0.3933801078125 0.3141566 0.37588766875 0.28442163125 0.34964901406250004 0.211833628125 0.3409027953125 0.1191306875 0.30941635 0.07742778125000001 0.29121779062500003 0 0.345157053125 0 0.6302266750000001 0.0404206890625 0.6373995703124999 0.12087977187500001 0.694249996875 0.257310490625 0.758972065625 0.3919919875 0.78258683125 0.49518956875000003 0.7869599390625 0.5931397640625 0.7790883640625 0.688466396875 0.7519750625 0.7977858390625 0.7126171109375 0.9254708687500001 0.6548920093749999 0.9945607031250001 0.6417726828125 1 0.6209702015625 1 0.25128700625
11 0.85546875 0.39609375 0.0576171875 0.0580078125
11 0.85234375 0.5171875 0.0673828125 0.065625
11 0.63203125 0.63671875 0.0796875 0.0919921875
11 0.51328125 0.43125 0.076171875 0.078515625
11 0.25703125 0.32421875 0.0640625 0.05
11 0.15078125 0.50859375 0.0736328125 0.084375
11 0.45390625 0.25078125 0.0421875 0.0375
17 0.27734375 0.44453125 0.1140625 0.1361328125
17 0.45859375 0.3375 0.2638671875 0.084375
17 0.6203125 0.2578125 0.184765625 0.068359375
17 0.6640625 0.321875 0.134375 0.050390625
17 0.36953125 0.23984375 0.06875 0.0951171875
17 0.17578125 0.33359375 0.0875 0.0515625
17 0.08203125 0.44296875 0.0732421875 0.0607421875
17 0.17578125 0.4359375 0.0859375 0.0373046875
17 0.315625 0.31953125 0.0435546875 0.1015625
17 0.38828125 0.421875 0.103125 0.08125
17 0.25859375 0.53359375 0.110546875 0.0578125
17 0.015625 0.44765625 0.01875 0.051171875
17 0.5078125 0.253125 0.034765625 0.062890625