15 1 0.329354534375 0.9684274187499999 0.3237517875 0.88535178125 0.26505256718750003 0.744484290625 0.198225715625 0.6054229062500001 0.1738429890625 0.49886930625000003 0.1693276671875 0.3977337390625 0.1774552296875 0.299307053125 0.2054502640625 0.1864325078125 0.24608814843750001 0.0545951203125 0.3056904875 0 0.3160574453125 0 0.739617609375 0.088661084375 0.8078125 0.0907320453125 0.8078125 0.2559633375 0.64885515625 0.32368806562499997 0.6307938562500001 0.3218819640625 0.6813654796875 0.380576728125 0.710263528125 0.40405468750000006 0.6371154203125 0.37064385 0.5964775015625 0.45010755625 0.501655546875 0.49616029062499994 0.5161045718749999 0.5205411640625 0.50436476875 0.6081319234375 0.5269413921874999 0.600004871875 0.5404873671875 0.63070683125 0.575706840625 0.6857895265625 0.593768140625 0.7164914859375 0.6208600875 0.791440075 0.6298907375 0.8871577453124999 0.6624011296875 0.93021684375 0.6811915140625 1 0.6325778 1 0.329354534375
11 0.87265625 0.4046875 0.059375 0.059765625
11 0.8703125 0.53046875 0.07109375 0.067578125
11 0.6421875 0.653125 0.0814453125 0.0939453125
11 0.51953125 0.44140625 0.078125 0.08125
11 0.25546875 0.33046875 0.065625 0.0517578125
11 0.1453125 0.52109375 0.077734375 0.0875
11 0.45859375 0.2546875 0.04375 0.037890625
17 0.2765625 0.4546875 0.116015625 0.1408203125
17 0.46328125 0.34453125 0.271875 0.0861328125
17 0.63046875 0.2625 0.190625 0.069140625
17 0.675 0.328125 0.13828125 0.053125
17 0.37109375 0.24375 0.070703125 0.097265625
17 0.17109375 0.340625 0.089453125 0.053515625
17 0.07421875 0.45390625 0.075 0.061328125
17 0.171875 0.44609375 0.087890625 0.0388671875
17 0.31640625 0.32578125 0.04375 0.1046875
17 0.390625 0.43125 0.106640625 0.083984375
17 0.25703125 0.546875 0.1140625 0.0595703125
17 0.00703125 0.45703125 0.0140625 0.053125
17 0.5140625 0.25703125 0.034765625 0.065625