15 1 0.35008954375 0.9906969468750001 0.31451020937499996 0.9221468765624999 0.301493375 0.7954593875 0.2442192515625 0.6869940031249999 0.2051687828125 0.592412109375 0.17826730625 0.49522715 0.1704572265625 0.39283580156250003 0.1747961703125 0.25920650156249997 0.1982264453125 0.12384164843750001 0.2624428734375 0.0440111515625 0.31884915468749997 0 0.3266592015625 0 0.6060872796875 0.0807291265625 0.662326390625 0.12210622812500001 0.64427000625 0.214084928125 0.61302955 0.28610583749999996 0.6043516624999999 0.3156085015625 0.57831799375 0.3685395296875 0.5609622140625 0.39804219375 0.5271185 0.3902326046875 0.5141016640625 0.47440185 0.49240694218750003 0.49783034531250003 0.5036881578125 0.5420841453125 0.48980354843749996 0.6184438015625 0.5809215203125 0.5863380734375 0.619972021875 0.608898925 0.6902627796874999 0.6653009265625001 0.6624935609375 0.663565375 0.6138973921875001 0.7286446046874999 0.631253171875 0.88830573125 0.7848518531249999 1 0.6989406703125 1 0.35008954375
11 0.85234375 0.396875 0.05703125 0.05859375
11 0.85 0.5171875 0.06796875 0.065625
11 0.63046875 0.63515625 0.07890625 0.090625
11 0.51328125 0.43203125 0.075 0.078125
11 0.259375 0.325 0.06328125 0.05
11 0.153125 0.50859375 0.0734375 0.084375
11 0.4546875 0.253125 0.0421875 0.03671875
17 0.27890625 0.44453125 0.11328125 0.1359375
17 0.45859375 0.33828125 0.2609375 0.08359375
17 0.61875 0.26015625 0.18359375 0.06796875
17 0.6625 0.3234375 0.13359375 0.05078125
17 0.3703125 0.2421875 0.06796875 0.09375
17 0.178125 0.33515625 0.08671875 0.0515625
17 0.08515625 0.44375 0.071875 0.059375
17 0.178125 0.43671875 0.08515625 0.03671875
17 0.3171875 0.32109375 0.0421875 0.1
17 0.3890625 0.42265625 0.10234375 0.08046875
17 0.2609375 0.53359375 0.109375 0.0578125
17 0.01953125 0.44765625 0.01875 0.05078125
17 0.5078125 0.2546875 0.034375 0.06328125