15 1 0.1868429421875 0.9696969703124999 0.17979572500000002 0.90692640625 0.151657196875 0.8398268390625001 0.138670184375 0.7316017312499999 0.101873646875 0.435064934375 0.0910511359375 0.2770562765625 0.0997091453125 0.177489178125 0.1429991875 0.1298701296875 0.13434117968749998 0.10606060625 0.1559862015625 0 0.2028976234375 0 1 1 1 1 0.1868429421875
13 0.5046875 0.91171875 0.141015625 0.14375
13 0.36953125 0.671875 0.15 0.1248046875
13 0.83515625 0.87109375 0.1767578125 0.1451171875
13 0.72890625 0.70625 0.1388671875 0.1125
13 0.55546875 0.71796875 0.0703125 0.1482421875
13 0.49296875 0.58125 0.0701171875 0.124609375
13 0.3484375 0.56015625 0.109375 0.0923828125
13 0.03125 0.6203125 0.0625 0.10625
13 0.1421875 0.52890625 0.141015625 0.1265625
13 0.146875 0.3515625 0.1314453125 0.077734375
13 0.3046875 0.35859375 0.13125 0.0732421875
13 0.240625 0.4703125 0.2283203125 0.115234375
13 0.6109375 0.4625 0.084375 0.109765625
13 0.765625 0.58046875 0.1470703125 0.13125
13 0.95625 0.63828125 0.0875 0.1515625
13 0.73046875 0.4828125 0.1044921875 0.065234375
13 0.7796875 0.42109375 0.1064453125 0.025
13 0.68984375 0.37109375 0.0736328125 0.0423828125
13 0.84609375 0.35234375 0.13125 0.0875
13 0.975 0.3828125 0.05 0.078125
13 0.98359375 0.275 0.0328125 0.05625
13 0.87578125 0.18515625 0.101953125 0.073046875
13 0.7640625 0.2640625 0.090234375 0.050390625
13 0.6640625 0.19296875 0.0935546875 0.053125
13 0.6703125 0.28125 0.116015625 0.062109375
13 0.58046875 0.3265625 0.0546875 0.0689453125
13 0.5265625 0.2578125 0.0935546875 0.047265625
13 0.28359375 0.2640625 0.1078125 0.065234375
13 0.26015625 0.17890625 0.113671875 0.059375
13 0.190625 0.7546875 0.172265625 0.128515625
13 0.51328125 0.4546875 0.0673828125 0.1158203125
13 0.4765625 0.23828125 0.04140625 0.0375