15 1 0.1672298125 0.9265306125 0.1347337375 0.9040816328125001 0.11432557343750001 0.8591836734375 0.12248883906250001 0.7653061218749999 0.0816725125 0.61632653125 0.073509246875 0.33673469375 0.083713328125 0.234693878125 0.11840720625000001 0.171428571875 0.1306521046875 0.1122448984375 0.15718271718750002 0.0244897953125 0.1775908796875 0 0.18983577812500002 0 1 1 1 1 0.1672298125
13 0.45 0.84765625 0.133984375 0.1359375
13 0.321875 0.62109375 0.1408203125 0.1171875
13 0.7609375 0.809375 0.16640625 0.13671875
13 0.6609375 0.65390625 0.12890625 0.10625
13 0.496875 0.66484375 0.0658203125 0.1390625
13 0.43828125 0.53515625 0.065625 0.1169921875
13 0.3015625 0.515625 0.103125 0.0875
13 0.01640625 0.57265625 0.0328125 0.1
13 0.1078125 0.4859375 0.134375 0.1189453125
13 0.11171875 0.31875 0.1236328125 0.071875
13 0.2609375 0.3265625 0.122265625 0.0685546875
13 0.2 0.43125 0.215625 0.106640625
13 0.54921875 0.42421875 0.0796875 0.1044921875
13 0.6953125 0.53515625 0.140234375 0.1234375
13 0.9171875 0.58984375 0.165625 0.1423828125
13 0.6625 0.44296875 0.0970703125 0.0607421875
13 0.70859375 0.384375 0.1015625 0.024609375
13 0.62421875 0.3375 0.069921875 0.040625
13 0.77109375 0.31953125 0.1234375 0.0828125
13 0.934375 0.34921875 0.1310546875 0.0734375
13 0.94296875 0.246875 0.1140625 0.053125
13 0.79921875 0.1625 0.095703125 0.06875
13 0.69375 0.23671875 0.084765625 0.048046875
13 0.59921875 0.16953125 0.0888671875 0.05
13 0.60546875 0.253125 0.110546875 0.05703125
13 0.5203125 0.2953125 0.052734375 0.065625
13 0.46953125 0.23046875 0.0888671875 0.0453125
13 0.24140625 0.23671875 0.1015625 0.0609375
13 0.21875 0.15625 0.106640625 0.055859375
13 0.153125 0.7 0.1625 0.1216796875
13 0.45703125 0.41640625 0.0640625 0.110546875
13 0.4234375 0.2125 0.0404296875 0.0345703125