15 1 0.21875 0.96484375 0.201171875 0.880859375 0.181640625 0.82421875 0.15625 0.763671875 0.14453125 0.666015625 0.111328125 0.3984375 0.1015625 0.255859375 0.109375 0.166015625 0.1484375 0.123046875 0.140625 0.1015625 0.16015625 0 0.205078125 0 1 1 1 1 0.21875
13 0.46171875 0.8421875 0.128125 0.1296875
13 0.3390625 0.62578125 0.13515625 0.1125
13 0.759375 0.80546875 0.16015625 0.13046875
13 0.6640625 0.65703125 0.12421875 0.1015625
13 0.50703125 0.6671875 0.06328125 0.1328125
13 0.45078125 0.54375 0.06328125 0.1109375
13 0.3203125 0.525 0.09921875 0.084375
13 0.03203125 0.5796875 0.06328125 0.0953125
13 0.134375 0.496875 0.12890625 0.1140625
13 0.13828125 0.33671875 0.11875 0.06875
13 0.28046875 0.34375 0.11796875 0.065625
13 0.22265625 0.44375 0.20625 0.10234375
13 0.55703125 0.43671875 0.07578125 0.09921875
13 0.696875 0.54375 0.13359375 0.11796875
13 0.915625 0.59609375 0.16875 0.13671875
13 0.665625 0.45546875 0.09375 0.0578125
13 0.709375 0.39921875 0.096875 0.02265625
13 0.628125 0.35390625 0.06640625 0.0390625
13 0.76953125 0.3375 0.11875 0.07890625
13 0.92734375 0.36640625 0.12578125 0.071875
13 0.93984375 0.26875 0.1203125 0.05
13 0.79609375 0.18671875 0.0921875 0.065625
13 0.6953125 0.2578125 0.08125 0.0453125
13 0.6046875 0.19375 0.084375 0.04765625
13 0.6109375 0.2734375 0.10546875 0.0546875
13 0.5296875 0.3140625 0.04921875 0.06328125
13 0.48125 0.25234375 0.084375 0.04375
13 0.26171875 0.2578125 0.09765625 0.05859375
13 0.240625 0.18125 0.10234375 0.053125
13 0.178125 0.70078125 0.15546875 0.115625
13 0.46875 0.4296875 0.06171875 0.10546875
13 0.4359375 0.234375 0.03828125 0.03359375