15 0.186317975 0.8473326296874999 0.21885759062500001 0.889854234375 0.2930478734375 0.9367149171875001 0.364635025 0.96708753125 0.44403166875 0.99225335625 0.6418725875 1 0.7733328125 0.96882308125 0.8820149078125 0.8820441875 0.9555545578125001 0.7674961406249999 0.9854908453125001 0.63645989375 0.9991575234375001 0.60782283125 1 0.37091648906249997 0.9874433421875001 0.31537798437500003 0.9601099859375 0.2520293671875 0.8488244609375 0.1591759421875 0.766173859375 0.0992985265625 0.6574915640625 0.0723970828125 0.5637775125 0.05417356250000001 0.4837300375 0.0611158 0.40368256406249997 0.0680581375 0.32103196093749997 0.0767360265625 0.265714615625 0.08628169218750001 0.22796864218750001 0.11838989062500001 0.1876195390625 0.16004375312500002 0.1407625125 0.21297886406250002 0.1010641421875 0.2598394796875 0.060064206249999995 0.3145102078125 0.003445296875 0.38740442656249996 0.0019530953125 0.39105902812500004 0 0.594805996875 0.065270565625 0.7058830078125 0.13165136093750002 0.7796450671875 0.186317975 0.8473326296874999
0 0.62109375 0.34375 0.13203125 0.0875
0 0.265625 0.33125 0.13046875 0.09765625
0 0.3078125 0.49453125 0.22734375 0.13671875
0 0.16328125 0.5546875 0.07265625 0.075
0 0.3453125 0.69140625 0.0421875 0.12265625
0 0.4703125 0.67109375 0.17421875 0.178125
0 0.53984375 0.56171875 0.109375 0.0640625
0 0.4953125 0.36640625 0.04296875 0.06796875
0 0.4125 0.40234375 0.084375 0.078125
0 0.409375 0.290625 0.0890625 0.08203125
0 0.51171875 0.2265625 0.053125 0.1140625
0 0.6203125 0.48203125 0.0609375 0.06953125
0 0.77421875 0.45078125 0.09609375 0.0578125
0 0.753125 0.359375 0.0890625 0.09375
0 0.765625 0.2421875 0.06328125 0.0765625
0 0.82734375 0.59375 0.0984375 0.09375
0 0.571875 0.6953125 0.05078125 0.04296875