15 0.24895763437500001 0 0.2131432234375 0.00619816875 0.171130315625 0.042039878125 0.126220009375 0.08853721249999999 0.0740661 0.1476275703125 0.029880089062499997 0.19993709375 0 0.2398960578125 0 0.7089455171875 0.06392499375 0.7801851921875 0.1247713109375 0.8557434015625001 0.1609893171875 0.9032093781249999 0.243566328125 0.9555189765625001 0.323245940625 0.989423290625 0.356518090625 1 0.74182135 1 0.7781443484375 0.9913606484375 0.8991122453125 0.8944911859375001 0.9809650734375 0.7666235984374999 1 0.6830622640625 1 0.223677546875 0.9860354625 0.191218828125 0.8621698343749999 0.08756849375 0.770176121875 0.0207285875 0.68667500625 0 0.24895763437500001 0
0 0.609375 0.29375 0.146875 0.0970703125
0 0.21328125 0.2796875 0.1453125 0.109375
0 0.26015625 0.46171875 0.253125 0.153125
0 0.09921875 0.52890625 0.08125 0.084375
0 0.3015625 0.68125 0.046875 0.1375
0 0.440625 0.659375 0.1939453125 0.1998046875
0 0.51875 0.5375 0.121875 0.0716796875
0 0.46875 0.31875 0.0470703125 0.0751953125
0 0.37578125 0.35859375 0.094921875 0.0875
0 0.37265625 0.234375 0.0986328125 0.0908203125
0 0.4875 0.16328125 0.059375 0.126953125
0 0.60703125 0.44765625 0.0673828125 0.0767578125
0 0.77890625 0.4125 0.1076171875 0.0654296875
0 0.75546875 0.31171875 0.098828125 0.1046875
0 0.76953125 0.18046875 0.0703125 0.0857421875
0 0.83828125 0.57265625 0.109375 0.1046875
0 0.5546875 0.6859375 0.05625 0.0470703125