15 0.39556200937499997 0 0.38038135 0.0048187874999999995 0.299648703125 0.0391219765625 0.21598036562499998 0.0920469828125 0.1792837078125 0.1400713828125 0.11763325312499999 0.21651851249999998 0.0427720921875 0.29982625 0 0.37272255312499997 0 0.6942696140625 0.036900603125 0.74184729375 0.08313841562499999 0.803593059375 0.1279083828125 0.8565179875 0.18075155 0.9163035265625 0.2262553859375 0.9633478875 0.26882353124999997 0.9996112640625 0.2710729515625 1 0.772343353125 1 0.833218096875 0.9849099000000001 0.9264275859375 0.9172836406249999 1 0.8558066703125 1 0.1572462828125 0.963858221875 0.100867740625 0.8412916296875 0.0028586375 0.8292556296875 0 0.39556200937499997 0
0 0.6703125 0.29140625 0.1498046875 0.0984375
0 0.26875 0.27734375 0.146875 0.1109375
0 0.31640625 0.4609375 0.25625 0.153515625
0 0.15390625 0.52890625 0.0826171875 0.0857421875
0 0.35859375 0.68359375 0.0482421875 0.1390625
0 0.49921875 0.6609375 0.196875 0.202734375
0 0.578125 0.5375 0.124609375 0.071875
0 0.528125 0.31640625 0.049609375 0.0765625
0 0.43359375 0.35703125 0.0953125 0.0888671875
0 0.43046875 0.23125 0.1 0.093359375
0 0.54609375 0.159375 0.0607421875 0.1283203125
0 0.66796875 0.44765625 0.06875 0.078125
0 0.8421875 0.41171875 0.10859375 0.065625
0 0.81796875 0.309375 0.1013671875 0.1060546875
0 0.8328125 0.1765625 0.0716796875 0.084765625
0 0.90234375 0.57421875 0.1109375 0.1048828125
0 0.61484375 0.68828125 0.057421875 0.0484375