15 0.23040394375 0 0.21968303906250003 0.02880618125 0.163267184375 0.05877928125 0.061013542187500006 0.0949234328125 0.0178202703125 0.0949234328125 0 0.11606345625 0 0.8571111374999999 0.035450198437500004 0.8980276109374999 0.084814053125 0.8856857437500001 0.454161015625 0.6811630046875 0.5925559328125 0.862765078125 0.6714670828125 1 0.768921728125 1 0.78912966875 0.9932364484375 0.859649384375 0.9826577140625 0.920472721875 0.9429873625 0.9892293375 0.9315270124999999 1 0.92701753125 1 0.1510759984375 0.9495619984375001 0.10285744999999999 0.8658198328125 0.07905526562500001 0.7794332890625 0.05525308125 0.7018615734375 0.0314507640625 0.5828595515624999 0.027042946875 0.477079978125 0.0235167453125 0.3298700953125 0.0243983625 0.28403217187499996 0.0014776625 0.26145619999999997 0 0.23040394375 0
2 0.6515625 0.63359375 0.308984375 0.253125
2 0.24375 0.51171875 0.4095703125 0.2171875
2 0.36875 0.303125 0.2466796875 0.153125
2 0.809375 0.33203125 0.262890625 0.1609375
2 0.94296875 0.55 0.1140625 0.2125
2 0.86640625 0.17421875 0.0640625 0.0669921875
2 0.3484375 0.0890625 0.128515625 0.1564453125
2 0.0921875 0.1875 0.184375 0.144140625
12 0.5515625 0.40703125 0.177734375 0.1392578125
12 0.80078125 0.5 0.265625 0.187109375
0 0.09140625 0.19453125 0.1482421875 0.1111328125
0 0.371875 0.30078125 0.221875 0.079296875
0 0.3140625 0.49453125 0.1189453125 0.1046875
0 0.69921875 0.684375 0.159375 0.103125
0 0.9796875 0.52734375 0.040625 0.0515625