15 0.272222346875 0 0.2114817328125 0.020329746875 0.1420638875 0.0307431875 0.0821909140625 0.0697936890625 0.014508621874999999 0.081074971875 0 0.08714946875 0 0.8455970781250001 0.053556157812500005 0.896796571875 0.1359898515625 0.9202268468750001 0.22102660625 0.9436571234375 0.2973862640625 0.9670875296875 0.41452887812499994 0.971426475 0.518655646875 0.974897578125 0.663565375 0.9740297359375001 0.7086870796875 0.9965923015625 0.7607504640625 1 0.7720307578125001 0.9696907906250001 0.8275651156249999 0.9401860187500001 0.9282210453124999 0.904606621875 0.9707394218750001 0.904606621875 1 0.8698950625 1 0.1678538328125 0.9533849609375 0.1140509453125 0.904792415625 0.12619997031250002 0.5412165 0.32752704375 0.40498400468750007 0.14876250156249998 0.3194444046875 0 0.272222346875 0
2 0.6453125 0.63671875 0.30390625 0.2484375
2 0.24375 0.5171875 0.40390625 0.2140625
2 0.3671875 0.3125 0.24296875 0.15078125
2 0.80078125 0.33984375 0.26015625 0.15859375
2 0.93828125 0.55546875 0.1234375 0.209375
2 0.85625 0.18515625 0.06328125 0.06484375
2 0.346875 0.10078125 0.128125 0.1546875
2 0.09375 0.1984375 0.18671875 0.14140625
12 0.546875 0.4140625 0.17421875 0.1375
12 0.7921875 0.50625 0.26171875 0.1828125
0 0.09453125 0.2046875 0.1453125 0.11015625
0 0.3703125 0.309375 0.21796875 0.07734375
0 0.31328125 0.5 0.11796875 0.103125
0 0.6921875 0.68671875 0.15703125 0.1015625
0 0.975 0.53359375 0.04921875 0.04921875