15 0.678450546875 0 0.633437640625 0.078282253125 0.48246136718750005 0.27639360625 0.079537409375 0.05327788906249999 0.02568593125 0.039814034375 0 0.0694606296875 0 0.9082722140625 0.00645328125 0.9159276843749999 0.0535732140625 0.9159276843749999 0.1651226421875 0.9553576671874999 0.2266672125 0.9880555953125001 0.23111260625000002 1 0.3326006015625 1 0.3468712734375 0.9928641234375 0.507463871875 0.9938258875000001 0.6228597703125 0.9899791234374999 0.7526801578125 0.9851705953125001 0.8373038484374999 0.9592044312500001 0.9315437140625 0.9332384109375 1 0.9137809593749999 1 0 0.678450546875 0
2 0.6328125 0.61953125 0.337109375 0.276171875
2 0.20546875 0.4859375 0.4109375 0.234765625
2 0.32421875 0.259375 0.26875 0.166015625
2 0.80546875 0.290625 0.2888671875 0.1751953125
2 0.94453125 0.52890625 0.1107421875 0.23125
2 0.8671875 0.11796875 0.069140625 0.073046875
2 0.30078125 0.05546875 0.1423828125 0.1107421875
2 0.06171875 0.1328125 0.1234375 0.158984375
12 0.5234375 0.37265625 0.1935546875 0.1517578125
12 0.7953125 0.47421875 0.2904296875 0.2017578125
0 0.05078125 0.13984375 0.1015625 0.1234375
0 0.328125 0.25625 0.24296875 0.08671875
0 0.26484375 0.46796875 0.1298828125 0.1140625
0 0.684375 0.675 0.1748046875 0.1125
0 0.984375 0.5046875 0.03125 0.05625