15 0.10382012812500001 0.26456151875 0.046733512500000005 0.3561845546875 0.027048473437499998 0.4242473828125 0.027048473437499998 0.5027814140625 0.0329539859375 0.5708442406249999 0.050670521875 0.63890706875 0.0782295765625 0.7069698953125 0.1845287890625 0.837859946875 0.27114296250000003 0.898069371875 0.3203555609375 0.9190117796875 0.4109067421875 0.9399541890625001 0.5393270234374999 0.95 0.54577204375 0.95 0.71208784375 0.8797447640625 0.779016978125 0.83000654375 0.853820128125 0.7514725125 0.8813791828124999 0.6258180624999999 0.890625 0.542208759375 0.890625 0.528679253125 0.8833476859375 0.429482984375 0.86169414375 0.366655759375 0.7593319390625 0.20173429375000002 0.725867371875 0.162467278125 0.6550012296875 0.1258180625 0.53098548125 0.1127290578125 0.46011934062500004 0.131053665625 0.332166584375 0.12843586406250002 0.18059178125 0.1912630890625 0.10382012812500001 0.26456151875
2 0.5734375 0.4484375 0.1 0.0935546875
2 0.703125 0.42265625 0.1095703125 0.0546875
2 0.5765625 0.3296875 0.053515625 0.083984375
2 0.35390625 0.21796875 0.0673828125 0.0390625
2 0.53125 0.1953125 0.06875 0.0626953125
2 0.246875 0.27421875 0.050390625 0.059375
2 0.2359375 0.48984375 0.0654296875 0.075
2 0.40546875 0.4875 0.065625 0.05546875
2 0.51015625 0.33828125 0.0455078125 0.040625
2 0.47578125 0.75546875 0.059375 0.0701171875
2 0.159375 0.50703125 0.050390625 0.0388671875
7 0.35625 0.690625 0.2216796875 0.25
7 0.671875 0.63046875 0.205859375 0.1953125
7 0.68125 0.50390625 0.1466796875 0.0578125
7 0.68828125 0.325 0.1625 0.178125
7 0.4125 0.43046875 0.1689453125 0.153125
7 0.434375 0.27890625 0.159375 0.1044921875
7 0.22265625 0.38203125 0.1953125 0.139453125
0 0.165625 0.63125 0.06875 0.066015625
0 0.1109375 0.5234375 0.062109375 0.11640625
0 0.265625 0.36015625 0.19375 0.0986328125
0 0.396875 0.1578125 0.065625 0.056640625
0 0.42109375 0.203125 0.073046875 0.049609375
0 0.51953125 0.259375 0.1576171875 0.050390625
0 0.52890625 0.64921875 0.1453125 0.1890625
0 0.7359375 0.48046875 0.196484375 0.0861328125