15 0.181640625 0.1901041671875 0.10546875 0.2630208328125 0.048828125 0.3541666671875 0.029296875 0.421875 0.029296875 0.5 0.03515625 0.5677083328125 0.052734375 0.6354166671875 0.080078125 0.703125 0.185546875 0.8333333328125001 0.271484375 0.8932291671874999 0.3203125 0.9140625 0.41015625 0.9348958328125001 0.54296875 0.9453125 0.708984375 0.875 0.775390625 0.8255208328125001 0.849609375 0.7473958328125 0.876953125 0.6223958328125 0.88671875 0.5338541671875 0.87890625 0.4270833328125 0.857421875 0.3645833328125 0.755859375 0.20052083281250002 0.72265625 0.1614583328125 0.65234375 0.125 0.529296875 0.1119791671875 0.458984375 0.1302083328125 0.33203125 0.1276041671875 0.181640625 0.1901041671875
2 0.57109375 0.44609375 0.09921875 0.09296875
2 0.7 0.4203125 0.109375 0.05390625
2 0.57421875 0.328125 0.0546875 0.08203125
2 0.353125 0.2171875 0.0671875 0.03828125
2 0.52890625 0.19453125 0.06796875 0.0625
2 0.246875 0.27265625 0.05078125 0.05859375
2 0.2359375 0.48671875 0.06484375 0.075
2 0.40390625 0.48515625 0.065625 0.05390625
2 0.5078125 0.3359375 0.04609375 0.03984375
2 0.47421875 0.7515625 0.05859375 0.06875
2 0.16015625 0.5046875 0.05078125 0.03828125
7 0.35546875 0.68671875 0.21953125 0.2484375
7 0.66875 0.62734375 0.20390625 0.19453125
7 0.678125 0.5015625 0.1453125 0.0578125
7 0.68515625 0.3234375 0.16171875 0.1765625
7 0.4109375 0.428125 0.16796875 0.15234375
7 0.4328125 0.27734375 0.1578125 0.103125
7 0.22265625 0.3796875 0.19375 0.13984375
0 0.16640625 0.628125 0.06796875 0.065625
0 0.1125 0.52109375 0.0609375 0.11640625
0 0.265625 0.3578125 0.1921875 0.0984375
0 0.39609375 0.15703125 0.06484375 0.05703125
0 0.4203125 0.2015625 0.071875 0.0484375
0 0.51796875 0.25859375 0.15625 0.0515625
0 0.5265625 0.6453125 0.14453125 0.18828125
0 0.73203125 0.478125 0.19375 0.08671875