15 0.0469764984375 0.7066426703124999 0.10406311406249999 0.79826570625 0.1808347671875 0.8715641359375 0.33240957031249996 0.9343913609375001 0.4603623265625 0.931773559375 0.530848828125 0.95 0.53215858125 0.95 0.655244215625 0.9370091625000001 0.7261103578125 0.900359946875 0.759574925 0.86109293125 0.8619371296875 0.696171465625 0.8835906734375 0.6333442406249999 0.890625 0.5374600875 0.890625 0.518421159375 0.8816221687500001 0.4370091625 0.8540631140625001 0.3113547125 0.779259965625 0.23282068125 0.7123308296875 0.1830824609375 0.5452403875 0.1125 0.543753078125 0.1125 0.4111497296875 0.12287303593750001 0.320598546875 0.14381544531249998 0.27138594843749997 0.164757853125 0.184771775 0.224967278125 0.0784725625 0.3558573296875 0.0509135078125 0.42392015625 0.033196971874999995 0.491982984375 0.027291459375 0.5600458109375 0.027291459375 0.6385798421875 0.0469764984375 0.7066426703124999
2 0.5734375 0.4484375 0.1 0.0935546875
2 0.703125 0.42265625 0.1095703125 0.0546875
2 0.5765625 0.3296875 0.053515625 0.083984375
2 0.35390625 0.21796875 0.0673828125 0.0390625
2 0.53125 0.1953125 0.06875 0.062890625
2 0.246875 0.27421875 0.0501953125 0.059375
2 0.2359375 0.48984375 0.065234375 0.075
2 0.40546875 0.4875 0.065625 0.055859375
2 0.51015625 0.33828125 0.0455078125 0.040625
2 0.47578125 0.75546875 0.059375 0.069921875
2 0.159375 0.50703125 0.050390625 0.0388671875
7 0.35625 0.690625 0.2216796875 0.25
7 0.671875 0.63046875 0.2060546875 0.1953125
7 0.68125 0.50390625 0.1466796875 0.0578125
7 0.68828125 0.325 0.1625 0.178125
7 0.4125 0.43046875 0.1689453125 0.153125
7 0.434375 0.27890625 0.159375 0.1044921875
7 0.22265625 0.38203125 0.1953125 0.1392578125
0 0.165625 0.63125 0.06875 0.0658203125
0 0.1109375 0.5234375 0.0623046875 0.116015625
0 0.265625 0.36015625 0.19375 0.0986328125
0 0.396875 0.1578125 0.065625 0.0564453125
0 0.42109375 0.203125 0.0732421875 0.0498046875
0 0.51953125 0.259375 0.1576171875 0.050390625
0 0.52890625 0.64921875 0.1453125 0.1890625
0 0.7359375 0.48046875 0.196484375 0.0861328125