15 1 0.09107142812499999 0.9330357140625001 0.053571428125 0.8303571421875 0.024553571875 0.6205357140625 0 0.41741071406249997 0.0357142859375 0.2321428578125 0.0892857140625 0.125 0.0959821421875 0.09375 0.1428571421875 0.0022321421875000002 0.16741071406250002 0 0.16886160781249998 0 0.8989158171874999 0.116071428125 0.9486607140625001 0.25446428593750003 0.9732142859374999 0.36607142812500004 0.96875 0.43303571406249997 0.9933035718750001 0.47991071406249997 0.9866071421875 0.5418526781249999 1 0.5739795921875 1 0.6026785718750001 0.9888392859374999 0.6674107140625 0.9821428578125 0.6919642859375 0.9955357140625001 0.7321428578125 0.9977678578125 0.8125 0.984375 0.8459821421875 0.9933035718750001 0.8533482140625 1 0.971428571875 1 1 0.9861751156249999 1 0.09107142812499999
2 0.12890625 0.384375 0.225 0.178515625
2 0.446875 0.4921875 0.1158203125 0.083984375
2 0.45625 0.39375 0.075390625 0.118359375
2 0.85078125 0.4359375 0.2486328125 0.0689453125
2 0.5921875 0.6078125 0.16875 0.084765625
2 0.7390625 0.5515625 0.203515625 0.102734375
2 0.45 0.61953125 0.1125 0.1
2 0.2765625 0.215625 0.141015625 0.0689453125
2 0.4296875 0.1359375 0.10625 0.0689453125
2 0.0609375 0.184375 0.06875 0.0564453125
2 0.6921875 0.20625 0.084765625 0.0658203125
2 0.8296875 0.1890625 0.171484375 0.091015625
2 0.96484375 0.3171875 0.0703125 0.0875
2 0.7125 0.37734375 0.096875 0.0638671875
0 0.85234375 0.3078125 0.2044921875 0.190234375
0 0.315625 0.39296875 0.1466796875 0.1607421875
0 0.1203125 0.2453125 0.2248046875 0.0841796875
0 0.56796875 0.2515625 0.248828125 0.096875
2 0.546875 0.3453125 0.1 0.0873046875
0 0.56484375 0.43359375 0.128125 0.2638671875