15 1 0.185913715625 0.866803278125 0.12882940625 0.7397540984375001 0.10628842187500001 0.63729508125 0.1103867828125 0.5758196718749999 0.0878458 0.5327868859375 0.093993340625 0.45696721250000005 0.07759989843750001 0.4200819671875 0.091944159375 0.3606557375 0.0980917015625 0.33811475468749996 0.08579661875 0.3012295078125 0.0837474390625 0.22745901562499998 0.0960425203125 0.1967213109375 0.0878458 0.174180328125 0.067353996875 0.1413934421875 0.0632556359375 0.0942622953125 0.0755507171875 0.0307377046875 0.10628842187500001 0 0.13236889999999998 0 0.8851408812500001 0.11680327812499999 0.9505507171875 0.2110655734375 0.9771900609375 0.39263459218749996 0.9984375 0.41104556406250004 0.9984375 0.590163934375 0.9669441593749999 0.7602459015624999 0.9177638328125 0.8586065578125 0.911616290625 0.8872950812499999 0.8685835046875001 0.971311475 0.8460425203125 1 0.8273949796875 1 0.185913715625
2 0.1734375 0.434375 0.20625 0.16328125
2 0.465625 0.534375 0.1064453125 0.075390625
2 0.47421875 0.44296875 0.069921875 0.108203125
2 0.8359375 0.48203125 0.2283203125 0.0638671875
2 0.59921875 0.63984375 0.1548828125 0.0794921875
2 0.73359375 0.58828125 0.1888671875 0.09375
2 0.46796875 0.65078125 0.103125 0.0919921875
2 0.309375 0.2796875 0.1310546875 0.065234375
2 0.44921875 0.20703125 0.0982421875 0.0640625
2 0.11171875 0.25078125 0.0638671875 0.0517578125
2 0.690625 0.27109375 0.078515625 0.0609375
2 0.8171875 0.25546875 0.15625 0.084375
2 0.9546875 0.37421875 0.090234375 0.0796875
2 0.709375 0.428125 0.087890625 0.056640625
0 0.83828125 0.3640625 0.1861328125 0.172265625
0 0.3453125 0.44296875 0.134375 0.1482421875
0 0.165625 0.30703125 0.2060546875 0.0765625
0 0.5765625 0.3125 0.228515625 0.08828125
2 0.5578125 0.39921875 0.0908203125 0.0796875
0 0.57421875 0.48046875 0.1171875 0.2421875