15 0 0.85546875 0.146484375 0.9375 0.236328125 0.962890625 0.419921875 0.984375 0.59765625 0.953125 0.759765625 0.90625 0.853515625 0.900390625 0.880859375 0.859375 0.9609375 0.837890625 1 0.8125 0.998046875 0.212890625 0.861328125 0.154296875 0.740234375 0.1328125 0.642578125 0.13671875 0.583984375 0.115234375 0.54296875 0.12109375 0.470703125 0.10546875 0.435546875 0.119140625 0.37890625 0.125 0.357421875 0.11328125 0.322265625 0.111328125 0.251953125 0.123046875 0.22265625 0.115234375 0.201171875 0.095703125 0.169921875 0.091796875 0.125 0.103515625 0.064453125 0.1328125 0 0.1875 0 0.52734375 0.01171875 0.533203125 0.01171875 0.544921875 0 0.548828125 0 0.85546875
2 0.20078125 0.4453125 0.196875 0.15625
2 0.47890625 0.540625 0.10234375 0.07265625
2 0.4875 0.45390625 0.06640625 0.103125
2 0.83203125 0.490625 0.21796875 0.06015625
2 0.60625 0.64140625 0.14765625 0.075
2 0.734375 0.5921875 0.17890625 0.0890625
2 0.48125 0.6515625 0.0984375 0.0875
2 0.3296875 0.29765625 0.125 0.0609375
2 0.46328125 0.228125 0.09296875 0.0609375
2 0.14140625 0.2703125 0.06015625 0.05
2 0.69375 0.28984375 0.07578125 0.0578125
2 0.8140625 0.275 0.1484375 0.08046875
2 0.9484375 0.38828125 0.08828125 0.075
2 0.7109375 0.4390625 0.084375 0.05546875
0 0.83359375 0.378125 0.178125 0.165625
0 0.3640625 0.453125 0.128125 0.140625
0 0.19296875 0.32421875 0.19609375 0.0734375
0 0.58515625 0.3296875 0.21796875 0.08515625
2 0.56640625 0.41171875 0.0875 0.07578125
0 0.5828125 0.4890625 0.11171875 0.23046875