15 0.0963824046875 0.6230907421875 0.092366340625 0.7193474265625001 0.10843059687500001 0.7781709546875 0.17469565781250002 0.9145345921875 0.2891534890625 0.9787057140625001 0.5200771843750001 0.9787057140625001 0.5481896328125 0.9920746984375001 0.578310115625 0.9920746984375001 0.608430596875 0.9760319171875 0.80120168125 0.9626629343750001 0.8534105171874999 0.9118607953125 0.907627384375 0.83966828125 0.9203125 0.7672788140625 0.9203125 0.651737925 0.9196755781249999 0.6017003671875 0.84337035625 0.43325116875 0.7670651359375 0.358384859375 0.700800075 0.3236255015625 0.580318146875 0.28619234531250004 0.419675578125 0.2754971578125 0.265057103125 0.326299296875 0.17469565781250002 0.40651320156250004 0.12449485468749999 0.5000960890624999 0.0963824046875 0.6230907421875
13 0.1984375 0.49140625 0.0623046875 0.06875
13 0.22578125 0.61640625 0.05625 0.073046875
13 0.2765625 0.74609375 0.0595703125 0.0794921875
13 0.40234375 0.71875 0.076953125 0.065234375
13 0.40546875 0.84453125 0.0703125 0.0830078125
13 0.503125 0.734375 0.044140625 0.087109375
13 0.57890625 0.81015625 0.0701171875 0.0732421875
13 0.63359375 0.7453125 0.0673828125 0.06875
13 0.7578125 0.80546875 0.0751953125 0.08125
13 0.58203125 0.64453125 0.0763671875 0.0732421875
13 0.40859375 0.59921875 0.0607421875 0.065625
13 0.453125 0.5265625 0.052734375 0.05859375
13 0.390625 0.48828125 0.0595703125 0.0544921875
13 0.303125 0.4921875 0.0564453125 0.059765625
13 0.2515625 0.3796875 0.0564453125 0.040625
13 0.38671875 0.39609375 0.05625 0.046875
13 0.46328125 0.43828125 0.0421875 0.051171875
13 0.51484375 0.4890625 0.0236328125 0.0591796875
13 0.48515625 0.34453125 0.046875 0.0455078125
13 0.38046875 0.3328125 0.0576171875 0.0591796875
13 0.5921875 0.30703125 0.052734375 0.0423828125
13 0.709375 0.3765625 0.0466796875 0.065625
13 0.5796875 0.3859375 0.05 0.0533203125
13 0.5859375 0.44609375 0.0435546875 0.0267578125
13 0.65546875 0.42890625 0.0484375 0.0513671875
13 0.5796875 0.52265625 0.065234375 0.0421875
13 0.70234375 0.52265625 0.0548828125 0.05
13 0.80859375 0.48984375 0.0513671875 0.0609375
13 0.721875 0.67890625 0.049609375 0.0326171875
13 0.87890625 0.59765625 0.0625 0.0544921875