15 0 0.46798707500000003 0.0020443265624999997 0.6290441171875 0.08574476875 0.814338234375 0.1694452078125 0.8966911765625 0.2421324328125 0.9349264703125 0.3742910234375 0.9761029406249999 0.544995871875 0.9875 0.5516182890625 0.9875 0.7201060015625 0.93198529375 0.8192249437499999 0.84375 0.8742910234375 0.7408088234375 0.9051280296875 0.6055147062499999 0.909375 0.503437515625 0.909375 0.499051009375 0.8919121703125 0.4349264703125 0.8192249437499999 0.28492647031249996 0.693674284375 0.214338234375 0.44037031875 0.214338234375 0.4103042390625 0.2 0.3758053421875 0.2 0.34345401875000003 0.21727941093749997 0.132000275 0.23198529375 0.0747315515625 0.287867646875 0.0152601875 0.3672794109375 0 0.45460872343750003 0 0.46798707500000003
13 0.11640625 0.4375 0.067578125 0.075390625
13 0.14609375 0.575 0.0611328125 0.0810546875
13 0.2015625 0.71796875 0.0658203125 0.0861328125
13 0.33984375 0.68828125 0.0857421875 0.0705078125
13 0.34296875 0.82578125 0.0767578125 0.0919921875
13 0.45078125 0.7046875 0.05 0.0939453125
13 0.53359375 0.7875 0.0765625 0.080859375
13 0.59375 0.7171875 0.074609375 0.075390625
13 0.7296875 0.7828125 0.0841796875 0.090234375
13 0.53671875 0.60625 0.0828125 0.080859375
13 0.346875 0.55625 0.065625 0.071875
13 0.39609375 0.47578125 0.0576171875 0.0640625
13 0.3265625 0.434375 0.066015625 0.059375
13 0.23125 0.43828125 0.0625 0.0671875
13 0.17421875 0.3140625 0.0625 0.044140625
13 0.32265625 0.3328125 0.061328125 0.05234375
13 0.40625 0.37890625 0.0466796875 0.05625
13 0.46328125 0.434375 0.0265625 0.062890625
13 0.43125 0.27578125 0.0501953125 0.0513671875
13 0.315625 0.26328125 0.0625 0.0642578125
13 0.54765625 0.234375 0.0576171875 0.046875
13 0.67734375 0.3109375 0.0513671875 0.0720703125
13 0.534375 0.321875 0.055859375 0.059375
13 0.54140625 0.38828125 0.046875 0.030078125
13 0.61796875 0.36953125 0.054296875 0.05625
13 0.534375 0.471875 0.06953125 0.046484375
13 0.66953125 0.471875 0.0609375 0.055859375
13 0.7859375 0.4359375 0.055859375 0.06640625
13 0.690625 0.64375 0.053125 0.0345703125
13 0.86328125 0.5546875 0.0673828125 0.0591796875