15 0.140625 0.5 0.11328125 0.6197916671875 0.109375 0.7135416671875 0.125 0.7708333328125 0.189453125 0.9036458328125001 0.30078125 0.9661458328125001 0.525390625 0.9661458328125001 0.552734375 0.9791666671874999 0.58203125 0.9791666671874999 0.611328125 0.9635416671874999 0.798828125 0.9505208328125001 0.849609375 0.9010416671874999 0.90234375 0.8307291671874999 0.916015625 0.7526041671875 0.9140625 0.5989583328125 0.83984375 0.4348958328125 0.765625 0.3619791671875 0.701171875 0.328125 0.583984375 0.2916666671875 0.427734375 0.28125 0.27734375 0.3307291671875 0.189453125 0.4088541671875 0.140625 0.5
13 0.2125 0.4921875 0.06015625 0.0671875
13 0.2390625 0.61328125 0.0546875 0.07109375
13 0.28828125 0.73984375 0.05859375 0.0765625
13 0.4109375 0.71328125 0.07578125 0.06328125
13 0.4140625 0.83515625 0.06875 0.08125
13 0.509375 0.728125 0.04453125 0.08359375
13 0.5828125 0.8015625 0.06796875 0.0703125
13 0.6359375 0.7390625 0.065625 0.0671875
13 0.75625 0.79765625 0.0734375 0.07890625
13 0.5859375 0.64140625 0.0734375 0.0703125
13 0.4171875 0.596875 0.05859375 0.0640625
13 0.46015625 0.52578125 0.05078125 0.05625
13 0.39921875 0.4890625 0.05859375 0.05234375
13 0.31484375 0.4921875 0.05546875 0.059375
13 0.2640625 0.3828125 0.05546875 0.0390625
13 0.3953125 0.3984375 0.0546875 0.0453125
13 0.46953125 0.43984375 0.040625 0.05
13 0.5203125 0.4890625 0.0234375 0.05703125
13 0.49140625 0.3484375 0.0453125 0.0453125
13 0.38984375 0.3375 0.05546875 0.05703125
13 0.5953125 0.31171875 0.05078125 0.04140625
13 0.709375 0.3796875 0.0453125 0.0640625
13 0.5828125 0.3890625 0.0484375 0.05234375
13 0.5890625 0.44765625 0.04140625 0.0265625
13 0.65703125 0.43125 0.04765625 0.05
13 0.58359375 0.521875 0.0625 0.040625
13 0.703125 0.521875 0.05390625 0.0484375
13 0.80625 0.490625 0.04921875 0.059375
13 0.721875 0.67421875 0.046875 0.03125
13 0.87421875 0.5953125 0.06015625 0.05234375