15 1 0.1069730546875 0.95582329375 0.0741967875 0.8982597046875 0.050100401562499994 0.14959839375 0.050100401562499994 0.058232931249999995 0.10230923750000001 0 0.15026576875 0 0.8098235046875001 0.0662650609375 0.8673694781249999 0.1405622484375 0.909538153125 0.2188755015625 0.939658634375 0.41967871562500003 0.997891565625 0.457831325 0.9998995984375 0.6104417671875 0.9657630515625 0.7610441765625 0.9115461843749999 0.8815261046874999 0.8492971890625001 1 0.7552149781249999 1 0.1069730546875
2 0.63125 0.565625 0.119140625 0.0720703125
2 0.1296875 0.55546875 0.0845703125 0.1109375
2 0.146875 0.33203125 0.065625 0.0890625
2 0.25390625 0.625 0.065625 0.125390625
2 0.01875 0.45234375 0.0375 0.0703125
2 0.6859375 0.5171875 0.0873046875 0.0685546875
2 0.88046875 0.6109375 0.0607421875 0.08125
2 0.73046875 0.2828125 0.0951171875 0.1001953125
2 0.52734375 0.22578125 0.0986328125 0.059375
2 0.31640625 0.29765625 0.0328125 0.1013671875
2 0.384375 0.37734375 0.0625 0.0544921875