1 0.86546875 0.32375 0.77546875 0.25575000000000003 0.6874687500000001 0.22574999999999998 0.61546875 0.21775000000000003 0.50146875 0.22174999999999997 0.33346875 0.24175 0.32146875 0.25575000000000003 0.22146875000000002 0.30375 0.14546874999999998 0.37174999999999997 0.11346875000000001 0.36974999999999997 0.07146875 0.40575 0.0296875 0.48334374999999996 0.0296875 0.496 0.031468750000000004 0.59575 0.04546875 0.61775 0.06746875 0.71375 0.13946875 0.80975 0.15146874999999999 0.84175 0.22146875000000002 0.87775 0.30946875 0.9057499999999999 0.39746875 0.9177500000000001 0.6160187500000001 0.9265625 0.649625 0.9265625 0.67346875 0.91975 0.71346875 0.89375 0.73346875 0.88975 0.73746875 0.87775 0.7614687499999999 0.87575 0.82546875 0.8397500000000001 0.90546875 0.7697499999999999 0.92546875 0.72575 0.93125 0.6775729171875 0.93125 0.6754 0.91146875 0.64375 0.88946875 0.63175 0.89546875 0.60175 0.8834687499999999 0.57975 0.8834687499999999 0.56175 0.89746875 0.52975 0.90546875 0.44575 0.88546875 0.39775 0.91146875 0.36974999999999997 0.86546875 0.32375
15 0.31434375000000003 0.240171875 0.30234375 0.254171875 0.27434375 0.262171875 0.20434375 0.302171875 0.12434375 0.374171875 0.09034375 0.372171875 0.05234375 0.404171875 0.0063437499999999996 0.49217187500000004 0.00834375 0.590171875 0.02434375 0.618171875 0.02834375 0.668171875 0.048343750000000005 0.726171875 0.11434375000000001 0.810171875 0.11434375000000001 0.8381718749999999 0.13034375 0.8541718749999999 0.23034374999999999 0.896171875 0.38234375 0.934171875 0.5177621515624999 0.95 0.6148318749999999 0.95 0.75634375 0.9001718750000001 0.77634375 0.876171875 0.89234375 0.786171875 0.91634375 0.7401718749999999 0.9328125 0.6541684015625 0.9328125 0.6312421875 0.91834375 0.490171875 0.87834375 0.40217187499999996 0.88834375 0.368171875 0.8503437500000001 0.328171875 0.75234375 0.254171875 0.65834375 0.224171875 0.59834375 0.218171875 0.5003437500000001 0.218171875 0.36434375 0.240171875 0.31434375000000003 0.240171875
2 0.4375 0.72890625 0.187890625 0.123828125
2 0.56640625 0.453125 0.0548828125 0.075
2 0.26640625 0.45546875 0.06875 0.0357421875
2 0.5765625 0.584375 0.03984375 0.03125
0 0.3484375 0.63046875 0.1216796875 0.1265625
0 0.25390625 0.52421875 0.1142578125 0.1015625
0 0.30859375 0.39921875 0.1357421875 0.0955078125
0 0.40859375 0.42578125 0.109375 0.0955078125
0 0.50546875 0.44375 0.053125 0.0875
0 0.6359375 0.396875 0.1 0.0654296875
0 0.7609375 0.49921875 0.11875 0.0701171875
0 0.659375 0.60078125 0.1435546875 0.0951171875
0 0.603125 0.72890625 0.14375 0.0890625