15 1 0.0019176140625000002 0 0.0019176140625000002 0 0.7551930140625001 0.09318181875 0.8291903406250001 0.22954545468749998 0.8996448859375 0.4 0.9610085234374999 0.5727272734375 0.9996448859375 0.615909090625 0.997372159375 0.84318181875 0.93146306875 0.93181818125 0.8973721593749999 1 0.8586743703125 1 0.0019176140625000002
2 0.67421875 0.58515625 0.1359375 0.0828125
2 0.10625 0.57421875 0.096875 0.1263671875
2 0.125 0.321875 0.0748046875 0.1001953125
2 0.246875 0.653125 0.0748046875 0.1435546875
2 0.7359375 0.53046875 0.097265625 0.0767578125
2 0.95546875 0.63671875 0.0673828125 0.0919921875
2 0.78515625 0.265625 0.107421875 0.115234375
2 0.55546875 0.2015625 0.1111328125 0.066015625
2 0.3171875 0.2828125 0.0373046875 0.115234375
2 0.39375 0.371875 0.06953125 0.06171875