1 0.39716796875 0.24013671875 0.31123046875 0.25185546875 0.22529296875 0.27919921875 0.15693359375 0.31435546875 0.14521484375 0.34560546875 0.07490234375 0.43935546875 0.05341796875 0.53310546875 0.03974609375 0.55458984375 0.03779296875 0.66396484375 0.07880859375 0.74013671875 0.11982421875 0.77529296875 0.15107421875 0.77333984375 0.22529296875 0.83974609375 0.32294921875 0.88662109375 0.33466796875 0.90029296875 0.49873046875 0.91982421875 0.512646484375 0.9203125 0.6408203125 0.9203125 0.68037109375 0.91591796875 0.76630859375 0.88662109375 0.85419921875 0.82021484375 0.89912109375 0.77529296875 0.87373046875 0.74794921875 0.89326171875 0.70107421875 0.88544921875 0.61904296875 0.87177734375 0.58779296875 0.87177734375 0.57021484375 0.88349609375 0.54873046875 0.87763671875 0.51943359375 0.89912109375 0.50771484375 0.9171875 0.47880859375 0.9171875 0.4642578125 0.91279296875 0.42763671875 0.89326171875 0.38466796875 0.81513671875 0.31630859375 0.75263671875 0.28115234375 0.72919921875 0.27919921875 0.72529296875 0.26748046875 0.70576171875 0.26357421875 0.66669921875 0.23818359375 0.63935546875 0.23037109375 0.39716796875 0.24013671875
15 0.34140625 0.2302734375 0.2828125 0.2361328125 0.191015625 0.2654296875 0.0953125 0.3376953125 0.058203125 0.3767578125 0.06796875 0.4099609375 0.02890625 0.4958984375 0.01328125 0.6482421875 0.030859375 0.7400390625 0.054296875 0.7849609375 0.167578125 0.8728515625 0.187109375 0.8962890625 0.32578125 0.9451171875 0.3333984375 0.9453125 0.4169921875 0.9453125 0.55234375 0.9294921875 0.70078125 0.8923828125 0.7984375 0.8513671875 0.8140625 0.8357421875 0.8140625 0.8083984375 0.878515625 0.7263671875 0.898046875 0.6697265625 0.901953125 0.6208984375 0.917578125 0.5935546875 0.91875 0.5361328125 0.91875 0.496356996875 0.874609375 0.4119140625 0.8375 0.3806640625 0.804296875 0.3826171875 0.726171875 0.3123046875 0.6578125 0.2732421875 0.63046875 0.2654296875 0.61875 0.2517578125 0.569921875 0.2517578125 0.437109375 0.2302734375 0.34140625 0.2302734375
2 0.43515625 0.7296875 0.184375 0.1216796875
2 0.5609375 0.46015625 0.053515625 0.0734375
2 0.26796875 0.4625 0.0671875 0.034375
2 0.57109375 0.58828125 0.0388671875 0.0298828125
0 0.3484375 0.6328125 0.11875 0.122265625
0 0.25625 0.5296875 0.1123046875 0.0998046875
0 0.309375 0.4078125 0.1314453125 0.09375
0 0.40703125 0.43359375 0.1076171875 0.09375
0 0.5015625 0.4515625 0.05234375 0.08515625
0 0.62890625 0.40546875 0.0982421875 0.0638671875
0 0.75078125 0.50546875 0.115625 0.0673828125
0 0.6515625 0.60390625 0.140234375 0.0921875
0 0.596875 0.7296875 0.140234375 0.087109375