1 0.1015625 0.333984375 0.056640625 0.37890625 0.08203125 0.40625 0.0625 0.453125 0.0703125 0.53515625 0.083984375 0.56640625 0.083984375 0.583984375 0.072265625 0.60546875 0.078125 0.634765625 0.056640625 0.646484375 0.037109375 0.677734375 0.04296875 0.7265625 0.0625 0.76953125 0.140625 0.837890625 0.203125 0.873046875 0.2265625 0.875 0.23046875 0.88671875 0.25 0.890625 0.2890625 0.916015625 0.31640625 0.923828125 0.55859375 0.9140625 0.64453125 0.90234375 0.73046875 0.875 0.798828125 0.83984375 0.810546875 0.80859375 0.880859375 0.71484375 0.90234375 0.62109375 0.916015625 0.599609375 0.91796875 0.490234375 0.876953125 0.4140625 0.8359375 0.37890625 0.8046875 0.380859375 0.73046875 0.314453125 0.6328125 0.267578125 0.62109375 0.25390625 0.45703125 0.234375 0.345703125 0.23046875 0.275390625 0.23828125 0.189453125 0.267578125 0.1015625 0.333984375
15 0.095703125 0.337890625 0.05859375 0.376953125 0.068359375 0.41015625 0.029296875 0.49609375 0.013671875 0.6484375 0.03125 0.740234375 0.0546875 0.78515625 0.16796875 0.873046875 0.1875 0.896484375 0.326171875 0.9453125 0.40234375 0.947265625 0.552734375 0.9296875 0.701171875 0.892578125 0.798828125 0.8515625 0.814453125 0.8359375 0.814453125 0.80859375 0.87890625 0.7265625 0.8984375 0.669921875 0.90234375 0.62109375 0.91796875 0.59375 0.919921875 0.498046875 0.875 0.412109375 0.837890625 0.380859375 0.8046875 0.3828125 0.7265625 0.3125 0.658203125 0.2734375 0.630859375 0.265625 0.619140625 0.251953125 0.5703125 0.251953125 0.4375 0.23046875 0.341796875 0.23046875 0.283203125 0.236328125 0.19140625 0.265625 0.095703125 0.337890625
2 0.43515625 0.7296875 0.184375 0.12109375
2 0.5609375 0.46015625 0.05390625 0.0734375
2 0.26796875 0.4625 0.0671875 0.034375
2 0.57109375 0.58828125 0.03828125 0.03046875
0 0.3484375 0.6328125 0.11875 0.1234375
0 0.25625 0.5296875 0.11171875 0.09921875
0 0.309375 0.4078125 0.13203125 0.09375
0 0.40703125 0.43359375 0.10703125 0.09375
0 0.5015625 0.4515625 0.0515625 0.0859375
0 0.62890625 0.40546875 0.09765625 0.06328125
0 0.75078125 0.50546875 0.115625 0.06796875
0 0.6515625 0.60390625 0.13984375 0.0921875
0 0.596875 0.7296875 0.13984375 0.08671875