15 1 0.2578125 0.92578125 0.193359375 0.853515625 0.15234375 0.77734375 0.123046875 0.58203125 0.06640625 0.544921875 0.064453125 0.396484375 0.09765625 0.25 0.150390625 0.1328125 0.2109375 0 0.31640625 0 0.486328125 0.009765625 0.505859375 0.009765625 0.5390625 0 0.58203125 0 0.919921875 0.060546875 0.96484375 0.14453125 1 0.484375 1 0.5078125 0.990234375 0.521484375 1 0.82421875 1 0.93359375 0.9375 1 0.8828125 1 0.2578125
2 0.63203125 0.565625 0.1171875 0.07109375
2 0.14375 0.55546875 0.0828125 0.1078125
2 0.16015625 0.3390625 0.0640625 0.08671875
2 0.26484375 0.6234375 0.0640625 0.12265625
2 0.02734375 0.45625 0.0546875 0.06875
2 0.68515625 0.51875 0.084375 0.06640625
2 0.87421875 0.61015625 0.05859375 0.07890625
2 0.728125 0.290625 0.0921875 0.0984375
2 0.53046875 0.23515625 0.09609375 0.0578125
2 0.325 0.30546875 0.03125 0.09765625
2 0.39140625 0.38203125 0.0609375 0.05234375