15 1 0.9680690500000001 0.9971964765625 0.2829023125 0.7617912296875 0.1879418015625 0.600238665625 0.1549693875 0.50990113125 0.1463965140625 0.45385228125 0.1450776125 0.331204171875 0.15035319375 0.2533952609375 0.156947678125 0.15580430625 0.1734338828125 0.0700825375 0.1971740375 0.0003297953125 0.21636549062500002 0 0.9166320656250001 0.20789672499999998 1 0.9391693125 0.9990631000000001 1 0.9680690500000001
13 0.79375 0.85625 0.30078125 0.27421875
13 0.13203125 0.69375 0.2640625 0.21875
13 0.72734375 0.54140625 0.18359375 0.13203125
13 0.50703125 0.4203125 0.09296875 0.140625
13 0.29765625 0.40390625 0.20625 0.140625
13 0.3484375 0.26484375 0.14296875 0.0875
13 0.93984375 0.2984375 0.1078125 0.0515625
13 0.03515625 0.38359375 0.06953125 0.07734375
13 0.21328125 0.184375 0.0828125 0.02890625
13 0.5671875 0.1859375 0.134375 0.05234375
1 0.09453125 0.49140625 0.17421875 0.10703125
1 0.29765625 0.553125 0.1203125 0.0828125
1 0.5203125 0.69765625 0.2390625 0.125
1 0.34375 0.68046875 0.0921875 0.10078125
1 0.8578125 0.6515625 0.16484375 0.07890625
1 0.66015625 0.4109375 0.19140625 0.0984375
1 0.88671875 0.4078125 0.10390625 0.07890625
1 0.13359375 0.30078125 0.1953125 0.0515625
1 0.43359375 0.20625 0.11796875 0.05234375
1 0.7578125 0.2875 0.08125 0.04921875
13 0.603125 0.3078125 0.18671875 0.07734375
7 0.7734375 0.34921875 0.11015625 0.06328125
7 0.43828125 0.57578125 0.1234375 0.0921875
7 0.58671875 0.5671875 0.084375 0.07109375
7 0.98203125 0.7234375 0.0359375 0.134375
7 0.97734375 0.40625 0.04453125 0.06953125
7 0.109375 0.23515625 0.07265625 0.06875
7 0.23515625 0.25078125 0.0640625 0.0484375
1 0.11015625 0.84453125 0.17578125 0.0828125