15 1 0.2205408234375 0.809130025 0.14400072656250001 0.0476354609375 0.14400072656250001 0 0.1682716296875 0 0.8612876734375 0.236147421875 0.9565475734375 0.398972053125 0.9897796124999999 0.4900209078125 0.9984199890625 0.5465110859375 0.9997492734375 0.6701249296875 0.9944321531250001 0.7485465078125 0.98778574375 0.8469058953124999 0.9711697265625 0.9333026390624999 0.9472426421875 1 0.9288918328125 1 0.2205408234375
13 0.79609375 0.86171875 0.303125 0.2765625
13 0.13125 0.696875 0.2623046875 0.219140625
13 0.72890625 0.54375 0.185546875 0.13203125
13 0.50703125 0.421875 0.09375 0.1408203125
13 0.29609375 0.4046875 0.2078125 0.1408203125
13 0.34765625 0.26484375 0.14375 0.0888671875
13 0.94375 0.2984375 0.108984375 0.05234375
13 0.0328125 0.38359375 0.0654296875 0.0794921875
13 0.2109375 0.184375 0.0841796875 0.0283203125
13 0.56796875 0.1859375 0.1359375 0.0529296875
1 0.09140625 0.49296875 0.1763671875 0.1080078125
1 0.29609375 0.55546875 0.1205078125 0.0830078125
1 0.5203125 0.7015625 0.240625 0.125390625
1 0.3421875 0.68359375 0.0935546875 0.1015625
1 0.8609375 0.6546875 0.1658203125 0.078515625
1 0.66171875 0.4125 0.1923828125 0.0998046875
1 0.88984375 0.40859375 0.1046875 0.0796875
1 0.13046875 0.3015625 0.196875 0.0529296875
1 0.4328125 0.20625 0.11875 0.053125
1 0.759375 0.2875 0.0814453125 0.05
13 0.60390625 0.3078125 0.1888671875 0.0779296875
7 0.775 0.35 0.112109375 0.062890625
7 0.4375 0.57890625 0.1248046875 0.0923828125
7 0.5875 0.56953125 0.084375 0.071875
7 0.984375 0.7265625 0.03125 0.133984375
7 0.97890625 0.40625 0.0421875 0.06875
7 0.10625 0.234375 0.074609375 0.0689453125
7 0.2328125 0.25078125 0.0654296875 0.0486328125
1 0.10703125 0.84921875 0.176953125 0.083203125