15 1 0.24849881406250002 0.7785307109375 0.1591599515625 0.61041096875 0.12484719531249999 0.5164011765625001 0.11592583125 0.45807391875 0.11455331718749999 0.3304401140625 0.12004335156249998 0.24946823906249999 0.12690590468750002 0.1479101734375 0.14406228125 0.058703778124999995 0.1687674828125 0 0.1849189734375 0 0.9231771468750001 0.19157508437499998 1 0.9695051046875 1 1 0.9844624421875 1 0.24849881406250002
13 0.81171875 0.8546875 0.3138671875 0.284765625
13 0.13046875 0.68515625 0.2607421875 0.2267578125
13 0.7421875 0.5265625 0.1908203125 0.1375
13 0.51328125 0.40078125 0.096875 0.1455078125
13 0.29609375 0.38359375 0.2142578125 0.1455078125
13 0.3484375 0.2390625 0.14765625 0.090625
13 0.953125 0.27265625 0.09375 0.053125
13 0.028125 0.3609375 0.05625 0.08125
13 0.2078125 0.15546875 0.08515625 0.030078125
13 0.57578125 0.15703125 0.1392578125 0.0544921875
1 0.08671875 0.47265625 0.1732421875 0.1111328125
1 0.29609375 0.5390625 0.125 0.08515625
1 0.52734375 0.68984375 0.2484375 0.130078125
1 0.34296875 0.67109375 0.0953125 0.1048828125
1 0.87890625 0.64140625 0.171875 0.0826171875
1 0.67265625 0.39140625 0.198828125 0.103125
1 0.90859375 0.3875 0.1078125 0.0814453125
1 0.125 0.2765625 0.203125 0.0533203125
1 0.4375 0.178125 0.122265625 0.05546875
1 0.77421875 0.2625 0.085546875 0.05078125
13 0.61328125 0.28359375 0.194921875 0.080078125
7 0.790625 0.32734375 0.11328125 0.065625
7 0.4421875 0.56328125 0.128125 0.0953125
7 0.59609375 0.55390625 0.0875 0.0736328125
7 0.99453125 0.715625 0.0107421875 0.1376953125
7 0.98984375 0.38515625 0.0203125 0.0705078125
7 0.09921875 0.2078125 0.076171875 0.071484375
7 0.23046875 0.22421875 0.0669921875 0.0513671875
1 0.10078125 0.8421875 0.1828125 0.084765625