15 0 0.791015625 0.0209424078125 0.8203125 0.117801046875 0.890625 0.23560209375 0.927734375 0.35602094218749997 0.94921875 0.43193717343750004 0.94921875 0.49738219843750003 0.92578125 0.5183246078125 0.93359375 0.649214659375 0.927734375 0.7486911 0.904296875 0.8167539265625001 0.87890625 0.9450261781249999 0.78125 0.9921465968750001 0.685546875 0.9921465968750001 0.564453125 0.9712041890625001 0.501953125 0.9633507859374999 0.423828125 0.9267015703125001 0.310546875 0.89005235625 0.251953125 0.8376963343750001 0.216796875 0.7774869109375 0.197265625 0.5602094234375 0.193359375 0.4816753921875 0.18359375 0.30104712031249997 0.1953125 0.2146596859375 0.21484375 0.13874345625 0.255859375 0.0732984296875 0.353515625 0.0497382203125 0.4296875 0 0.53515625 0 0.791015625
13 0.19296875 0.77734375 0.10078125 0.0765625
13 0.12421875 0.58671875 0.10234375 0.07109375
13 0.721875 0.76953125 0.13359375 0.06328125
13 0.484375 0.68359375 0.1484375 0.075
13 0.18671875 0.36953125 0.07890625 0.05234375
13 0.21875 0.484375 0.07578125 0.04765625
13 0.234375 0.30078125 0.0890625 0.04375
13 0.31015625 0.24609375 0.0671875 0.03671875
13 0.43828125 0.25546875 0.06328125 0.034375
13 0.62265625 0.23671875 0.0640625 0.034375
13 0.790625 0.3359375 0.0453125 0.0453125
13 0.74609375 0.275 0.0421875 0.04609375
7 0.303125 0.790625 0.08984375 0.0671875
7 0.19765625 0.6703125 0.05234375 0.05390625
7 0.59609375 0.790625 0.0859375 0.046875
7 0.71640625 0.62890625 0.0703125 0.03671875
7 0.1703125 0.4109375 0.04296875 0.03125
7 0.565625 0.2390625 0.05234375 0.0265625
7 0.5375 0.26328125 0.04921875 0.02421875
7 0.73515625 0.315625 0.04609375 0.0265625
0 0.54453125 0.4765625 0.50234375 0.30625