15 1 0.2809053328125 0.9887640453125 0.2651490296875 0.8848314609375001 0.189518778125 0.758426965625 0.1496028109375 0.6292134828125 0.12649356875 0.547752809375 0.12649356875 0.477528090625 0.1517036515625 0.4550561796875 0.143300290625 0.3146067421875 0.1496028109375 0.20786516875 0.17481289375 0.1348314609375 0.20212382031249998 0 0.3050221203125 0 0.761247465625 0.0168539328125 0.8134683578124999 0.056179775 0.87649356875 0.11235955 0.9143086921875 0.17696629218749999 0.935317096875 0.41011235937499996 0.9395187765624999 0.46912745625 0.946875 0.5427866031249999 0.946875 0.688202246875 0.9374179343750001 0.7808988765625 0.9164095328125 0.8623595500000001 0.8722918859375 0.9325842703125 0.76724986875 0.95786516875 0.6853170953125 1 0.59575495625 1 0.2809053328125
13 0.1953125 0.76484375 0.108984375 0.0826171875
13 0.12265625 0.559375 0.109375 0.075390625
13 0.76328125 0.75625 0.14375 0.0685546875
13 0.50859375 0.66328125 0.159375 0.0798828125
13 0.18984375 0.3265625 0.084375 0.05625
13 0.2234375 0.45 0.08125 0.050390625
13 0.240625 0.2515625 0.094140625 0.0470703125
13 0.32109375 0.19375 0.071875 0.040234375
13 0.45859375 0.203125 0.0673828125 0.0373046875
13 0.65703125 0.1828125 0.06875 0.0375
13 0.83671875 0.28984375 0.0484375 0.048828125
13 0.78984375 0.22421875 0.0453125 0.048828125
7 0.3140625 0.77890625 0.096875 0.071875
7 0.20078125 0.65 0.05625 0.05703125
7 0.62890625 0.77890625 0.0921875 0.0513671875
7 0.75703125 0.60546875 0.075 0.0390625
7 0.17109375 0.37109375 0.0455078125 0.0330078125
7 0.5953125 0.18515625 0.05625 0.028125
7 0.56484375 0.21171875 0.051953125 0.0265625
7 0.77734375 0.26796875 0.0486328125 0.028125
0 0.5734375 0.440625 0.540234375 0.330859375