15 1 0.5539163968749999 0.9941860468750001 0.5366003796875 0.985465115625 0.4500202921875 0.9447674421875 0.3244791671875 0.9040697671875 0.2595441015625 0.8459302328125 0.22058306249999998 0.7790697671875 0.198938040625 0.5377906984374999 0.1946090375 0.4505813953125 0.1837865265625 0.25 0.1967735390625 0.1540697671875 0.2184185609375 0.0697674421875 0.26387310625 0 0.367769209375 0 0.9336402749999999 0.046511628124999996 0.967336309375 0.1454396796875 0.9984375 0.679260540625 0.9984375 0.7470930234375001 0.982487825 0.8226744187499999 0.954349296875 0.9651162796874999 0.8461241890625001 1 0.7754171171875 1 0.5539163968749999
13 0.1296875 0.8421875 0.1123046875 0.084375
13 0.05546875 0.6296875 0.1107421875 0.078125
13 0.7171875 0.83359375 0.147265625 0.0701171875
13 0.45390625 0.7375 0.164453125 0.08203125
13 0.1234375 0.390625 0.0875 0.056640625
13 0.15859375 0.51796875 0.0830078125 0.053125
13 0.1765625 0.31328125 0.097265625 0.0486328125
13 0.26015625 0.25390625 0.073828125 0.040625
13 0.40234375 0.26328125 0.0703125 0.0388671875
13 0.6078125 0.2421875 0.0716796875 0.0376953125
13 0.79296875 0.353125 0.0513671875 0.05
13 0.74453125 0.28515625 0.046875 0.0513671875
7 0.25234375 0.85625 0.1 0.074609375
7 0.13515625 0.7234375 0.0578125 0.059375
7 0.578125 0.85703125 0.09453125 0.051953125
7 0.7109375 0.678125 0.078125 0.040625
7 0.1046875 0.43671875 0.047265625 0.034375
7 0.54375 0.2453125 0.056640625 0.0283203125
7 0.5125 0.271875 0.055859375 0.0279296875
7 0.73203125 0.3296875 0.051171875 0.028515625
0 0.52109375 0.50859375 0.5578125 0.3390625