15 0.9471354171874999 0.38410505625 0.8556720015625 0.306869284375 0.7621760671875 0.26418635625000003 0.656485009375 0.2458936734375 0.5812817578125 0.2154058703125 0.5020134656249999 0.20930830781249998 0.40241996875 0.2133733484375 0.23778582343750002 0.26418635625000003 0.10160696093749999 0.3434546484375 0.0609565546875 0.3759749765625 0.0609565546875 0.6921770656249999 0.08737931875 0.7601213171875 0.128029725 0.8271944859374999 0.17884273281250002 0.8719099328125001 0.28656631093749996 0.9369505859375 0.357704521875 0.9633733484375 0.42681021250000006 0.9755684718750001 0.52233866875 0.9694709093749999 0.6244575734375 0.9765625 0.6719558765625 0.9765625 0.7012004578125001 0.94914570625 0.7906313515625001 0.9247554625 0.8394118390624999 0.8983326999999999 0.90241996875 0.8556497703125 0.9471354171874999 0.8089018031249999 0.9715256609375 0.766218878125 0.997948425 0.676787984375 0.9999809453124999 0.48369855156249997 0.9877858234374999 0.4471131875 0.9471354171874999 0.38410505625
15 0 0.46390819531250005 0.0140942578125 0.457330871875 0.0506796234375 0.42074550625 0.071875 0.3745010484375 0.071875 0.36557211093749997 0.064907265625 0.32724957187500003 0.032386940625 0.2500137984375 0 0.219034984375 0 0.46390819531250005
15 0.000009528125 0.178125 0.001229040625 0.178125 0.0101721296875 0.154649390625 0.0203125 0.11611598281249999 0.0203125 0.115972221875 0.0142371703125 0.0997713421875 0.000009528125 0.1054624 0.000009528125 0.178125
15 0 0.08841145624999999 0.0098132625 0.10803798281250002 0.0423335875 0.13039570625000002 0.143959603125 0.1649485515625 0.19581110468750001 0.1703125 0.20312925 0.1703125 0.24558562031250003 0.0328347296875 0.25778074218749997 0.022672128125 0.32688643281249996 0.0165745671875 0.3671875 0.03059233125 0.3671875 0.0003144046875 0.0199758640625 0.0003144046875 0.0199758640625 0.0186070875 0.0037157015624999998 0.051127412500000004 0 0.0845687265625 0 0.08841145624999999
2 0.28671875 0.678125 0.1078125 0.15703125
2 0.471875 0.76015625 0.1404296875 0.1419921875
2 0.51015625 0.52890625 0.0857421875 0.165625
2 0.7 0.65546875 0.0810546875 0.1482421875
2 0.74375 0.44765625 0.062890625 0.1578125
2 0.75 0.278125 0.19375 0.0751953125
2 0.46796875 0.33359375 0.0513671875 0.0642578125
2 0.13515625 0.58984375 0.0544921875 0.1923828125
2 0.36640625 0.7734375 0.0669921875 0.077734375
2 0.37578125 0.36484375 0.053125 0.071875
7 0.62265625 0.3078125 0.4171875 0.122265625
7 0.3984375 0.57734375 0.116015625 0.3328125
7 0.6125 0.646875 0.134375 0.4345703125
7 0.903125 0.4203125 0.1748046875 0.0498046875
7 0.83671875 0.57109375 0.1044921875 0.28125
7 0.29453125 0.4109375 0.089453125 0.169140625
7 0.2234375 0.51953125 0.084375 0.1421875