15 0.375595971875 0.2372545078125 0.3064260109375 0.2629462078125 0.20168292812500002 0.32618731562500003 0.1522758140625 0.369665575 0.112750121875 0.4348829671875 0.0712481453125 0.541602334375 0.0712481453125 0.600890871875 0.0653192921875 0.61571300625 0.0653192921875 0.7869439484375 0.077177 0.8004956140624999 0.1265841140625 0.8400213078125001 0.25899518125 0.9170964046875 0.4190742328125 0.9665035218750001 0.43583170468750004 0.9671875 0.558403840625 0.9671875 0.5929872765625 0.9645272359374999 0.6661098062499999 0.9348829671875001 0.76887660625 0.9170964046875 0.859785696875 0.8755944281250001 0.9487185015625 0.8004956140624999 0.9882441953125 0.7392307921875 0.996875 0.713338375 0.996875 0.5116777765625 0.9724339171875 0.42895411250000004 0.9487185015625 0.3874521359375 0.9052402421875 0.341997590625 0.84397541875 0.3004956140625 0.7965445890625 0.274803915625 0.7095880671875 0.2510885 0.6779675140625 0.2214442328125 0.535675025 0.2313256546875 0.44278965000000003 0.2253968 0.375595971875 0.2372545078125
15 0.069554409375 0.339256503125 0.0379338578125 0.26415768906250003 0.00038445 0.2282408625 0.00038445 0.4734375 0.00364990625 0.4734375 0.02014729375 0.46573871718750004 0.0557204171875 0.43016559374999996 0.0765625 0.384691959375 0.0765625 0.37780099843750004 0.069554409375 0.339256503125
15 0.0163290515625 0.152022603125 0.025 0.1190730015625 0.025 0.11124526406249999 0.020281620312500002 0.0986629203125 0.000518775 0.1065680578125 0.000518775 0.1935245796875 0.0163290515625 0.152022603125
15 0 0.1828125 0.14552495000000001 0.1828125 0.14603199218750001 0.1802772984375 0.1816051125 0.1703958734375 0.1934628203125 0.172372159375 0.1969429328125 0.1828125 0.3436604484375 0.1828125 0.3436604484375 0.1486567453125 0.359470725 0.117036190625 0.3625 0.0897727328125 0.3625 0.0796164734375 0.35354187187499997 0.0617002234375 0.3219213203125 0.039961092187500005 0.22310709062499998 0.006364254687499999 0.1657948359375 0.0004354015625 0.1242928609375 0.134822753125 0.11243515468750001 0.1447041734375 0.0452414765625 0.15063302812499998 0 0.1348968625 0 0.1828125
2 0.284375 0.67734375 0.105859375 0.153125
2 0.46484375 0.75703125 0.1359375 0.1375
2 0.5015625 0.53203125 0.08359375 0.161328125
2 0.68671875 0.6546875 0.0794921875 0.14375
2 0.72890625 0.453125 0.0625 0.153125
2 0.73515625 0.28828125 0.1890625 0.0736328125
2 0.4609375 0.3421875 0.05 0.0626953125
2 0.1375 0.590625 0.052734375 0.1875
2 0.3625 0.7703125 0.0654296875 0.0748046875
2 0.37109375 0.37265625 0.0515625 0.0701171875
7 0.6109375 0.3171875 0.4060546875 0.121484375
7 0.39375 0.5796875 0.11328125 0.324609375
7 0.6015625 0.646875 0.1310546875 0.4220703125
7 0.88359375 0.4265625 0.1701171875 0.0470703125
7 0.81953125 0.57265625 0.1013671875 0.2734375
7 0.2921875 0.41796875 0.0873046875 0.1642578125
7 0.2234375 0.5234375 0.0814453125 0.1376953125