15 1 0.408203125 0.986328125 0.392578125 0.9375 0.353515625 0.806640625 0.27734375 0.6484375 0.228515625 0.552734375 0.224609375 0.4765625 0.23046875 0.404296875 0.259765625 0.302734375 0.27734375 0.212890625 0.318359375 0.125 0.392578125 0.0859375 0.453125 0.07421875 0.48828125 0.076171875 0.673828125 0.1015625 0.759765625 0.125 0.80078125 0.16796875 0.845703125 0.228515625 0.88671875 0.275390625 0.912109375 0.361328125 0.935546875 0.392578125 0.96484375 0.533203125 0.955078125 0.625 0.9609375 0.69140625 0.94921875 0.759765625 0.923828125 0.86328125 0.861328125 0.912109375 0.818359375 0.951171875 0.75390625 0.9921875 0.6484375 0.9921875 0.58984375 1 0.5703125 1 0.408203125
15 0.0859375 0.322265625 0.064453125 0.275390625 0.029296875 0.240234375 0 0.2265625 0.001953125 0.482421875 0.046875 0.439453125 0.078125 0.365234375 0.0859375 0.322265625
15 0 0.185546875 0.029296875 0.197265625 0.03515625 0.181640625 0.025390625 0.14453125 0.009765625 0.103515625 0 0.1015625 0 0.185546875
15 0.029296875 0 0 0.009765625 0 0.07421875 0.009765625 0.0546875 0.0546875 0.0390625 0.12109375 0.044921875 0.1328125 0.0546875 0.173828125 0.1875 0.23046875 0.181640625 0.328125 0.1484375 0.359375 0.126953125 0.369140625 0.107421875 0.365234375 0.072265625 0.349609375 0.041015625 0.349609375 0 0.20703125 0 0.201171875 0.017578125 0.189453125 0.01953125 0.154296875 0.009765625 0.15234375 0 0.029296875 0
2 0.290625 0.675 0.103125 0.1515625
2 0.46875 0.75390625 0.134375 0.1359375
2 0.50546875 0.53125 0.08125 0.159375
2 0.68828125 0.653125 0.07734375 0.1421875
2 0.7296875 0.45390625 0.06171875 0.1515625
2 0.7359375 0.290625 0.18671875 0.0734375
2 0.465625 0.34375 0.04921875 0.0625
2 0.1453125 0.58984375 0.0515625 0.18515625
2 0.36796875 0.76640625 0.0640625 0.0734375
2 0.3765625 0.37421875 0.05078125 0.06875
7 0.61328125 0.31953125 0.40078125 0.11875
7 0.3984375 0.578125 0.1125 0.3203125
7 0.6046875 0.64453125 0.12890625 0.41796875
7 0.8828125 0.42734375 0.1671875 0.046875
7 0.81953125 0.571875 0.09921875 0.2703125
7 0.2984375 0.41875 0.0859375 0.16328125
7 0.23046875 0.52265625 0.08125 0.13671875