15 0.01640625 0.32317708437500003 0.0247395828125 0.5627604171875 0.06085069375 0.72109375 0.0941840265625 0.76484375 0.15251736093749999 0.8044270828125001 0.2775173609375 0.8565104171875 0.358072915625 0.8794270828125 0.468663196875 0.8828125 0.5004340265625 0.8828125 0.6608506937499999 0.8627604171875 0.783072915625 0.8669270828125001 0.805295140625 0.8315104171875 0.8580729171874999 0.8190104171874999 0.9247395828125 0.7877604171875 0.94140625 0.73984375 0.9984375 0.6710343062499999 0.9984375 0.3356720765625 0.9830729171874999 0.2940104171875 0.913628471875 0.20026041718749998 0.8330729171875 0.1502604171875 0.71640625 0.1002604171875 0.59140625 0.08359375 0.39140625 0.0752604171875 0.2747395828125 0.10442708437499999 0.1941840265625 0.14401041718750002 0.08585069375 0.22734375 0.01640625 0.32317708437500003
11 0.190625 0.24296875 0.0748046875 0.0390625
11 0.240625 0.27734375 0.05546875 0.045703125
11 0.46640625 0.31484375 0.0515625 0.0453125
11 0.65546875 0.24453125 0.0421875 0.0482421875
11 0.42578125 0.4453125 0.060546875 0.047265625
11 0.365625 0.6546875 0.0375 0.069140625
11 0.4578125 0.5828125 0.037890625 0.053125
11 0.71015625 0.7296875 0.1015625 0.06484375
11 0.7359375 0.38203125 0.06875 0.04375
11 0.7625 0.2875 0.049609375 0.059375
11 0.840625 0.3390625 0.075390625 0.05234375
11 0.81875 0.590625 0.0625 0.025
11 0.25625 0.7125 0.058984375 0.027734375
11 0.621875 0.6875 0.037109375 0.050390625
19 0.50703125 0.25703125 0.0671875 0.0517578125
19 0.2875 0.4265625 0.090625 0.06640625
19 0.2421875 0.47734375 0.0845703125 0.0361328125
19 0.14375 0.46875 0.0751953125 0.065625
19 0.3890625 0.58125 0.06875 0.05546875
19 0.4515625 0.67578125 0.0626953125 0.0732421875
19 0.71796875 0.565625 0.0609375 0.044140625
19 0.51875 0.36328125 0.04921875 0.0640625
19 0.4828125 0.38828125 0.0408203125 0.0611328125
19 0.79296875 0.42578125 0.073828125 0.0390625
19 0.9875 0.57890625 0.025 0.0544921875
19 0.6703125 0.82890625 0.0375 0.039453125
19 0.63984375 0.72109375 0.021875 0.0357421875
19 0.6828125 0.38828125 0.025 0.026171875
6 0.51953125 0.19375 0.0826171875 0.043359375
6 0.69375 0.22265625 0.0939453125 0.05625
6 0.9515625 0.428125 0.046875 0.1001953125
6 0.8859375 0.40546875 0.040234375 0.0455078125
6 0.80390625 0.5625 0.0875 0.025390625
6 0.51875 0.30546875 0.043359375 0.036328125