15 1 0.2834034265625 0.9352941171875001 0.1942404296875 0.8205882359375 0.106134703125 0.7352941171875 0.0642844828125 0.61176470625 0.033447478125 0.4 0.042258051562499996 0.267647059375 0.059879196875 0.144117646875 0.11274263281250001 0.0588235296875 0.16560606875 0 0.2449012234375 0 0.700656825 0.0294117640625 0.73609065 0.0470588234375 0.78675144375 0.117647059375 0.8197910921875 0.1735294125 0.8330069515625 0.1970588234375 0.8704518859375 0.3264705875 0.8660466 0.498350184375 0.8875 0.5216877265625001 0.8875 0.6470588234375 0.8836677453125 0.732352940625 0.85943866875 0.8647058828124999 0.804372590625 0.9264705875000001 0.76252236875 0.96176470625 0.7162668625 1 0.54886598125 1 0.2834034265625
11 0.17578125 0.2109375 0.0794921875 0.0408203125
11 0.228125 0.246875 0.056640625 0.049609375
11 0.4671875 0.28671875 0.05390625 0.0484375
11 0.6671875 0.2125 0.044140625 0.050390625
11 0.425 0.42421875 0.062890625 0.0513671875
11 0.3609375 0.64609375 0.0404296875 0.0734375
11 0.45859375 0.56953125 0.040625 0.05625
11 0.725 0.725 0.106640625 0.068359375
11 0.753125 0.3578125 0.072265625 0.046484375
11 0.78125 0.2578125 0.050390625 0.0626953125
11 0.8640625 0.3125 0.078515625 0.0533203125
11 0.83984375 0.57890625 0.065625 0.0265625
11 0.24453125 0.70703125 0.061328125 0.029296875
11 0.63203125 0.68046875 0.0375 0.0546875
19 0.5109375 0.225 0.071484375 0.055859375
19 0.278125 0.4046875 0.094140625 0.0716796875
19 0.2296875 0.4578125 0.0904296875 0.040234375
19 0.12578125 0.44921875 0.0798828125 0.0701171875
19 0.38515625 0.56796875 0.073046875 0.0578125
19 0.4515625 0.66796875 0.066015625 0.076953125
19 0.73359375 0.5515625 0.0640625 0.0470703125
19 0.5234375 0.33828125 0.052734375 0.0673828125
19 0.48515625 0.36484375 0.04375 0.0642578125
19 0.81328125 0.40390625 0.079296875 0.041796875
19 0.68359375 0.8296875 0.0390625 0.041015625
19 0.6515625 0.71640625 0.02265625 0.0375
19 0.69609375 0.3640625 0.0265625 0.0279296875
6 0.5234375 0.15859375 0.0875 0.0453125
6 0.7078125 0.1890625 0.1 0.059375
6 0.978125 0.40546875 0.04375 0.1048828125
6 0.91171875 0.3828125 0.0419921875 0.047265625
6 0.825 0.5484375 0.093359375 0.0279296875
6 0.52265625 0.27734375 0.0453125 0.0390625