15 0.09895833281250001 0.25 0.0338541671875 0.33984375 0.0416666671875 0.564453125 0.07552083281250001 0.712890625 0.1067708328125 0.75390625 0.1614583328125 0.791015625 0.2786458328125 0.83984375 0.3541666671875 0.861328125 0.4817708328125 0.865234375 0.6380208328125 0.845703125 0.7526041671875 0.849609375 0.7734375 0.81640625 0.8229166671874999 0.8046875 0.8854166671874999 0.775390625 0.9010416671874999 0.73046875 0.9609375 0.658203125 0.96875 0.603515625 0.9817708328125001 0.580078125 0.9635416671874999 0.525390625 0.9739583328125001 0.404296875 0.9401041671874999 0.3125 0.875 0.224609375 0.7994791671875 0.177734375 0.6901041671875 0.130859375 0.5729166671875 0.115234375 0.3854166671875 0.107421875 0.2760416671875 0.134765625 0.20052083281250002 0.171875 0.09895833281250001 0.25
11 0.196875 0.26484375 0.06953125 0.03671875
11 0.24375 0.29765625 0.0515625 0.04296875
11 0.45546875 0.33203125 0.0484375 0.04296875
11 0.6328125 0.26640625 0.03984375 0.0453125
11 0.41796875 0.4546875 0.05625 0.04453125
11 0.3609375 0.65078125 0.03515625 0.06484375
11 0.44765625 0.58359375 0.0359375 0.05
11 0.68359375 0.72109375 0.0953125 0.059375
11 0.70859375 0.3953125 0.0640625 0.04140625
11 0.7328125 0.30703125 0.0453125 0.05625
11 0.80703125 0.35546875 0.07109375 0.0484375
11 0.7859375 0.59140625 0.05859375 0.0234375
11 0.25859375 0.7046875 0.0546875 0.025
11 0.6015625 0.68125 0.03359375 0.0484375
19 0.49375 0.278125 0.06328125 0.04921875
19 0.2875 0.4375 0.084375 0.06328125
19 0.2453125 0.484375 0.0796875 0.034375
19 0.153125 0.4765625 0.07109375 0.06171875
19 0.3828125 0.58203125 0.0640625 0.05078125
19 0.44140625 0.6703125 0.059375 0.06875
19 0.69140625 0.5671875 0.05703125 0.0421875
19 0.5046875 0.378125 0.0453125 0.06015625
19 0.47109375 0.4015625 0.03828125 0.0578125
19 0.76171875 0.43671875 0.06953125 0.03671875
19 0.96328125 0.58125 0.05625 0.05078125
19 0.646875 0.8140625 0.03515625 0.0375
19 0.61875 0.71328125 0.0203125 0.0328125
19 0.6578125 0.40078125 0.0234375 0.02421875
6 0.50546875 0.21875 0.07734375 0.03984375
6 0.66875 0.24609375 0.08828125 0.05234375
6 0.91015625 0.4390625 0.04375 0.09453125
6 0.84921875 0.4171875 0.03671875 0.04296875
6 0.771875 0.5640625 0.08203125 0.02421875
6 0.5046875 0.32421875 0.03984375 0.034375