15 0 0.8515625 0.057591623437499996 0.875 0.19109947656249998 0.884765625 0.23560209375 0.904296875 0.30104712031249997 0.94921875 0.3795811515625 0.974609375 0.5 0.974609375 0.5 0.95703125 0.4790575921875 0.923828125 0.4895287953125 0.876953125 0.5287958109375 0.818359375 0.6125654453125 0.76171875 0.6596858640625001 0.6875 0.6596858640625001 0.6328125 0.617801046875 0.603515625 0.6230366484375 0.564453125 0.60994764375 0.478515625 0.5968586390625 0.4609375 0.5759162296875 0.458984375 0.41623036718749995 0.505859375 0.35863874375 0.5390625 0.196335078125 0.60546875 0.1832460734375 0.625 0.11256544531249998 0.6796875 0.0602094234375 0.705078125 0 0.751953125 0 0.8515625
15 0.007853403125 0 0 0.005859375 0 0.208984375 0.010471204687500001 0.212890625 0.0130890046875 0.228515625 0 0.236328125 0 0.322265625 0.0497382203125 0.302734375 0.10994764374999999 0.291015625 0.2931937171875 0.283203125 0.350785340625 0.330078125 0.369109946875 0.384765625 0.4083769640625 0.416015625 0.47120418906249995 0.431640625 0.6047120421875001 0.4453125 0.725130890625 0.423828125 0.8141361249999999 0.39453125 0.8952879578124999 0.353515625 0.9450261781249999 0.302734375 0.960732984375 0.23828125 0.9476439796875 0.193359375 0.9162303671875 0.142578125 0.8376963343750001 0.095703125 0.6047120421875001 0 0.445026178125 0.005859375 0.43193717343750004 0 0.007853403125 0
11 0.23828125 0.74140625 0.0875 0.0671875
11 0.20078125 0.8375 0.09453125 0.0671875
11 0.271875 0.18203125 0.046875 0.0359375
11 0.63203125 0.2875 0.0609375 0.0375
11 0.53515625 0.0859375 0.02890625 0.02421875
11 0.4046875 0.13984375 0.04453125 0.03125
11 0.08828125 0.22265625 0.0671875 0.04296875
11 0.81328125 0.15 0.03984375 0.0171875
6 0.70546875 0.3375 0.1515625 0.0453125
6 0.54375 0.35078125 0.04609375 0.03515625
6 0.61953125 0.34921875 0.0515625 0.0265625
6 0.325 0.21171875 0.0390625 0.05
6 0.86640625 0.1609375 0.04140625 0.03203125
6 0.3921875 0.60390625 0.13515625 0.0640625
6 0.059375 0.7578125 0.06328125 0.0359375
6 0.90546875 0.20546875 0.0296875 0.02265625