15 0.000028934375 0.64642270625 0.000028934375 0.9025043484375 0.06793016874999999 0.907474078125 0.1203993046875 0.9305155546874999 0.1975597984375 0.9835109453124999 0.2437002921875 0.9984375 0.4321277 0.9984375 0.4321277 0.992727534375 0.40743634218749997 0.9535570281249999 0.419782021875 0.8982574890624999 0.46607831875 0.829133065625 0.5648437484375 0.7623127875 0.6203125 0.67489199375 0.6203125 0.610178303125 0.571016590625 0.5756768421875 0.577189428125 0.52959389375 0.56175733125 0.42821140468749996 0.5463252328125 0.4074740796875 0.521633871875 0.4051699328125 0.33336226875 0.46046947187500004 0.2654610328125 0.499639978125 0.0741030078125 0.577980990625 0.0586709109375 0.6010224671875 0.000028934375 0.64642270625
15 0.5541356656249999 0 0.39837963125 0.015959821875 0.32430555625 0.0343930015625 0.2780092609375 0.0712593609375 0.256404321875 0.1357754890625 0.1885030875 0.1910750296875 0.0002314828125 0.1830434296875 0.0002314828125 0.3890625 0.8693419671875 0.3890625 0.9230709890625001 0.356973646875 0.9601080265625 0.29706581249999997 0.975 0.24592526406249998 0.975 0.24185267187499998 0.95702160625 0.1680335546875 0.8983796296875 0.1081257203125 0.8027006171875 0.059738623437500006 0.697762346875 0.025176410937499998 0.5567348859375 0 0.5541356656249999 0
11 0.1234375 0.7390625 0.103125 0.078515625
11 0.07890625 0.8515625 0.1109375 0.07890625
11 0.16328125 0.07890625 0.055078125 0.0421875
11 0.5875 0.203125 0.071875 0.0439453125
11 0.31953125 0.0296875 0.0517578125 0.0373046875
11 0.8015625 0.040625 0.046875 0.0189453125
6 0.67421875 0.2625 0.178125 0.053125
6 0.484375 0.27734375 0.053515625 0.041796875
6 0.5734375 0.2765625 0.059765625 0.03125
6 0.22578125 0.11328125 0.0455078125 0.059375
6 0.8640625 0.05390625 0.0498046875 0.0388671875
6 0.3046875 0.5765625 0.159375 0.075
6 0.91015625 0.10703125 0.0357421875 0.0267578125