15 0 0.812646484375 0.042705546875 0.84259375 0.037357956250000005 0.8825937500000001 0.0507269375 0.9705937499999999 0.06409592187499999 0.98859375 0.069109290625 0.9890625 0.0906894078125 0.9890625 0.24858790156250002 0.94259375 0.3074114296875 0.90859375 0.47318683281249996 0.84059375 0.48655581718749996 0.8205937499999999 0.558748328125 0.76459375 0.6122242640625 0.7385937499999999 0.665625 0.696913315625 0.665625 0.5852903406250001 0.6148980609375 0.56459375 0.47853442656249995 0.55459375 0.43307988125 0.53459375 0.366234959375 0.48859375 0.28602105624999996 0.46259375 0.163026403125 0.46259375 0.163026403125 0.48059375 0.18441677812499999 0.51459375 0.173721590625 0.56259375 0.13361463906249998 0.62259375 0.048053140625000004 0.68059375 0 0.7564750015625 0 0.812646484375
15 0.14986422187499998 0.052328125 0.066976521875 0.094328125 0.0161743828125 0.146328125 0.0001316015625 0.21232812499999998 0.0135005859375 0.258328125 0.0455861484375 0.310328125 0.12580005156250001 0.358328125 0.340813471875 0.446875 0.971875 0.446875 0.971875 0.23876015625 0.9707198359375001 0.238328125 0.9680460406250001 0.222328125 0.971875 0.220036875 0.971875 0.13008388125 0.9306128843750001 0.146328125 0.8691155578125 0.158328125 0.6819497828125 0.166328125 0.6231262546874999 0.118328125 0.6044096765625 0.062328125 0.564302725 0.030328125 0.5001316015625 0.014328125 0.3637679640625 0.00032812499999999997 0.2407733125 0.022328124999999997 0.14986422187499998 0.052328125
11 0.23515625 0.7515625 0.0890625 0.06875
11 0.196875 0.84921875 0.0966796875 0.06875
11 0.2703125 0.17890625 0.047265625 0.036328125
11 0.6375 0.2859375 0.0623046875 0.0376953125
11 0.5390625 0.0796875 0.02890625 0.024609375
11 0.40546875 0.13515625 0.0453125 0.0326171875
11 0.08203125 0.21953125 0.06875 0.04375
11 0.82265625 0.1453125 0.040625 0.01640625
6 0.7125 0.3375 0.155859375 0.0466796875
6 0.54765625 0.35078125 0.046875 0.0359375
6 0.625 0.35 0.053125 0.0279296875
6 0.3234375 0.20859375 0.0404296875 0.0515625
6 0.87734375 0.15703125 0.0423828125 0.0328125
6 0.3921875 0.6109375 0.1376953125 0.065625
6 0.05234375 0.76796875 0.064453125 0.0375
6 0.91640625 0.20234375 0.030078125 0.0234375