15 1 0.1679868046875 0.8697478984375 0.20619158906249999 0.8487394953124999 0.22488317812499997 0.7689075625 0.25992990625 0.54201680625 0.3884345796875 0.4936974796875 0.43516355000000007 0.472689075 0.43983644843749997 0.4684873953125 0.3300233640625 0.4537815125 0.2365654203125 0.43907562968749997 0.1547897203125 0.413865546875 0.1010514015625 0.3550420171875 0.1010514015625 0.252100840625 0.11740654218749999 0 0.1968825890625 0 1 1 1 1 0.1679868046875
13 0.06015625 0.27109375 0.1201171875 0.0984375
13 0.21328125 0.3796875 0.1486328125 0.09375
13 0.16015625 0.46953125 0.138671875 0.0640625
13 0.1015625 0.59765625 0.203125 0.1296875
13 0.203125 0.73359375 0.2 0.107421875
13 0.0375 0.7359375 0.075 0.09375
13 0.53125 0.8390625 0.1625 0.102734375
13 0.37578125 0.4734375 0.16875 0.105859375
13 0.4984375 0.590625 0.1185546875 0.1654296875
13 0.71796875 0.6125 0.103125 0.1251953125
13 0.846875 0.475 0.143359375 0.112109375
13 0.6296875 0.14921875 0.124609375 0.076953125
13 0.7015625 0.25 0.084375 0.0623046875
13 0.79375 0.2140625 0.059765625 0.058984375
13 0.71796875 0.43046875 0.0701171875 0.0794921875
13 0.69296875 0.33828125 0.1044921875 0.0828125
13 0.91953125 0.36015625 0.101953125 0.0609375
13 0.93203125 0.2921875 0.098828125 0.059375