15 1 0.09405101875 0.9697036703125 0.079501315625 0 0.079501315625 0 0.9115161765625001 0.22899159687499998 0.9837069203125001 0.311873028125 0.996875 0.3922514390625 0.996875 0.41596638593749996 0.9463237421875 0.43067226875 0.8645480421875 0.4453781515625 0.7710900984375 0.44957983125 0.661277015625 0.4705882359375 0.6659499125 0.5189075625 0.712678884375 0.74579831875 0.8411835578125 0.8256302515625 0.8762302875 0.8466386546875 0.894921875 1 0.939904928125 1 0.09405101875
13 0.07265625 0.25078125 0.1451171875 0.0986328125
13 0.23671875 0.35859375 0.1486328125 0.09375
13 0.1828125 0.4484375 0.1376953125 0.065234375
13 0.01015625 0.45625 0.0203125 0.08125
13 0.11328125 0.57734375 0.2265625 0.1298828125
13 0.2265625 0.7125 0.2 0.1064453125
13 0.04921875 0.71484375 0.0984375 0.09375
13 0.55390625 0.81796875 0.1625 0.1017578125
13 0.39921875 0.45234375 0.16875 0.1048828125
13 0.52109375 0.5703125 0.1173828125 0.1654296875
13 0.740625 0.59140625 0.103125 0.1263671875
13 0.8703125 0.45390625 0.1435546875 0.1111328125
13 0.65234375 0.128125 0.123828125 0.077734375
13 0.725 0.22890625 0.084375 0.0611328125
13 0.8171875 0.19296875 0.059765625 0.058203125
13 0.740625 0.409375 0.0689453125 0.0783203125
13 0.71640625 0.3171875 0.104296875 0.08359375
13 0.9421875 0.3390625 0.1029296875 0.059765625
13 0.95234375 0.26953125 0.0951171875 0.0580078125