15 1 0.2277657265625 0.751953125 0.1496746203125 0.65625 0.1344902390625 0.6015625 0.1344902390625 0.578125 0.184381778125 0.564453125 0.2603036875 0.55078125 0.3470715828125 0.546875 0.4490238609375 0.52734375 0.444685465625 0.482421875 0.40130151875 0.271484375 0.2819956609375 0.197265625 0.2494577 0.177734375 0.232104121875 0 0.180043384375 0 0.95878525 0.0859375 1 1 1 1 0.2277657265625
13 0.10234375 0.29375 0.134375 0.0921875
13 0.25546875 0.39375 0.13828125 0.0875
13 0.20546875 0.4765625 0.12890625 0.059375
13 0.02734375 0.48515625 0.0546875 0.07578125
13 0.1390625 0.596875 0.21796875 0.12109375
13 0.2453125 0.72265625 0.1859375 0.09921875
13 0.065625 0.725 0.1234375 0.08671875
13 0.55078125 0.8203125 0.15078125 0.09453125
13 0.40625 0.48046875 0.15703125 0.09765625
13 0.51953125 0.58984375 0.109375 0.153125
13 0.72421875 0.61015625 0.09609375 0.1171875
13 0.84375 0.48203125 0.1328125 0.10390625
13 0.64140625 0.1796875 0.115625 0.07109375
13 0.709375 0.2734375 0.07890625 0.0578125
13 0.79453125 0.23984375 0.05625 0.05390625
13 0.72421875 0.440625 0.06484375 0.0734375
13 0.70078125 0.35546875 0.096875 0.0765625
13 0.9109375 0.37578125 0.0953125 0.05625
13 0.9234375 0.3125 0.0921875 0.05546875