15 0.14944083749999998 0 0.091269840625 0.1137566140625 0.0238095234375 0.296296296875 0 0.5 0.0456349203125 0.6481481484375 0.0674603171875 0.7698412703125 0.091269840625 0.8359788359375001 0.15674603125 0.9365079359375 0.21198412656249999 1 0.8570827328125 1 0.9821428578125 0.828042328125 1 0.8121693125 1 0.0784313734375 0.9473684203125 0 0.14944083749999998 0
6 0.38125 0.225 0.075390625 0.0685546875
6 0.478125 0.28203125 0.05625 0.075
6 0.33046875 0.96640625 0.0453125 0.0671875
8 0.4328125 0.40234375 0.0751953125 0.0548828125
7 0.55390625 0.06328125 0.0361328125 0.078125
7 0.67578125 0.0296875 0.034375 0.052734375
7 0.76875 0.11484375 0.055859375 0.0671875
7 0.946875 0.27265625 0.0533203125 0.0892578125
7 0.259375 0.78828125 0.075390625 0.0919921875
7 0.7671875 0.51328125 0.0498046875 0.0294921875
7 0.58203125 0.8359375 0.046875 0.06015625
7 0.5203125 0.71953125 0.043359375 0.0390625
7 0.86015625 0.7984375 0.0794921875 0.0501953125
7 0.5765625 0.43046875 0.047265625 0.0357421875
2 0.2296875 0.3734375 0.140625 0.19375
2 0.79453125 0.27734375 0.2015625 0.1888671875
2 0.471875 0.07109375 0.0873046875 0.1173828125
2 0.2328125 0.621875 0.149609375 0.10546875
2 0.89140625 0.50859375 0.1294921875 0.10625
2 0.690625 0.73515625 0.1658203125 0.10625
2 0.4078125 0.809375 0.153515625 0.1591796875
2 0.61875 0.28984375 0.081640625 0.148828125
2 0.52109375 0.59765625 0.0669921875 0.1701171875