15 0.9312791765625 0.22907986249999998 0.8856360234375 0.17352430624999998 0.75700531875 0.07977430625000001 0.6947646546875 0.051996528125 0.5744327046875 0.024218751562499998 0.3628144453125 0.0276909734375 0.294349715625 0.055468751562499995 0.2300343625 0.10407986250000001 0.22173560781249999 0.1353298625 0.2653040703125 0.20130208437500002 0.2590800078125 0.23255208437500002 0.3130219125 0.25338541718749996 0.40430822343750006 0.36102430625 0.393934778125 0.4304687515625 0.3980841578125 0.4617187515625 0.30264846875 0.5033854171875001 0.1221505453125 0.5554687515625 0.0723580125 0.583246528125 0.037088304687500004 0.576302084375 0.008042659375 0.6040798625 0.0018185953125000002 0.60358383125 0.0018185953125000002 0.76727430625 0.0184161046875 0.7915798625 0.0619845703125 0.8228298625000001 0.095179590625 0.8749131953125 0.18646589687499998 0.958246528125 0.2383331203125 0.9964409734374999 0.24549079218749997 0.9984375 0.6221946375 0.9984375 0.754930628125 0.9617187515625 0.815096603125 0.92352430625 0.8316941124999999 0.9026909734374999 0.829619425 0.8714409734374999 0.937503240625 0.76727430625 0.9665488859375 0.7151909734374999 0.99974390625 0.5901909734374999 0.9935198390625001 0.38185763906250003 0.9271297984375 0.26727430625 0.9312791765625 0.22907986249999998
13 0.60546875 0.140625 0.1048828125 0.1158203125
13 0.4453125 0.115625 0.1033203125 0.1189453125
13 0.3 0.20546875 0.1125 0.090625
13 0.40390625 0.26171875 0.0921875 0.0921875
13 0.16796875 0.465625 0.1455078125 0.162890625
13 0.3203125 0.48359375 0.1373046875 0.1423828125
13 0.20625 0.74296875 0.171484375 0.1796875
13 0.38515625 0.8671875 0.171875 0.183984375
13 0.5671875 0.8875 0.1625 0.18671875
13 0.78203125 0.83046875 0.171875 0.1951171875
13 0.8921875 0.6421875 0.1873046875 0.1783203125
13 0.71796875 0.54921875 0.138671875 0.1421875
13 0.621875 0.6765625 0.118359375 0.178125
13 0.43828125 0.65625 0.1451171875 0.171875
13 0.45625 0.36875 0.140234375 0.07421875
13 0.5828125 0.25 0.0841796875 0.093359375
2 0.33046875 0.346875 0.0765625 0.109375
2 0.209375 0.1921875 0.05625 0.0998046875
2 0.48359375 0.52890625 0.096875 0.064453125
2 0.5046875 0.253125 0.0560546875 0.078125
2 0.68671875 0.22109375 0.063671875 0.1