15 1 0.39364224062500003 0.9338842968750001 0.27984913749999996 0.9380165296874999 0.241918103125 0.8925619828125001 0.1867456890625 0.764462809375 0.093642240625 0.7024793390624999 0.0660560328125 0.582644628125 0.0384698265625 0.3719008265625 0.041918103125 0.3037190078125 0.06950430937499999 0.239669421875 0.117780171875 0.231404959375 0.1488146546875 0.2747933890625 0.21433189531250002 0.268595040625 0.245366378125 0.32231405 0.2660560328125 0.413223140625 0.37295258593749997 0.40289256250000005 0.441918103125 0.40702479374999995 0.4729525859375 0.3119834703125 0.5143318953125 0.1322314046875 0.5660560328125 0.082644628125 0.593642240625 0.0475206609375 0.5867456890625 0.018595040625 0.6143318953125 0 0.6128540640625 0 0.7582974124999999 0.0289256203125 0.8005387921875 0.07231404999999999 0.831573275 0.10537190156250001 0.8832974124999999 0.1962809921875 0.966056034375 0.2425044625 1 0.651849815625 1 0.76239669375 0.969504309375 0.8223140499999999 0.9315732750000001 0.838842975 0.9108836203124999 0.836776859375 0.8798491390625 0.9442148765624999 0.7764008609374999 0.9731404953125 0.7246767234375 1 0.6238146546875 1 0.39364224062500003
13 0.59453125 0.153125 0.1046875 0.115625
13 0.43515625 0.12890625 0.104296875 0.11875
13 0.290625 0.21796875 0.1123046875 0.0892578125
13 0.39375 0.2734375 0.0908203125 0.0908203125
13 0.15859375 0.4765625 0.1453125 0.1625
13 0.3109375 0.49375 0.134765625 0.143359375
13 0.196875 0.7515625 0.169140625 0.178125
13 0.375 0.875 0.1716796875 0.181640625
13 0.55625 0.8953125 0.1623046875 0.1845703125
13 0.77109375 0.83828125 0.1705078125 0.19375
13 0.88046875 0.6515625 0.1859375 0.177734375
13 0.70625 0.559375 0.1376953125 0.1408203125
13 0.6109375 0.6859375 0.116015625 0.177734375
13 0.42890625 0.66484375 0.14375 0.1703125
13 0.44609375 0.3796875 0.1390625 0.072265625
13 0.571875 0.26171875 0.0841796875 0.0919921875
2 0.3203125 0.35859375 0.077734375 0.1080078125
2 0.20078125 0.2046875 0.05625 0.097265625
2 0.4734375 0.5390625 0.0966796875 0.065234375
2 0.49453125 0.265625 0.0546875 0.0779296875
2 0.675 0.2328125 0.0625 0.0998046875