15 0.220703125 0 0.1640625 0.06510416718749999 0.099609375 0.1640625 0.076171875 0.22916666718749998 0.0546875 0.3489583328125 0.009765625 0.4947916671875 0.033203125 0.6953125 0.099609375 0.875 0.158203125 0.9895833328125001 0.166015625 1 0.93359375 1 1 0.9010416671874999 1 0.1927083328125 0.9765625 0.171875 0.8515625 0 0.220703125 0
6 0.38515625 0.22421875 0.07578125 0.06640625
6 0.48046875 0.2796875 0.05546875 0.07421875
6 0.3359375 0.96171875 0.04375 0.07578125
8 0.4359375 0.3984375 0.075 0.0546875
7 0.5546875 0.06484375 0.03671875 0.07734375
7 0.675 0.03203125 0.03359375 0.05078125
7 0.76640625 0.115625 0.05390625 0.065625
7 0.9421875 0.27109375 0.053125 0.08828125
7 0.26484375 0.778125 0.07578125 0.08984375
7 0.765625 0.5078125 0.0484375 0.02890625
7 0.58203125 0.82578125 0.04609375 0.059375
7 0.521875 0.7109375 0.0421875 0.0390625
7 0.85625 0.78828125 0.07734375 0.05
7 0.57734375 0.4265625 0.04765625 0.034375
2 0.2359375 0.3703125 0.13828125 0.190625
2 0.7921875 0.275 0.1984375 0.18515625
2 0.47421875 0.07265625 0.08515625 0.11640625
2 0.2390625 0.61484375 0.146875 0.103125
2 0.88671875 0.503125 0.1265625 0.1046875
2 0.6890625 0.72578125 0.1640625 0.1046875
2 0.41171875 0.8 0.15234375 0.15625
2 0.61953125 0.28828125 0.08125 0.146875
2 0.52265625 0.590625 0.06484375 0.1671875