15 0.11328125 0.1764705875 0.0703125 0.22875817031249998 0.07421875 0.2647058828125 0.01171875 0.37254902031250003 0.005859375 0.5686274515624999 0.037109375 0.686274509375 0.064453125 0.7352941171875 0.166015625 0.8333333328125001 0.1640625 0.8627450984375 0.1796875 0.8823529406249999 0.236328125 0.918300653125 0.47265625 0.98366013125 0.52734375 0.9869281046875 0.587890625 0.9673202609375 0.67578125 0.9640522875 0.72265625 0.9509803921875 0.771484375 0.9150326796874999 0.857421875 0.8366013078125001 0.888671875 0.7875816999999999 0.9296875 0.758169934375 0.9609375 0.7124183000000001 0.982421875 0.6176470593750001 0.98046875 0.578431371875 0.939453125 0.581699346875 0.912109375 0.5555555562500001 0.87890625 0.562091503125 0.83203125 0.5359477125 0.662109375 0.4869281046875 0.572265625 0.44771241875 0.576171875 0.41830065312500003 0.56640625 0.3529411765625 0.65234375 0.2516339875 0.703125 0.23202614375000002 0.697265625 0.2026143796875 0.73828125 0.1405228765625 0.73046875 0.1111111109375 0.669921875 0.06535947656249999 0.60546875 0.0392156859375 0.40625 0.0359477125 0.29296875 0.062091503125 0.234375 0.08823529375 0.11328125 0.1764705875
13 0.5734375 0.1453125 0.09921875 0.109375
13 0.42265625 0.121875 0.09765625 0.1125
13 0.2859375 0.20625 0.10546875 0.08515625
13 0.384375 0.259375 0.08671875 0.08671875
13 0.16171875 0.4515625 0.1375 0.15390625
13 0.30546875 0.46796875 0.12890625 0.134375
13 0.19765625 0.7125 0.1609375 0.16875
13 0.36640625 0.82890625 0.16171875 0.17265625
13 0.5375 0.8484375 0.153125 0.175
13 0.740625 0.79453125 0.16171875 0.18359375
13 0.84375 0.61796875 0.17578125 0.16796875
13 0.6796875 0.5296875 0.13046875 0.13359375
13 0.58984375 0.65 0.11015625 0.16796875
13 0.4171875 0.63046875 0.1359375 0.16171875
13 0.43359375 0.36015625 0.13125 0.06953125
13 0.55234375 0.24765625 0.07890625 0.08671875
2 0.31484375 0.33984375 0.071875 0.10234375
2 0.2015625 0.19375 0.053125 0.09296875
2 0.459375 0.5109375 0.090625 0.0609375
2 0.47890625 0.2515625 0.0515625 0.0734375
2 0.65 0.22109375 0.059375 0.09453125