15 0.0442487265625 0 0 0.06593927968749999 0 0.8163082453125 0.0161290328125 0.8306451609375 0.1392961875 1 0.803387096875 1 0.854838709375 0.940860215625 0.9213709671875 0.838709678125 0.945564515625 0.7715053765625 0.9677419359374999 0.6478494625 1 0.5431276296875 1 0.37656809999999996 0.9899193546875 0.29032258125 0.9213709671875 0.10483870937499999 0.8677602640625001 0 0.0442487265625 0
6 0.3734375 0.2234375 0.078125 0.06875
6 0.471875 0.28125 0.0564453125 0.075390625
6 0.321875 0.971875 0.0466796875 0.05625
8 0.42578125 0.403125 0.0767578125 0.05625
7 0.5484375 0.05859375 0.0375 0.0796875
7 0.67265625 0.02421875 0.034375 0.0484375
7 0.76640625 0.1109375 0.0548828125 0.0685546875
7 0.9484375 0.271875 0.053515625 0.0908203125
7 0.24921875 0.7953125 0.078125 0.091015625
7 0.765625 0.515625 0.05 0.03046875
7 0.57734375 0.84375 0.0482421875 0.0623046875
7 0.51484375 0.72578125 0.04375 0.0392578125
7 0.86015625 0.80625 0.0798828125 0.050390625
7 0.57109375 0.43203125 0.0486328125 0.0357421875
2 0.21953125 0.37421875 0.1421875 0.196875
2 0.79375 0.27578125 0.2060546875 0.1919921875
2 0.46484375 0.0671875 0.0888671875 0.121484375
2 0.22265625 0.6265625 0.1515625 0.10625
2 0.89140625 0.51171875 0.13125 0.1078125
2 0.6875 0.74140625 0.169140625 0.108203125
2 0.40078125 0.8171875 0.157421875 0.16015625
2 0.61484375 0.2890625 0.0830078125 0.152734375
2 0.515625 0.6015625 0.068359375 0.1720703125