15 0.046875 0.3776041671875 0.138671875 0.4557291671875 0.173828125 0.4427083328125 0.37109375 0.20572916718749998 0.365234375 0.1901041671875 0.326171875 0.1744791671875 0.2421875 0.1588541671875 0.0625 0.3619791671875 0.044921875 0.3697916671875 0.046875 0.3776041671875
15 0.224609375 0.4348958328125 0.1484375 0.53125 0.150390625 0.546875 0.201171875 0.6119791671875 0.30859375 0.6927083328125 0.341796875 0.7421875 0.375 0.71875 0.62109375 0.3697916671875 0.609375 0.3463541671875 0.5703125 0.3541666671875 0.44140625 0.2994791671875 0.376953125 0.2864583328125 0.337890625 0.3125 0.31640625 0.3463541671875 0.224609375 0.4348958328125
15 1 0.4973958328125 0.771484375 0.4114583328125 0.716796875 0.4036458328125 0.6796875 0.4401041671875 0.671875 0.4765625 0.642578125 0.5182291671875 0.611328125 0.5416666671875 0.60546875 0.5729166671875 0.556640625 0.6614583328125 0.46875 0.7864583328125 0.46484375 0.8125 0.47265625 0.8333333328125001 0.513671875 0.8828125 0.638671875 1 1 1 1 0.4973958328125
17 0.71484375 0.48125 0.03828125 0.05859375
17 0.7765625 0.48359375 0.0453125 0.0578125
17 0.80390625 0.58125 0.06328125 0.03828125
17 0.85234375 0.74609375 0.065625 0.07421875
17 0.9109375 0.65234375 0.09453125 0.07578125
17 0.953125 0.728125 0.0859375 0.06328125
17 0.6953125 0.8015625 0.06640625 0.05
17 0.64609375 0.8703125 0.05078125 0.084375
17 0.6734375 0.5875 0.07421875 0.03515625
17 0.61875 0.64375 0.02421875 0.0421875
17 0.6625 0.7078125 0.1109375 0.109375
17 0.96484375 0.5453125 0.0484375 0.05859375
17 0.9578125 0.6125 0.0578125 0.05703125
17 0.85859375 0.76328125 0.059375 0.03828125
17 0.89765625 0.84921875 0.071875 0.0375
17 0.86328125 0.90625 0.05859375 0.0484375
17 0.71796875 0.86484375 0.03515625 0.04140625
7 0.6 0.81953125 0.040625 0.0609375
7 0.77890625 0.6609375 0.034375 0.0359375
7 0.9234375 0.78828125 0.03671875 0.04375
7 0.975 0.96015625 0.04140625 0.04921875
7 0.753125 0.91015625 0.021875 0.03046875
7 0.92734375 0.9515625 0.03671875 0.03125
7 0.88515625 0.49609375 0.07265625 0.00703125
7 0.87578125 0.51796875 0.0390625 0.02265625
7 0.7546875 0.53515625 0.01875 0.0421875
7 0.62578125 0.60234375 0.01328125 0.05