15 0.375 0.44909821406250006 0.375 0.44406033593750005 0.16048678125 0.18562500312500002 0.122025240625 0.1713392875 0.021597890624999998 0.257053571875 0.0194611375 0.265625 0.038691907812499995 0.2741964296875 0.23235903750000003 0.49375 0.2529792125 0.49375 0.32715344375 0.47991071406249997 0.369888490625 0.46276785781249996 0.375 0.44909821406250006
15 0.39997663125 0.8109375 0.44271167499999997 0.7823660718750001 0.46621594843749997 0.7452232140625 0.5666432984374999 0.6480803578125001 0.6484375 0.5443185671874999 0.6484375 0.5300178421874999 0.6478398796875 0.5252232140624999 0.5922843234374999 0.45379464374999995 0.47476295312500005 0.36522321406249997 0.43843817031250004 0.3109375 0.40211338124999996 0.3366517859375 0.1328826140625 0.7195089296875 0.1457031265625 0.7452232140625 0.18843817031250001 0.7366517859374999 0.3294638109375 0.7966517859375 0.39997663125 0.8109375
15 0.764703525 0.48 0.724105234375 0.44000000000000006 0.664276175 0.448571428125 0.4783787390625 0.5186813203125 0.4783787390625 0.9984375 0.9115221390625001 0.9984375 0.94632745625 0.9657142859375 0.9911992515625 0.911428571875 0.9997462609375001 0.8885714281249999 0.9954727562500001 0.86 0.899318909375 0.7228571421875001 0.84590010625 0.6257142859375 0.83948985 0.5914285718750001 0.8053018156249999 0.5657142859375 0.773250534375 0.52 0.764703525 0.48
17 0.75234375 0.525 0.0419921875 0.0654296875
17 0.81953125 0.52734375 0.048828125 0.063671875
17 0.84921875 0.634375 0.06875 0.043359375
17 0.90234375 0.815625 0.071875 0.08125
17 0.95625 0.71015625 0.0875 0.0828125
17 0.98203125 0.79453125 0.0359375 0.06875
17 0.73046875 0.8765625 0.0732421875 0.053515625
17 0.67734375 0.9515625 0.0548828125 0.091015625
17 0.70703125 0.64140625 0.08125 0.0390625
17 0.646875 0.703125 0.025390625 0.0466796875
17 0.6953125 0.7734375 0.1216796875 0.121484375
17 0.9921875 0.66875 0.0154296875 0.0625
17 0.909375 0.834375 0.065625 0.043359375
17 0.95234375 0.928125 0.078125 0.0408203125
17 0.9125 0.98125 0.06328125 0.0375
17 0.75546875 0.94609375 0.0390625 0.0453125
7 0.62578125 0.89609375 0.0451171875 0.0669921875
7 0.82265625 0.72265625 0.0375 0.0390625
7 0.9796875 0.86171875 0.040625 0.0484375
7 0.79140625 0.98828125 0.0234375 0.023046875
7 0.93828125 0.54140625 0.0796875 0.0078125
7 0.928125 0.565625 0.043359375 0.024609375
7 0.79609375 0.584375 0.0205078125 0.0466796875
7 0.6546875 0.6578125 0.0154296875 0.0560546875