15 0.384375 0.41166424843750005 0.384375 0.40955596562499996 0.1653532609375 0.145675871875 0.1262228265625 0.1311409875 0.0240489140625 0.21835029062500003 0.021875 0.2270712203125 0.04144021875 0.23579215156250002 0.23865175781249998 0.459375 0.2583831546875 0.459375 0.3349184796875 0.44509447656249995 0.378396740625 0.427652615625 0.384375 0.41166424843750005
15 0.139130434375 0.5642260171875 0.19565217343750002 0.6369004359375 0.315217390625 0.727016715625 0.351505290625 0.78125 0.35358544687500004 0.78125 0.389130434375 0.7560864828125 0.6625 0.3673244859375 0.6625 0.36546148437500003 0.65 0.340388809375 0.6065217390625001 0.34910973749999996 0.463043478125 0.288063228125 0.3913043484375 0.27352834375 0.3478260875 0.302598109375 0.32391304375 0.340388809375 0.22173912968749998 0.4392260171875 0.1375 0.5460946828125001 0.1375 0.551144621875 0.139130434375 0.5642260171875
15 0.94561820625 0.4652707109375 0.88069066875 0.4042241984375 0.48909646718750005 0.4042241984375 0.48909646718750005 0.9274800140625 0.658661684375 0.9914335015625 0.6966417593750001 0.996875 0.72285956875 0.996875 0.760835596875 0.959456759375 0.76953125 0.9187590859375 0.8021399453125 0.87224745625 0.8369225546875001 0.8460846671875 0.84344429375 0.81120094375 0.89779211875 0.7123637328125 0.99561820625 0.57282885 0.9999660328125 0.5437590828125 0.9912703796875 0.5205032703125 0.94561820625 0.4652707109375
17 0.7671875 0.490625 0.041015625 0.065625
17 0.8359375 0.49296875 0.05 0.0640625
17 0.86640625 0.60234375 0.0703125 0.0423828125
17 0.9203125 0.7859375 0.072265625 0.083984375
17 0.96484375 0.67890625 0.069921875 0.084375
17 0.7453125 0.8484375 0.0748046875 0.0560546875
17 0.69140625 0.925 0.05625 0.09375
17 0.72109375 0.609375 0.0828125 0.037890625
17 0.66015625 0.671875 0.0265625 0.046875
17 0.709375 0.74296875 0.12421875 0.121875
17 0.92734375 0.80546875 0.0669921875 0.0423828125
17 0.96484375 0.9 0.069921875 0.04375
17 0.9328125 0.96484375 0.065625 0.0546875
17 0.77109375 0.91953125 0.0390625 0.0455078125
7 0.6390625 0.86796875 0.046484375 0.0673828125
7 0.8390625 0.69140625 0.0376953125 0.0392578125
7 0.9890625 0.8328125 0.021875 0.049609375
7 0.809375 0.96953125 0.0248046875 0.0330078125
7 0.95703125 0.5078125 0.0798828125 0.008984375
7 0.946875 0.53203125 0.04375 0.025
7 0.81171875 0.5515625 0.020703125 0.046875
7 0.66796875 0.62578125 0.014453125 0.05625