15 1 0.423828125 0.962890625 0.34375 0.900390625 0.251953125 0.82421875 0.1796875 0.708984375 0.125 0.609375 0.08984375 0.494140625 0.076171875 0.3359375 0.07421875 0.287109375 0.083984375 0.224609375 0.11328125 0.130859375 0.17578125 0.11328125 0.189453125 0.083984375 0.2421875 0.037109375 0.28125 0.015625 0.3125 0.001953125 0.3515625 0.001953125 0.423828125 0.01171875 0.451171875 0 0.48828125 0 0.66015625 0.005859375 0.66796875 0.06640625 0.73046875 0.119140625 0.767578125 0.287109375 0.845703125 0.330078125 0.857421875 0.369140625 0.88671875 0.400390625 0.89453125 0.478515625 0.896484375 0.515625 0.87890625 0.556640625 0.8828125 0.6484375 0.859375 0.802734375 0.810546875 0.88671875 0.76953125 0.90234375 0.71875 0.95703125 0.658203125 1 0.587890625 1 0.423828125
0 0.51328125 0.39453125 0.140625 0.15078125
2 0.21484375 0.35546875 0.1125 0.159375
2 0.24921875 0.54375 0.1109375 0.2234375
2 0.44921875 0.5859375 0.1296875 0.24453125
2 0.665625 0.58828125 0.22265625 0.125
2 0.70625 0.40234375 0.10234375 0.2078125
2 0.62421875 0.2140625 0.17578125 0.05390625
2 0.4484375 0.26796875 0.21484375 0.1265625
2 0.3390625 0.415625 0.14296875 0.165625
2 0.50859375 0.47734375 0.078125 0.0625
2 0.6203125 0.384375 0.07265625 0.14375