15 1 0.340497846875 0.9879032265625 0.320703125 0.9314516125000001 0.258203125 0.9153225812500001 0.2057837703125 0.8286290328125 0.1634450609375 0.6693548390624999 0.113041834375 0.5745967734375 0.08884828593750001 0.5322580640625 0.09288054375 0.49395161249999997 0.07473538125 0.41330645156249995 0.0767515125 0.38104838750000003 0.084816028125 0.34072580625 0.11505796406249999 0.2963709671875 0.1271547375 0.1229838703125 0.20779989843750002 0.0685483875 0.24610634999999997 0.0060483875 0.3106224796875 0 0.3186869953125 0 0.49610635 0.0120967734375 0.5344128015625 0.0020161296875000003 0.562638609375 0.0020161296875000003 0.6372353828125 0.0161290328125 0.6775579640625 0.038306451562499996 0.709816028125 0.0866935484375 0.750138609375 0.11693548437500001 0.804574090625 0.1350806453125 0.8186869953125001 0.2318548390625 0.8832031234375 0.2963709671875 0.9134450609375 0.3307081625 0.9203125 0.5201702906250001 0.9203125 0.6290322578125 0.9073966734375001 0.7318548390624999 0.8711063484375 0.8508064515625 0.8146547375000001 0.929435484375 0.7400579640625 0.9939516125000001 0.645299896875 1 0.6322481171875001 1 0.340497846875
0 0.53046875 0.40546875 0.1453125 0.1548828125
2 0.221875 0.365625 0.116015625 0.165234375
2 0.25703125 0.559375 0.1142578125 0.23125
2 0.4640625 0.60234375 0.134375 0.2517578125
2 0.68671875 0.60546875 0.2296875 0.129296875
2 0.72890625 0.41328125 0.10625 0.2140625
2 0.64453125 0.21875 0.18125 0.0560546875
2 0.46328125 0.27421875 0.221875 0.13125
2 0.35 0.4265625 0.1470703125 0.1716796875
2 0.525 0.490625 0.0810546875 0.062890625
2 0.640625 0.39453125 0.075 0.1484375