15 0.554072246875 0 0.5131578953125 0.0193804828125 0.46710526249999995 0.0149945171875 0.3640350875 0.04131030625 0.1907894734375 0.09613486875 0.096491228125 0.1421875 0.07894736875 0.19920504375 0.017543859375 0.2671875 0 0.29589563281250003 0 0.5965965484375 0.0109649125 0.6202576750000001 0.0811403515625 0.72332785 0.1666666671875 0.8044682015625 0.29605263125 0.8658717109375 0.40789473750000005 0.90534539375 0.44185855625 0.909375 0.7751754375 0.909375 0.83991228125 0.8790296046874999 0.9451754390625 0.8088541656249999 0.96491228125 0.7935032890625 0.9978070171875 0.7342927625 1 0.7324652781250001 1 0.17370146875 0.9583333328125001 0.1443804828125 0.7697368421874999 0.05666118437499999 0.721491228125 0.0435032890625 0.6776315796875 0.010608553125 0.642543859375 0.001836621875 0.56907894375 0 0.554072246875 0
0 0.484375 0.346875 0.15703125 0.169140625
2 0.14921875 0.303125 0.1265625 0.178515625
2 0.1875 0.5140625 0.125 0.252734375
2 0.4125 0.5609375 0.1466796875 0.275
2 0.6546875 0.5640625 0.25 0.140234375
2 0.70078125 0.35546875 0.115625 0.2330078125
2 0.609375 0.14375 0.1970703125 0.062109375
2 0.41171875 0.20390625 0.241796875 0.1421875
2 0.28828125 0.36953125 0.1609375 0.1859375
2 0.47890625 0.4390625 0.0875 0.07109375
2 0.6046875 0.33515625 0.08125 0.1611328125