15 1 0.03137303125 0.512795275 0.03137303125 0.507874015625 0.03727854375 0.5009842515625 0.03137303125 0 0.03137303125 0 0.8934584531249999 0.061023621875 0.8916092515624999 0.08464566875 0.9329478343750001 0.1318897640625 0.9526328734374999 0.183070865625 0.9506643703125001 0.226377953125 0.927042321875 0.2519685046875 0.9624753937499999 0.30905511875 0.9860974406249999 0.3562992125 0.9801919281249999 0.370078740625 0.9664124015625 0.3838582671875 0.964443896875 0.3976377953125 0.9742864171875001 0.40157480312500005 0.99987696875 0.41535433125 0.9723179125 0.5118110234375 0.9742864171875001 0.55314960625 0.9506643703125001 0.6003937015624999 0.9467273625000001 0.683070865625 0.9565698812500001 0.7106299218750001 0.938853346875 0.7381889765625 0.9349163390624999 0.7539370078125 0.9211368109375 0.848425196875 0.9073572828125 0.901574803125 0.8601131890625 0.9665354328125 0.8581446843749999 1 0.8475769265625 1 0.03137303125
13 0.121875 0.8671875 0.231640625 0.209765625
13 0.33671875 0.8640625 0.1767578125 0.240234375
13 0.5765625 0.86171875 0.2060546875 0.2078125
13 0.8734375 0.9546875 0.253125 0.0875
13 0.80546875 0.7796875 0.2578125 0.2248046875
13 0.57890625 0.64375 0.2203125 0.162109375
13 0.3375 0.6203125 0.205859375 0.1810546875
13 0.103125 0.65859375 0.20625 0.1765625
13 0.14921875 0.12109375 0.126171875 0.079296875
13 0.30859375 0.08359375 0.1390625 0.065625
13 0.47265625 0.07421875 0.1423828125 0.0513671875
13 0.6609375 0.09375 0.1310546875 0.043359375
13 0.796875 0.140625 0.1279296875 0.056640625
13 0.9453125 0.19765625 0.109375 0.0640625
13 0.92109375 0.28515625 0.1578125 0.094921875
13 0.87421875 0.4046875 0.184375 0.125
13 0.928125 0.5515625 0.140625 0.1625
13 0.74140625 0.5171875 0.1857421875 0.1435546875
13 0.409375 0.44765625 0.1533203125 0.1330078125
13 0.21875 0.53515625 0.16171875 0.154296875
13 0.0703125 0.5171875 0.0876953125 0.083984375
13 0.025 0.40859375 0.037890625 0.1640625
13 0.08515625 0.359375 0.1169921875 0.081640625
13 0.221875 0.24296875 0.156640625 0.088671875
13 0.0640625 0.24296875 0.115234375 0.0798828125
13 0.01796875 0.16484375 0.0298828125 0.0482421875
13 0.2828125 0.153125 0.116015625 0.0501953125
13 0.39921875 0.18203125 0.11875 0.0955078125
13 0.50078125 0.14375 0.0984375 0.075390625
13 0.56328125 0.2296875 0.1361328125 0.084765625
13 0.434375 0.3 0.15 0.094140625
13 0.26953125 0.3640625 0.1169921875 0.1001953125
13 0.71171875 0.2265625 0.13125 0.091015625
13 0.6546875 0.15859375 0.121875 0.0625