15 1 0.185546875 0.962890625 0.173828125 0.8984375 0.171875 0.845703125 0.125 0.751953125 0.111328125 0.736328125 0.09765625 0.708984375 0.09375 0.681640625 0.076171875 0.599609375 0.0859375 0.552734375 0.08203125 0.51171875 0.05859375 0.416015625 0.060546875 0.40234375 0.033203125 0.3984375 0.05859375 0.384765625 0.068359375 0.37109375 0.06640625 0.357421875 0.052734375 0.310546875 0.046875 0.25390625 0.0703125 0.228515625 0.10546875 0.185546875 0.08203125 0.134765625 0.080078125 0.087890625 0.099609375 0.064453125 0.140625 0 0.138671875 0 1 0.494140625 1 0.5078125 0.98828125 0.517578125 1 1 1 1 0.185546875
13 0.125 0.8625 0.23125 0.209375
13 0.33828125 0.85859375 0.17578125 0.23671875
13 0.57578125 0.85703125 0.20390625 0.20625
13 0.8734375 0.95390625 0.253125 0.0921875
13 0.803125 0.77578125 0.25546875 0.22265625
13 0.57890625 0.640625 0.21875 0.16015625
13 0.33828125 0.6171875 0.203125 0.17890625
13 0.10703125 0.65703125 0.2078125 0.17578125
13 0.1515625 0.121875 0.125 0.078125
13 0.31015625 0.08515625 0.1375 0.06484375
13 0.47265625 0.075 0.1421875 0.05
13 0.66015625 0.0953125 0.1296875 0.04140625
13 0.79453125 0.14140625 0.12578125 0.05703125
13 0.94453125 0.2 0.1109375 0.0625
13 0.9203125 0.2859375 0.159375 0.09375
13 0.87109375 0.403125 0.1828125 0.12421875
13 0.92421875 0.54921875 0.13984375 0.1609375
13 0.73984375 0.515625 0.18359375 0.1421875
13 0.41015625 0.44609375 0.15234375 0.1328125
13 0.22109375 0.5328125 0.159375 0.153125
13 0.07421875 0.51484375 0.0875 0.08203125
13 0.028125 0.4078125 0.03828125 0.1625
13 0.08828125 0.35859375 0.115625 0.08203125
13 0.22421875 0.24296875 0.15546875 0.0875
13 0.06796875 0.24296875 0.11328125 0.0796875
13 0.021875 0.16484375 0.03046875 0.04765625
13 0.284375 0.153125 0.11640625 0.05
13 0.4 0.1828125 0.11796875 0.0953125
13 0.50078125 0.14453125 0.09765625 0.075
13 0.56328125 0.2296875 0.1359375 0.08515625
13 0.43515625 0.29921875 0.1484375 0.09453125
13 0.27109375 0.36328125 0.115625 0.1
13 0.71015625 0.2265625 0.1296875 0.09140625
13 0.653125 0.159375 0.12109375 0.0625