15 1 0.193290221875 0.978354978125 0.1864549515625 0.90692640625 0.18429045 0.8484848484375 0.1323423984375 0.7445887453125 0.11719088281250001 0.7272727265625 0.1020393671875 0.696969696875 0.09771036250000001 0.6666666671875 0.07822984375 0.575757575 0.0890523546875 0.5238095234375 0.08472335 0.47835497812499994 0.0587493234375 0.372294371875 0.060913826562499995 0.3571428578125 0.0306107953125 0.352813853125 0.0587493234375 0.33766233749999996 0.069571834375 0.322510821875 0.0674073328125 0.3073593078125 0.0522558171875 0.2554112546875 0.0457623109375 0.1926406921875 0.0717363375 0.1645021640625 0.1106973765625 0.1168831171875 0.08472335 0.0606060609375 0.0825588484375 0.008658009375000001 0.10420386875000001 0 0.119355384375 0 1 1 1 1 0.193290221875
13 0.0890625 0.91640625 0.1779296875 0.1669921875
13 0.2859375 0.90703125 0.1939453125 0.1859375
13 0.54765625 0.91328125 0.225 0.1734375
13 0.8015625 0.853125 0.2841796875 0.246875
13 0.55234375 0.703125 0.2423828125 0.1779296875
13 0.2859375 0.67734375 0.225 0.1982421875
13 0.07109375 0.7203125 0.1421875 0.19375
13 0.0796875 0.12890625 0.137890625 0.086328125
13 0.2546875 0.0875 0.153125 0.0720703125
13 0.43515625 0.07734375 0.1578125 0.0548828125
13 0.6421875 0.09921875 0.14375 0.045703125
13 0.7921875 0.15 0.1404296875 0.0626953125
13 0.94765625 0.21328125 0.1046875 0.0703125
13 0.92109375 0.309375 0.1578125 0.103515625
13 0.8765625 0.440625 0.2029296875 0.1375
13 0.928125 0.60078125 0.14375 0.1796875
13 0.73125 0.56484375 0.203125 0.1578125
13 0.365625 0.48828125 0.16875 0.146875
13 0.15625 0.58359375 0.175390625 0.1701171875
13 0.0203125 0.5625 0.040625 0.090625
13 0.0359375 0.38984375 0.0716796875 0.090625
13 0.16015625 0.26328125 0.1732421875 0.096875
13 0.0234375 0.26015625 0.046875 0.0890625
13 0.2265625 0.16328125 0.1283203125 0.0548828125
13 0.3546875 0.19609375 0.1310546875 0.10625
13 0.465625 0.153125 0.106640625 0.0841796875
13 0.53515625 0.24765625 0.15 0.0951171875
13 0.39296875 0.32578125 0.1642578125 0.1046875
13 0.21171875 0.39609375 0.128125 0.1109375
13 0.69765625 0.24453125 0.14375 0.1015625
13 0.63515625 0.1703125 0.134375 0.06875