15 1 0.08333333281250001 0.8984375 0.0546875 0.759765625 0.0416666671875 0.693359375 0.0234375 0.64453125 0.0260416671875 0.583984375 0.013020832812499999 0.552734375 0.03125 0.486328125 0.0026041671875 0.4296875 0 0.267578125 0.0416666671875 0.123046875 0.046875 0.111328125 0.0494791671875 0.10546875 0.06770833281250001 0.109375 0.24479166718749998 0.125 0.4036458328125 0.16796875 0.5390625 0.17578125 0.6041666671875 0.2265625 0.7213541671875 0.28125 0.7994791671875 0.3203125 0.8359375 0.404296875 0.8697916671874999 0.43359375 0.8723958328125001 0.44921875 0.8854166671874999 0.5625 0.9036458328125001 0.6015625 0.921875 0.65234375 0.921875 0.767578125 0.8984375 1 0.734375 1 0.08333333281250001
13 0.63125 0.165625 0.0953125 0.1578125
13 0.34921875 0.321875 0.07265625 0.1109375
13 0.42578125 0.365625 0.0609375 0.1046875
13 0.7296875 0.4328125 0.11484375 0.15234375
13 0.9296875 0.12421875 0.12265625 0.13515625
13 0.3421875 0.0625 0.07421875 0.08828125
13 0.2296875 0.190625 0.0953125 0.1046875
13 0.2609375 0.07421875 0.06640625 0.06796875
13 0.296875 0.14765625 0.0265625 0.09453125
13 0.4890625 0.56015625 0.06796875 0.11875
13 0.534375 0.046875 0.0796875 0.09375
13 0.36328125 0.5796875 0.053125 0.09609375
13 0.25859375 0.36875 0.02421875 0.06484375
18 0.78515625 0.19765625 0.08515625 0.08984375
18 0.471875 0.28203125 0.03984375 0.08515625
18 0.56640625 0.5796875 0.078125 0.0796875
18 0.3796875 0.6953125 0.03671875 0.071875
18 0.4015625 0.13984375 0.04296875 0.0921875
18 0.52109375 0.30859375 0.0375 0.0671875
18 0.6859375 0.30703125 0.0578125 0.0734375