15 0.5984150015624999 0 0.55924221875 0.018256578125 0.44461771250000004 0.036677631249999995 0.428807434375 0.049835526562499996 0.3991631671875 0.0524671046875 0.3141829296875 0.08667763125 0.2746572375 0.12351973593750001 0.21932126875 0.2024671046875 0.16793787031250001 0.3208881578125 0.16003273125 0.38667763125 0.11655447031249999 0.5235197359375 0.1007441953125 0.684046053125 0.0967916265625 0.8629934203125 0.1027204796875 0.8814144734375 0.1145781859375 0.8840460531250001 0.2608232453125 0.8893092109375 0.42421411875 0.93125 0.42843687499999994 0.93125 0.48216711874999996 0.92878289375 0.5493607953125 0.8998355265625 0.5809813484374999 0.9182565781250001 0.642246171875 0.905098684375 0.691653284375 0.9077302625 0.7588469640625 0.8893092109375 0.899163165625 0.876151315625 0.996875 0.8486278296875 0.996875 0.18574569375 0.7667520984375 0.0235197359375 0.6509610359375 0 0.5984150015624999 0
13 0.62890625 0.1671875 0.096875 0.159375
13 0.34375 0.32578125 0.07421875 0.111328125
13 0.42109375 0.36875 0.0611328125 0.1060546875
13 0.728125 0.4375 0.1158203125 0.1533203125
13 0.93125 0.125 0.1248046875 0.1373046875
13 0.33671875 0.06328125 0.075 0.0890625
13 0.22265625 0.19296875 0.096875 0.1048828125
13 0.25390625 0.075 0.0671875 0.06875
13 0.290625 0.14921875 0.025390625 0.0953125
13 0.48515625 0.56640625 0.06875 0.1201171875
13 0.53046875 0.04765625 0.08125 0.094921875
13 0.35703125 0.58515625 0.0544921875 0.096875
13 0.2515625 0.37265625 0.025 0.065625
18 0.78515625 0.2 0.086328125 0.090625
18 0.4671875 0.28515625 0.040625 0.0859375
18 0.56328125 0.58515625 0.0794921875 0.0798828125
18 0.375 0.703125 0.0375 0.072265625
18 0.39609375 0.14140625 0.04375 0.09375
18 0.5171875 0.31171875 0.0375 0.0673828125
18 0.684375 0.3109375 0.058984375 0.074609375