15 0 0 0 0.7637241984375 0.2579185515625 0.9455101656249999 0.387741175 0.971875 0.451822071875 0.971875 0.4954751125 0.9515342625000001 0.6266968328125 0.9304499249999999 0.6447963796875 0.9153896828124999 0.67873303125 0.9123776359375 0.7760181 0.873221009375 0.82126696875 0.831052334375 0.8846153843750001 0.7406908875 0.9434389140624999 0.6051487203125 0.9524886875 0.5298475140625001 1 0.38034039375 1 0 0 0
13 0.58359375 0.0984375 0.1109375 0.183984375
13 0.2578125 0.27890625 0.084375 0.128125
13 0.34609375 0.32890625 0.070703125 0.120703125
13 0.69765625 0.4078125 0.1330078125 0.1751953125
13 0.92890625 0.06328125 0.1421875 0.1265625
13 0.24921875 0.01328125 0.0859375 0.0265625
13 0.11875 0.12734375 0.11171875 0.1203125
13 0.15390625 0.01484375 0.0765625 0.0296875
13 0.196875 0.07734375 0.0310546875 0.109375
13 0.41953125 0.5546875 0.078125 0.1373046875
13 0.2734375 0.5765625 0.0623046875 0.109765625
13 0.15234375 0.3328125 0.028125 0.075
18 0.7625 0.1359375 0.099609375 0.103515625
18 0.39921875 0.2328125 0.0455078125 0.097265625
18 0.509375 0.5765625 0.090625 0.09140625
18 0.29296875 0.7109375 0.042578125 0.08359375
18 0.31796875 0.06875 0.05 0.106640625
18 0.45625 0.26328125 0.0435546875 0.078125
18 0.64765625 0.2625 0.0671875 0.084375