15 0.92578125 0.288541665625 0.87109375 0.1973958328125 0.76953125 0.11666666562500001 0.705078125 0.0802083328125 0.607421875 0.046354165625 0.55859375 0.038541665625 0.50390625 0.046354165625 0.4921875 0.030729165625 0.46484375 0.028125 0.333984375 0.0671875 0.2578125 0.10885416562500001 0.173828125 0.1817708328125 0.095703125 0.288541665625 0.072265625 0.3484375 0.052734375 0.43958333281249995 0.025390625 0.46302083281249995 0.015625 0.48385416562500005 0.037109375 0.601041665625 0.09375 0.7703125 0.18359375 0.8640625 0.275390625 0.9317708328125001 0.330078125 0.9552083328125001 0.447265625 0.9734375 0.587890625 0.9708333328125001 0.66796875 0.95 0.79296875 0.8822916656249999 0.8515625 0.8302083328125001 0.890625 0.778125 0.931640625 0.6973958328125 0.943359375 0.6453125 0.955078125 0.48125 0.9765625 0.43958333281249995 0.92578125 0.288541665625
13 0.36953125 0.17890625 0.1169921875 0.1205078125
13 0.47734375 0.21171875 0.0375 0.1140625
13 0.56484375 0.33125 0.115625 0.07421875
13 0.571875 0.24140625 0.1185546875 0.1048828125
13 0.26953125 0.275 0.120703125 0.121484375
13 0.19765625 0.41328125 0.10625 0.153125
13 0.2453125 0.59921875 0.1314453125 0.1392578125
13 0.44140625 0.6125 0.160546875 0.15
13 0.74453125 0.571875 0.128125 0.13046875
13 0.68203125 0.35390625 0.1109375 0.0859375
13 0.3828125 0.53046875 0.124609375 0.079296875
13 0.5796875 0.48671875 0.1375 0.0763671875
13 0.56328125 0.715625 0.1015625 0.1158203125
13 0.59921875 0.6140625 0.1453125 0.10390625
13 0.39453125 0.325 0.121875 0.124609375
13 0.3 0.43046875 0.13125 0.1294921875
13 0.41484375 0.41328125 0.1080078125 0.0875
13 0.75078125 0.4375 0.1361328125 0.137890625