15 0.18359375 0.1380208328125 0.09375 0.23177083281250002 0.037109375 0.4010416671875 0.015625 0.5182291671875 0.025390625 0.5390625 0.052734375 0.5625 0.072265625 0.6536458328125 0.095703125 0.7135416671875 0.173828125 0.8203125 0.2578125 0.8932291671874999 0.333984375 0.9348958328125001 0.46484375 0.9739583328125001 0.4921875 0.9713541671874999 0.50390625 0.9557291671874999 0.55859375 0.9635416671874999 0.607421875 0.9557291671874999 0.705078125 0.921875 0.76953125 0.8854166671874999 0.87109375 0.8046875 0.92578125 0.7135416671875 0.9765625 0.5625 0.955078125 0.5208333328125 0.943359375 0.3567708328125 0.931640625 0.3046875 0.890625 0.22395833281250002 0.8515625 0.171875 0.79296875 0.1197916671875 0.66796875 0.05208333281250001 0.587890625 0.03125 0.447265625 0.0286458328125 0.330078125 0.046875 0.275390625 0.0703125 0.18359375 0.1380208328125
13 0.36953125 0.17890625 0.11640625 0.12109375
13 0.47734375 0.21171875 0.0375 0.1140625
13 0.56484375 0.33125 0.115625 0.0734375
13 0.571875 0.24140625 0.11796875 0.10546875
13 0.26953125 0.275 0.12109375 0.12109375
13 0.19765625 0.41328125 0.10625 0.153125
13 0.2453125 0.59921875 0.13203125 0.13984375
13 0.44140625 0.6125 0.16015625 0.15
13 0.74453125 0.571875 0.128125 0.1296875
13 0.68203125 0.35390625 0.1109375 0.0859375
13 0.3828125 0.53046875 0.12421875 0.07890625
13 0.5796875 0.48671875 0.1375 0.07578125
13 0.56328125 0.715625 0.1015625 0.11640625
13 0.59921875 0.6140625 0.1453125 0.1046875
13 0.39453125 0.325 0.121875 0.1234375
13 0.3 0.43046875 0.13125 0.12890625
13 0.41484375 0.41328125 0.10859375 0.0875
13 0.75078125 0.4375 0.13671875 0.1390625