15 0.49318181875 0 0.4795454546875 0.018181818750000002 0.41590909062500003 0.009090909375000001 0.359090909375 0.018181818750000002 0.24545454531250002 0.057575757812499996 0.17045454531249998 0.1 0.0522727265625 0.19393939375 0 0.28106060624999996 0 0.8115440125 0.0295454546875 0.8696969703124999 0.075 0.9303030296875001 0.14318181875 0.990909090625 0.159965034375 1 0.8111888109375001 1 0.8522727265625001 0.9696969703124999 0.9568181812500001 0.8606060609374999 1 0.7315569484375 1 0.45454545468749996 0.9818181812500001 0.36969697031250004 0.9545454546875 0.3 0.8636363640625 0.175757575 0.765909090625 0.090909090625 0.6772727265625 0.0424242421875 0.535151515625 0 0.49318181875 0
13 0.3640625 0.078125 0.1345703125 0.140625
13 0.48984375 0.115625 0.04375 0.13203125
13 0.590625 0.25546875 0.134765625 0.085546875
13 0.59921875 0.15078125 0.1375 0.1232421875
13 0.24765625 0.18984375 0.1419921875 0.140625
13 0.1640625 0.35078125 0.1248046875 0.178125
13 0.21953125 0.5671875 0.1544921875 0.1626953125
13 0.44765625 0.5828125 0.1859375 0.1748046875
13 0.80078125 0.5359375 0.1484375 0.152734375
13 0.728125 0.28125 0.128515625 0.1
13 0.37890625 0.48671875 0.144921875 0.091796875
13 0.609375 0.43671875 0.1595703125 0.0888671875
13 0.58984375 0.70234375 0.117578125 0.135546875
13 0.63125 0.58359375 0.1689453125 0.121875
13 0.39375 0.2484375 0.1408203125 0.14375
13 0.2828125 0.37109375 0.152734375 0.15
13 0.41640625 0.35078125 0.1265625 0.1015625
13 0.8078125 0.37890625 0.158984375 0.161328125