15 0.243455496875 0.412109375 0.1753926703125 0.46484375 0.12303664843749999 0.529296875 0.10994764374999999 0.63671875 0.12565445 0.71875 0.18586387499999998 0.810546875 0.2172774875 0.822265625 0.259162303125 0.857421875 0.3246073296875 0.890625 0.51570680625 0.890625 0.5654450265625 0.8984375 0.7827225125 0.880859375 0.8429319375000001 0.85546875 0.853403140625 0.8359375 0.9240837703125001 0.775390625 0.9554973828125 0.724609375 0.9712041890625001 0.66796875 0.9659685859374999 0.59765625 0.9188481671875 0.484375 0.85863874375 0.416015625 0.8376963343750001 0.40234375 0.8089005234375 0.40625 0.79581151875 0.39453125 0.6570680624999999 0.357421875 0.6020942406249999 0.34765625 0.5445026171875 0.34765625 0.4397905765625 0.3515625 0.311518325 0.376953125 0.243455496875 0.412109375
9 0.56328125 0.43359375 0.07109375 0.0328125
9 0.4234375 0.46328125 0.0640625 0.03359375
9 0.2953125 0.57421875 0.06171875 0.028125
9 0.44375 0.6109375 0.06875 0.0328125
9 0.31875 0.6171875 0.07265625 0.0234375
9 0.28203125 0.665625 0.03515625 0.01953125
9 0.346875 0.71171875 0.046875 0.03203125
9 0.46171875 0.73359375 0.0421875 0.0234375
9 0.4671875 0.6796875 0.053125 0.03671875
9 0.38515625 0.665625 0.03515625 0.02421875
9 0.60390625 0.63046875 0.03125 0.02265625
9 0.653125 0.6984375 0.04140625 0.0390625
9 0.78828125 0.66171875 0.06640625 0.04609375
9 0.53828125 0.49375 0.046875 0.03125
9 0.66328125 0.53984375 0.046875 0.03046875
9 0.846875 0.5578125 0.04375 0.0296875
9 0.75859375 0.52578125 0.06640625 0.0390625
9 0.54921875 0.6734375 0.0328125 0.025
9 0.84453125 0.71328125 0.06171875 0.034375
9 0.32421875 0.49765625 0.03984375 0.0328125
13 0.43046875 0.4171875 0.06796875 0.0359375
13 0.54140625 0.4046875 0.06015625 0.0265625
13 0.61640625 0.41640625 0.059375 0.0453125
13 0.57734375 0.55625 0.06640625 0.0421875
13 0.59765625 0.49921875 0.05625 0.046875
13 0.49453125 0.50859375 0.04609375 0.046875
13 0.34921875 0.5421875 0.0640625 0.0359375
13 0.34765625 0.4375 0.04453125 0.03125
13 0.32578125 0.46953125 0.0546875 0.01796875
13 0.42734375 0.79296875 0.0703125 0.059375
13 0.55546875 0.72265625 0.0765625 0.04921875
13 0.67578125 0.7765625 0.08203125 0.0578125
13 0.7578125 0.7875 0.06875 0.0515625
13 0.871875 0.6015625 0.090625 0.04375
13 0.85859375 0.66796875 0.053125 0.053125
13 0.7265625 0.65 0.06640625 0.04609375
13 0.24296875 0.64453125 0.06015625 0.046875
13 0.4015625 0.49453125 0.06640625 0.034375
13 0.25 0.509375 0.05546875 0.03828125
13 0.77265625 0.475 0.0546875 0.0375
13 0.678125 0.490625 0.06171875 0.02890625
13 0.46484375 0.578125 0.0578125 0.03203125
13 0.5375 0.6265625 0.0515625 0.040625
9 0.42109375 0.53671875 0.04921875 0.0265625
9 0.72578125 0.5828125 0.046875 0.02578125