15 0.228108640625 0.409765625 0.157428009375 0.4703125 0.1260143984375 0.52109375 0.110307590625 0.577734375 0.11554319531249999 0.648046875 0.16266361406250002 0.761328125 0.22287303593750002 0.8296875 0.24381544531250002 0.843359375 0.2726112578125 0.839453125 0.28570026249999997 0.851171875 0.42444371875 0.88828125 0.4794175390625 0.898046875 0.5370091640625 0.898046875 0.6417212046875 0.894140625 0.76999345625 0.86875 0.8380562828125001 0.83359375 0.9061191093750001 0.780859375 0.95847513125 0.71640625 0.9703125 0.6192566015625001 0.9703125 0.602447503125 0.9558573296875 0.526953125 0.89564790625 0.43515625 0.8642342921875 0.4234375 0.8223494765625 0.38828125 0.7569044515625001 0.355078125 0.565804975 0.355078125 0.5160667546875 0.347265625 0.29878926875 0.36484375 0.2385798421875 0.390234375 0.228108640625 0.409765625
9 0.56328125 0.43359375 0.0705078125 0.0328125
9 0.4234375 0.46328125 0.065234375 0.0330078125
9 0.2953125 0.57421875 0.062109375 0.028125
9 0.44375 0.6109375 0.06875 0.033984375
9 0.31875 0.6171875 0.0720703125 0.022265625
9 0.28203125 0.665625 0.0357421875 0.0189453125
9 0.346875 0.71171875 0.046875 0.032421875
9 0.46171875 0.73359375 0.0421875 0.0234375
9 0.4671875 0.6796875 0.053125 0.0373046875
9 0.38515625 0.665625 0.035546875 0.024609375
9 0.60390625 0.63046875 0.03125 0.023046875
9 0.653125 0.6984375 0.0408203125 0.040234375
9 0.78828125 0.66171875 0.0669921875 0.0455078125
9 0.53828125 0.49375 0.046875 0.03125
9 0.66328125 0.53984375 0.046875 0.030078125
9 0.846875 0.5578125 0.04375 0.02890625
9 0.75859375 0.52578125 0.066796875 0.0390625
9 0.54921875 0.6734375 0.0328125 0.025
9 0.84453125 0.71328125 0.061328125 0.034375
9 0.32421875 0.49765625 0.0392578125 0.0328125
13 0.43046875 0.4171875 0.0673828125 0.034765625
13 0.54140625 0.4046875 0.0607421875 0.027734375
13 0.61640625 0.41640625 0.059375 0.0453125
13 0.57734375 0.55625 0.0669921875 0.043359375
13 0.59765625 0.49921875 0.05625 0.046875
13 0.49453125 0.50859375 0.0455078125 0.046875
13 0.34921875 0.5421875 0.0640625 0.034765625
13 0.34765625 0.4375 0.0451171875 0.03125
13 0.32578125 0.46953125 0.0546875 0.017578125
13 0.42734375 0.79296875 0.0703125 0.059375
13 0.55546875 0.72265625 0.0765625 0.0486328125
13 0.67578125 0.7765625 0.082421875 0.05859375
13 0.7578125 0.7875 0.06875 0.05078125
13 0.871875 0.6015625 0.090625 0.04375
13 0.85859375 0.66796875 0.053125 0.053125
13 0.7265625 0.65 0.0658203125 0.0466796875
13 0.24296875 0.64453125 0.0607421875 0.046875
13 0.4015625 0.49453125 0.066015625 0.034375
13 0.25 0.509375 0.0560546875 0.0376953125
13 0.77265625 0.475 0.0546875 0.0375
13 0.678125 0.490625 0.0623046875 0.0283203125
13 0.46484375 0.578125 0.0578125 0.031640625
13 0.5375 0.6265625 0.050390625 0.040625
9 0.42109375 0.53671875 0.048828125 0.0265625
9 0.72578125 0.5828125 0.046875 0.0251953125