15 0.25838068125 0.8856991531249999 0.329403409375 0.9217161 0.5367897734375 0.9217161 0.587562153125 0.9296875 0.5969894078125 0.9296875 0.8265625 0.9111228796875 0.891903409375 0.8835805078125001 0.9032670453125 0.8623940687499999 0.979971590625 0.7967161 0.9984375 0.7668785296875 0.9984375 0.5390654421875001 0.9742897734374999 0.481038134375 0.9089488640625 0.4068855921875 0.886221590625 0.39205508437500003 0.854971590625 0.396292371875 0.8407670453125 0.38358050781249997 0.6901988640625001 0.3433262703125 0.630987221875 0.3328125 0.56590906875 0.3328125 0.45440340937499996 0.3369703375 0.3151988640625 0.36451271093750004 0.241335228125 0.40264830468749996 0.167471590625 0.45985169375 0.11065340937499998 0.5297669484374999 0.0964488640625 0.646292371875 0.11349431875 0.7352754234375001 0.178835228125 0.8348516953124999 0.2129261359375 0.8475635578125 0.25838068125 0.8856991531249999
9 0.5890625 0.42578125 0.077734375 0.0359375
9 0.43671875 0.4578125 0.06875 0.0373046875
9 0.29765625 0.57890625 0.0671875 0.0298828125
9 0.45859375 0.61796875 0.075 0.0359375
9 0.3234375 0.625 0.078515625 0.025
9 0.2828125 0.67734375 0.037890625 0.021875
9 0.353125 0.728125 0.0501953125 0.034375
9 0.47890625 0.7515625 0.0453125 0.0251953125
9 0.484375 0.69296875 0.056640625 0.039453125
9 0.39453125 0.678125 0.0388671875 0.0251953125
9 0.6328125 0.63984375 0.0341796875 0.025
9 0.6859375 0.7125 0.044140625 0.04296875
9 0.8328125 0.67265625 0.0720703125 0.05
9 0.5609375 0.49140625 0.050390625 0.033203125
9 0.696875 0.54140625 0.0501953125 0.0330078125
9 0.89609375 0.5609375 0.048046875 0.03359375
9 0.80078125 0.52578125 0.0732421875 0.0421875
9 0.5734375 0.6859375 0.0345703125 0.027734375
9 0.89375 0.7296875 0.068359375 0.0375
9 0.3296875 0.4953125 0.0435546875 0.034765625
13 0.44453125 0.40859375 0.0734375 0.0390625
13 0.5640625 0.39453125 0.065625 0.0294921875
13 0.64609375 0.40703125 0.0640625 0.048828125
13 0.60390625 0.55859375 0.073046875 0.045703125
13 0.6265625 0.496875 0.0623046875 0.0501953125
13 0.5140625 0.5078125 0.05 0.0501953125
13 0.35625 0.54375 0.0689453125 0.037890625
13 0.3546875 0.4296875 0.047265625 0.034375
13 0.33125 0.46484375 0.059375 0.019921875
13 0.440625 0.815625 0.075390625 0.062890625
13 0.5796875 0.7390625 0.0841796875 0.053125
13 0.71015625 0.79765625 0.0890625 0.0638671875
13 0.79921875 0.81015625 0.075 0.055078125
13 0.9234375 0.60859375 0.097265625 0.0482421875
13 0.909375 0.6796875 0.056640625 0.0564453125
13 0.765625 0.66015625 0.071875 0.05
13 0.240625 0.6546875 0.065625 0.0501953125
13 0.41328125 0.4921875 0.071875 0.0375
13 0.2484375 0.5078125 0.0595703125 0.0408203125
13 0.815625 0.47109375 0.059375 0.040625
13 0.71328125 0.4875 0.0671875 0.03125
13 0.48203125 0.5828125 0.0625 0.034375
13 0.5609375 0.63515625 0.0560546875 0.0451171875
9 0.434375 0.5375 0.053125 0.0283203125
9 0.76484375 0.5875 0.0513671875 0.028125