15 0 0 0 0.8512820515625 0.0107296140625 0.8645161296874999 0.12446351874999999 0.9483870968750001 0.19742489218749998 0.9580645156250001 0.2930717359375 1 0.34495708125 1 0.478540771875 0.9903225812500001 0.5219957078124999 1 0.54899856875 1 0.6866952796875 0.9645161296874999 0.783261803125 0.90322580625 0.8197424890624999 0.8935483874999999 0.8690987124999999 0.8516129031249999 0.9291845500000001 0.841935484375 0.9592274671875 0.8 1 0.7110301781249999 1 0.0935483875 0.9570815453125 0.0129032265625 0.9450643781249999 0 0 0
13 0.18984375 0.42578125 0.1513671875 0.209375
13 0.478125 0.6578125 0.0751953125 0.0783203125
13 0.6484375 0.821875 0.134375 0.28203125
13 0.5171875 0.43671875 0.0439453125 0.2201171875
13 0.41484375 0.47734375 0.0548828125 0.1236328125
13 0.31875 0.1640625 0.1810546875 0.1533203125
13 0.534375 0.10625 0.130859375 0.1158203125
13 0.5671875 0.23359375 0.197265625 0.1046875
13 0.9046875 0.23125 0.118359375 0.159375
13 0.7609375 0.40859375 0.0748046875 0.1419921875
13 0.96953125 0.6296875 0.0609375 0.221875