15 0.405255878125 0 0.284232365625 0.03125 0.19087136875 0.090625 0.15560165937499998 0.1 0.1078838171875 0.140625 0.04979253125 0.15 0.0207468875 0.190625 0 0.235987903125 0 0.91015625 0.0228215765625 0.953125 0.0663900421875 1 0.47095435625000004 1 1 1 1 0.205048078125 0.9377593359375 0.128125 0.8278008296875001 0.046875 0.7572614109375 0.0375 0.6719027859375 0 0.5715767640625 0 0.485477178125 0.00625 0.4574688796875 0 0.405255878125 0
13 0.16484375 0.409375 0.1453125 0.203125
13 0.44296875 0.634375 0.0734375 0.0751953125
13 0.60859375 0.79296875 0.1296875 0.2736328125
13 0.48125 0.41953125 0.0435546875 0.2125
13 0.3828125 0.459375 0.0533203125 0.119140625
13 0.28984375 0.15625 0.175 0.1498046875
13 0.4984375 0.09921875 0.125390625 0.1125
13 0.5296875 0.2234375 0.191015625 0.10234375
13 0.85625 0.2203125 0.11328125 0.15390625
13 0.7171875 0.39296875 0.071875 0.1375
13 0.9390625 0.60859375 0.09375 0.2142578125