15 1 0.24633431093749997 0.923828125 0.15249266875 0.8203125 0.076246334375 0.75390625 0.0674486796875 0.66015625 0.0263929625 0.498046875 0.0381231671875 0.4453125 0.0263929625 0.30859375 0.061583578125 0.220703125 0.117302053125 0.1875 0.12609970625 0.142578125 0.1642228734375 0.087890625 0.173020528125 0.060546875 0.21114369531250002 0 0.3431085046875 0 0.498533725 0.01953125 0.4956011734375 0.021484375 0.5073313781250001 0 0.5395894421875 0 0.8093841640624999 0.0625 0.9266862171874999 0.130859375 1 0.267578125 1 0.28515625 0.9853372437499999 0.310546875 1 0.435546875 1 0.458984375 0.9970674484375 0.470703125 0.9882697953124999 0.46484375 0.9736070375000001 0.484375 0.9706744875 0.5390625 1 0.98046875 1 1 0.9765395890624999 1 0.24633431093749997
13 0.196875 0.41640625 0.1375 0.190625
13 0.45859375 0.62734375 0.06875 0.07109375
13 0.6140625 0.7765625 0.121875 0.25703125
13 0.49375 0.4265625 0.040625 0.19921875
13 0.4015625 0.46328125 0.05078125 0.11328125
13 0.3140625 0.17890625 0.1640625 0.13984375
13 0.51015625 0.12578125 0.11796875 0.10625
13 0.53984375 0.2421875 0.18046875 0.0953125
13 0.846875 0.2390625 0.10703125 0.1453125
13 0.71640625 0.40078125 0.0671875 0.12890625
13 0.925 0.603125 0.08828125 0.2015625