15 0.347969409375 0 0.3101265828125 0.019662921875 0.257383965625 0.0308988765625 0.24261603437499998 0.0646067421875 0.1983122359375 0.09550561875 0.160337553125 0.1011235953125 0.11603375468749999 0.16011235937499999 0.069620253125 0.16853932656249998 0.0400843875 0.1994382015625 0 0.2180019546875 0 0.9515989640625 0.0189873421875 0.994382021875 0.024180459374999998 1 1 1 1 0.2231314125 0.9367088609374999 0.15168539375 0.8839662453124999 0.10674157343749999 0.8164556968750001 0.06741572968750001 0.677215190625 0.0168539328125 0.5759493671875 0.0028089890625 0.5717299578125 0 0.347969409375 0
9 0.29609375 0.86796875 0.1875 0.2640625
9 0.89609375 0.91875 0.079296875 0.093359375
9 0.5296875 0.93828125 0.102734375 0.1234375
9 0.48046875 0.7359375 0.125 0.2595703125
9 0.44140625 0.5640625 0.0642578125 0.090625
9 0.36796875 0.33515625 0.038671875 0.1140625
9 0.79453125 0.5203125 0.0765625 0.075
9 0.9015625 0.915625 0.0845703125 0.0939453125
9 0.46875 0.328125 0.0810546875 0.0626953125
9 0.0796875 0.2078125 0.10625 0.087109375
9 0.8609375 0.55859375 0.0564453125 0.09375
9 0.83515625 0.340625 0.0798828125 0.0845703125
9 0.60078125 0.1640625 0.1 0.10625
9 0.86328125 0.16015625 0.079296875 0.080078125
9 0.425 0.06015625 0.0498046875 0.0669921875
13 0.778125 0.915625 0.1904296875 0.16875
13 0.11875 0.565625 0.0779296875 0.1404296875
13 0.20703125 0.97890625 0.0798828125 0.0421875
9 0.72421875 0.3390625 0.1078125 0.1125
16 0.1234375 0.91796875 0.166015625 0.1609375
16 0.08203125 0.596875 0.1201171875 0.187109375
16 0.40859375 0.42421875 0.125 0.107421875
16 0.68515625 0.20625 0.0548828125 0.0533203125
16 0.865625 0.184375 0.162109375 0.056640625
16 0.225 0.43359375 0.153125 0.0484375
16 0.58125 0.846875 0.0435546875 0.0720703125
16 0.453125 0.7875 0.1126953125 0.131640625
16 0.4828125 0.090625 0.0251953125 0.0904296875
16 0.21015625 0.371875 0.1265625 0.0625
16 0.303125 0.28515625 0.1001953125 0.078125
16 0.06171875 0.3234375 0.09375 0.1654296875
9 0.121875 0.29765625 0.099609375 0.0513671875
9 0.83984375 0.44296875 0.0861328125 0.1359375
12 0.94609375 0.46328125 0.1078125 0.2138671875
12 0.07265625 0.465625 0.1 0.080859375
12 0.503125 0.615625 0.0498046875 0.103125
12 0.81171875 0.93359375 0.0546875 0.1328125
12 0.565625 0.025 0.040625 0.05
12 0.41328125 0.94296875 0.082421875 0.067578125
9 0.06953125 0.78359375 0.1173828125 0.1357421875
11 0.1421875 0.72421875 0.0939453125 0.0921875
11 0.3484375 0.6734375 0.1095703125 0.0654296875
11 0.7296875 0.4609375 0.0748046875 0.0716796875
11 0.55390625 0.19921875 0.04375 0.0951171875
9 0.32578125 0.15078125 0.078125 0.090625
9 0.2390625 0.17734375 0.065234375 0.1267578125