15 1 0.2333014875 0.9745762718750001 0.20666710625 0.9279661015625 0.1981925296875 0.8834745765625 0.138870496875 0.8453389828125 0.133220778125 0.8008474578125 0.10214733281249999 0.7860169484374999 0.068249028125 0.733050846875 0.056949592187499995 0.646186440625 0.0117518515625 0.5762711859375 0.025876145312499998 0.48728813593750003 0.025876145312499998 0.4661016953125 0.0400004390625 0.3644067796875 0.0541247328125 0.224576271875 0.104972190625 0.1567796609375 0.14452021406249999 0.103813559375 0.1897179546875 0.0063559328124999995 0.2998874453125 0 0.33378575 0 0.3504210296875 0.016949153124999998 0.393107784375 0 0.45638462031250004 0 1 1 1 1 0.2333014875
9 0.253125 0.88828125 0.1876953125 0.2234375
9 0.85390625 0.95625 0.0798828125 0.0875
9 0.48671875 0.95859375 0.1015625 0.0828125
9 0.43828125 0.7765625 0.1263671875 0.2623046875
9 0.3984375 0.60390625 0.065625 0.0919921875
9 0.325 0.3734375 0.0376953125 0.1154296875
9 0.753125 0.56015625 0.075390625 0.0763671875
9 0.86015625 0.9546875 0.084375 0.090625
9 0.42578125 0.3671875 0.0798828125 0.0626953125
9 0.04453125 0.24453125 0.0890625 0.0875
9 0.8203125 0.5984375 0.0564453125 0.0939453125
9 0.79453125 0.37890625 0.08125 0.0859375
9 0.55859375 0.20234375 0.1 0.1076171875
9 0.82265625 0.19765625 0.0796875 0.0798828125
9 0.3828125 0.09765625 0.0498046875 0.0669921875
13 0.7375 0.9359375 0.190625 0.128125
13 0.07421875 0.60546875 0.076953125 0.140625
9 0.6828125 0.378125 0.1091796875 0.1125
16 0.08125 0.93828125 0.1625 0.1203125
16 0.0484375 0.63515625 0.096875 0.1859375
16 0.365625 0.46328125 0.125 0.1078125
16 0.64296875 0.24453125 0.0548828125 0.0546875
16 0.825 0.221875 0.162109375 0.05703125
16 0.18125 0.47265625 0.1533203125 0.0484375
16 0.5390625 0.88828125 0.0435546875 0.0734375
16 0.4109375 0.82890625 0.11484375 0.133203125
16 0.43984375 0.128125 0.0263671875 0.090625
16 0.16640625 0.41015625 0.1265625 0.0625
16 0.259375 0.3234375 0.100390625 0.0783203125
16 0.03203125 0.36015625 0.0638671875 0.1669921875
9 0.07734375 0.3359375 0.0986328125 0.0501953125
9 0.7984375 0.48203125 0.0873046875 0.1361328125
12 0.9078125 0.5046875 0.1125 0.2126953125
12 0.0390625 0.503125 0.078125 0.0783203125
12 0.4609375 0.65625 0.049609375 0.103515625
12 0.77109375 0.9546875 0.0548828125 0.090625
12 0.52578125 0.059375 0.040625 0.0595703125
12 0.36953125 0.97421875 0.0828125 0.0513671875
9 0.0421875 0.821875 0.084375 0.137109375
11 0.0984375 0.765625 0.094140625 0.093359375
11 0.30546875 0.7140625 0.1109375 0.065625
11 0.68828125 0.50078125 0.075 0.071875
11 0.51171875 0.23671875 0.0451171875 0.0951171875
9 0.2828125 0.18828125 0.078125 0.090625
9 0.1953125 0.21484375 0.065234375 0.128125