15 1 0.7578125 0.982421875 0.7005208328125 0.984375 0.5286458328125 0.974609375 0.4453125 0.955078125 0.3723958328125 0.97265625 0.328125 0.96484375 0.2864583328125 0.875 0.1848958328125 0.826171875 0.1432291671875 0.763671875 0.1067708328125 0.634765625 0.05989583281250001 0.541015625 0.046875 0.521484375 0.0338541671875 0.439453125 0.0338541671875 0.375 0.0208333328125 0.294921875 0.0625 0.24609375 0.07291666718749999 0.232421875 0.1041666671875 0.19140625 0.1328125 0.15625 0.1380208328125 0.115234375 0.1927083328125 0.072265625 0.20052083281250002 0.044921875 0.22916666718749998 0 0.25 0 0.9088541671874999 0.025390625 0.9661458328125001 0.056640625 1 0.947265625 1 0.96875 0.9427083328125001 1 0.8046875 1 0.7578125
9 0.2828125 0.85859375 0.17265625 0.2625
9 0.8375 0.89609375 0.0734375 0.08671875
9 0.5 0.92890625 0.09375 0.1421875
9 0.453125 0.7265625 0.115625 0.24140625
9 0.41640625 0.5671875 0.06015625 0.084375
9 0.3484375 0.3546875 0.03515625 0.10546875
9 0.74296875 0.5265625 0.0703125 0.06953125
9 0.84296875 0.89296875 0.07890625 0.08828125
9 0.44140625 0.3484375 0.07421875 0.05859375
9 0.08203125 0.23671875 0.0984375 0.0796875
9 0.80546875 0.5625 0.05234375 0.08671875
9 0.78125 0.36015625 0.075 0.07890625
9 0.5640625 0.196875 0.0921875 0.0984375
9 0.80703125 0.1921875 0.0734375 0.07421875
9 0.4015625 0.1 0.0453125 0.0609375
13 0.7296875 0.90078125 0.17578125 0.16796875
13 0.1171875 0.56875 0.07109375 0.1296875
13 0.1984375 0.965625 0.075 0.06875
9 0.678125 0.35859375 0.1 0.10390625
16 0.121875 0.8953125 0.1546875 0.14921875
16 0.084375 0.59765625 0.1109375 0.17265625
16 0.3859375 0.4375 0.115625 0.09921875
16 0.6421875 0.2359375 0.0515625 0.05
16 0.809375 0.21484375 0.1484375 0.053125
16 0.21640625 0.44609375 0.1421875 0.0453125
16 0.54609375 0.82890625 0.03984375 0.06796875
16 0.42734375 0.77421875 0.10546875 0.1234375
16 0.4546875 0.128125 0.02421875 0.08359375
16 0.20234375 0.3890625 0.1171875 0.0578125
16 0.28828125 0.30859375 0.09296875 0.07265625
16 0.06484375 0.34453125 0.08671875 0.153125
9 0.1203125 0.31953125 0.09140625 0.046875
9 0.78515625 0.45546875 0.0796875 0.12578125
12 0.8859375 0.47578125 0.10390625 0.196875
12 0.075 0.47578125 0.0921875 0.0734375
12 0.4734375 0.615625 0.0453125 0.09609375
12 0.76015625 0.91015625 0.05 0.12265625
12 0.53359375 0.06484375 0.0375 0.05546875
12 0.390625 0.91875 0.07578125 0.06328125
9 0.07265625 0.7703125 0.109375 0.12578125
11 0.13984375 0.715625 0.0875 0.08515625
11 0.33046875 0.66875 0.1015625 0.06015625
11 0.6828125 0.471875 0.06875 0.06640625
11 0.5203125 0.22890625 0.040625 0.0875
9 0.309375 0.184375 0.071875 0.08359375
9 0.22890625 0.20859375 0.059375 0.11796875