15 1 0.1387621796875 0.8571428578125 0.0907563609375 0.7410714281249999 0.066420078125 0.6160714281249999 0.06420768906249999 0.502976190625 0.21022538750000003 0.43154761875 0.3739422015625 0.4077380953125 0.39606609531250003 0.2886904765625 0.4181899890625 0.196428571875 0.44695105156250003 0.1636904765625 0.449163440625 0.13988095312499998 0.4381014921875 0.11904761875 0.45137583125 0.0446428578125 0.464650165625 0 0.46833748281250004 0 0.9593144015625 0.084585528125 1 0.855531625 1 1 0.9599282015625 1 0.1387621796875
13 0.5515625 0.79609375 0.2689453125 0.1671875
13 0.86171875 0.76171875 0.276171875 0.171875
13 0.98671875 0.565625 0.0265625 0.137890625
13 0.596875 0.51484375 0.2064453125 0.1236328125
13 0.9 0.40390625 0.199609375 0.0859375
13 0.9375 0.25234375 0.125 0.084375
13 0.796875 0.1703125 0.1375 0.06484375
13 0.70234375 0.28359375 0.10625 0.0875
13 0.278125 0.553125 0.174609375 0.1125
13 0.05234375 0.62265625 0.1044921875 0.1125
13 0.140625 0.7828125 0.2779296875 0.1529296875
11 0.4953125 0.4203125 0.125390625 0.065234375
11 0.11171875 0.50234375 0.2234375 0.084375
11 0.215625 0.6359375 0.1470703125 0.078515625
11 0.05234375 0.72109375 0.1044921875 0.1015625
11 0.684375 0.659375 0.1091796875 0.0779296875
11 0.53515625 0.6109375 0.085546875 0.041015625
11 0.496875 0.54765625 0.075 0.0609375
11 0.8640625 0.5765625 0.13359375 0.158984375
11 0.88359375 0.7453125 0.0640625 0.0623046875
11 0.7109375 0.64921875 0.1841796875 0.046875
11 0.83515625 0.3203125 0.0953125 0.06875
11 0.80546875 0.25546875 0.075 0.0544921875
11 0.65078125 0.19296875 0.1423828125 0.0705078125
11 0.978125 0.365625 0.037890625 0.0375