15 1 0.162109375 0.8089005234375 0.09765625 0.7068062828125 0.076171875 0.5968586390625 0.07421875 0.49738219843750003 0.203125 0.4345549734375 0.34765625 0.413612565625 0.3671875 0.3089005234375 0.38671875 0.227748690625 0.412109375 0.1989528796875 0.4140625 0.17801047187500002 0.404296875 0.15968586406250002 0.416015625 0.0942408375 0.427734375 0 0.435546875 0 0.837890625 0.133507853125 0.90234375 0.311518325 0.951171875 0.3429319375 0.943359375 0.49214659687499995 0.939453125 0.772251309375 0.91015625 0.9476439796875 0.861328125 1 0.8359375 1 0.162109375
13 0.53984375 0.7203125 0.2375 0.14765625
13 0.81328125 0.68984375 0.2421875 0.1515625
13 0.95625 0.51640625 0.0875 0.1234375
13 0.5796875 0.471875 0.18203125 0.109375
13 0.86015625 0.375 0.2 0.07734375
13 0.9015625 0.24140625 0.15 0.0734375
13 0.75546875 0.16796875 0.1203125 0.05625
13 0.67265625 0.26796875 0.09375 0.07734375
13 0.29921875 0.50625 0.153125 0.09921875
13 0.07421875 0.56796875 0.1484375 0.1
13 0.17890625 0.70859375 0.24375 0.134375
11 0.490625 0.38828125 0.1109375 0.05703125
11 0.1265625 0.46171875 0.253125 0.0734375
11 0.24453125 0.57890625 0.13046875 0.0703125
11 0.0734375 0.6546875 0.146875 0.08984375
11 0.65625 0.59921875 0.0953125 0.06875
11 0.52578125 0.55703125 0.075 0.03671875
11 0.4921875 0.50078125 0.065625 0.05390625
11 0.81484375 0.5265625 0.1171875 0.13984375
11 0.83203125 0.67578125 0.05625 0.0546875
11 0.68046875 0.590625 0.16171875 0.04140625
11 0.78984375 0.3 0.08359375 0.0609375
11 0.76328125 0.24296875 0.06640625 0.04765625
11 0.62734375 0.18828125 0.12578125 0.0625
11 0.915625 0.33984375 0.034375 0.03359375