15 1 0.45172991093750003 0.9494382015625 0.44752823125 0.8792134828125 0.4349231890625 0.8595505625 0.422318146875 0.8370786515624999 0.4328223484375 0.806179775 0.4307215078125 0.7191011234375 0.4034105828125 0.6067415734375 0.3824021796875 0.5842696625 0.3613937765625 0.5168539328125 0.2059315921875 0.41011235937499996 0.06727612968749999 0.29213483125 0.0693769703125 0.1825842703125 0.0924862140625 0 0.1542163859375 0 0.8975282312499999 0.033707865625 0.9139147859375001 0.22191011249999998 0.96643579375 0.522471909375 0.9979483968749999 0.6006517515625001 1 0.7546734578125001 1 0.9073033703125001 0.95803243125 1 0.9131733125 1 0.45172991093750003
13 0.52890625 0.7625 0.2546875 0.159375
13 0.821875 0.7296875 0.2595703125 0.1626953125
13 0.96328125 0.54296875 0.0732421875 0.1326171875
13 0.571875 0.4953125 0.194140625 0.1185546875
13 0.87265625 0.390625 0.2142578125 0.081640625
13 0.91640625 0.24765625 0.1609375 0.0794921875
13 0.76015625 0.16796875 0.1296875 0.0609375
13 0.67109375 0.27578125 0.1 0.0828125
13 0.2703125 0.53125 0.1654296875 0.1064453125
13 0.053125 0.596875 0.10625 0.10625
13 0.14140625 0.74921875 0.2611328125 0.1451171875
11 0.47578125 0.40546875 0.11875 0.061328125
11 0.109375 0.4828125 0.21875 0.07890625
11 0.21171875 0.61015625 0.139453125 0.076171875
11 0.053125 0.690625 0.10625 0.096875
11 0.65390625 0.63203125 0.1017578125 0.0734375
11 0.51328125 0.58671875 0.0798828125 0.0390625
11 0.47734375 0.5265625 0.0703125 0.058984375
11 0.82421875 0.55390625 0.126171875 0.151171875
11 0.8421875 0.7140625 0.06015625 0.058984375
11 0.6796875 0.62265625 0.17265625 0.044921875
11 0.796875 0.31015625 0.0904296875 0.065625
11 0.76875 0.2484375 0.0716796875 0.0501953125
11 0.62265625 0.18984375 0.1357421875 0.0671875
11 0.93125 0.353125 0.0373046875 0.037109375