15 0.166015625 0 0.15234375 0.01171875 0.1484375 0.03125 0.12890625 0.056640625 0.123046875 0.072265625 0.126953125 0.091796875 0.115234375 0.099609375 0.09375 0.083984375 0.041015625 0.072265625 0.03125 0.0625 0.009765625 0.064453125 0.03125 0.087890625 0.03515625 0.10546875 0.064453125 0.103515625 0.07421875 0.1171875 0.052734375 0.16015625 0.025390625 0.16015625 0 0.169921875 0 0.1953125 0.01171875 0.205078125 0.015625 0.228515625 0.01171875 0.24609375 0 0.251953125 0 0.30078125 0.01171875 0.314453125 0.0390625 0.30859375 0.048828125 0.3125 0.048828125 0.3203125 0.029296875 0.34375 0 0.357421875 0 0.439453125 0.015625 0.42578125 0.09375 0.400390625 0.130859375 0.400390625 0.13671875 0.412109375 0.115234375 0.4453125 0.099609375 0.4453125 0.103515625 0.47265625 0.12109375 0.478515625 0.115234375 0.513671875 0.099609375 0.5234375 0.099609375 0.5 0.087890625 0.494140625 0.080078125 0.517578125 0.0625 0.51953125 0.041015625 0.54296875 0.02734375 0.5703125 0.029296875 0.58203125 0 0.59375 0 0.990234375 0.009765625 1 0.482421875 1 0.4921875 0.9921875 0.517578125 0.990234375 0.529296875 1 0.857421875 1 0.873046875 0.990234375 0.96484375 0.908203125 1 0.859375 1 0.005859375 0.9921875 0 0.537109375 0 0.533203125 0.02734375 0.51953125 0.04296875 0.470703125 0.046875 0.40625 0.03125 0.421875 0 0.166015625 0
1 0.46171875 0.7859375 0.08203125 0.1578125
1 0.18046875 0.22109375 0.065625 0.09140625
1 0.32578125 0.115625 0.1125 0.059375
1 0.4765625 0.08828125 0.09140625 0.04921875
1 0.83828125 0.11484375 0.11875 0.10546875
1 0.93359375 0.08125 0.1328125 0.1625
1 0.91171875 0.33515625 0.06640625 0.0859375
1 0.98046875 0.309375 0.0390625 0.0515625
1 0.71328125 0.8796875 0.1078125 0.08984375
1 0.584375 0.90234375 0.11796875 0.06875
1 0.2546875 0.5984375 0.115625 0.0484375
1 0.11953125 0.584375 0.0984375 0.07734375
1 0.22109375 0.35859375 0.13359375 0.0515625
1 0.53203125 0.1953125 0.10234375 0.06015625
1 0.65703125 0.22109375 0.08515625 0.0421875
1 0.809375 0.77734375 0.08359375 0.08984375
9 0.409375 0.5640625 0.10390625 0.13203125
9 0.8703125 0.5578125 0.121875 0.07265625
9 0.81484375 0.62421875 0.05546875 0.096875
9 0.8171875 0.390625 0.125 0.1046875
9 0.7140625 0.24609375 0.05390625 0.06015625
9 0.4109375 0.5671875 0.09140625 0.1390625
9 0.24921875 0.39765625 0.11015625 0.04921875
19 0.4984375 0.4 0.26953125 0.13671875
19 0.4703125 0.51953125 0.1515625 0.06015625
19 0.6125 0.64375 0.35390625 0.175
19 0.20546875 0.81953125 0.36484375 0.2109375
19 0.0796875 0.4953125 0.159375 0.2
19 0.3546875 0.24453125 0.26015625 0.2109375
19 0.075 0.04609375 0.1375 0.0921875
19 0.93046875 0.415625 0.1390625 0.15
19 0.81015625 0.2375 0.1203125 0.17109375
19 0.74296875 0.04140625 0.2015625 0.0765625
0 0.7453125 0.48671875 0.17890625 0.121875
0 0.66953125 0.7875 0.1859375 0.1125
0 0.83046875 0.73515625 0.11328125 0.05625
0 0.36640625 0.75625 0.08671875 0.0796875
0 0.24765625 0.67265625 0.12578125 0.08203125
0 0.053125 0.709375 0.09765625 0.1421875
0 0.0765625 0.30703125 0.1390625 0.16875
0 0.2203125 0.07734375 0.15234375 0.13046875
0 0.0765625 0.134375 0.11171875 0.0953125
0 0.95078125 0.20390625 0.0984375 0.0859375
0 0.73046875 0.17109375 0.1125 0.16328125
0 0.7390625 0.49453125 0.12421875 0.1125
0 0.8828125 0.803125 0.053125 0.04140625
0 0.54140625 0.1265625 0.13203125 0.053125
0 0.228125 0.07421875 0.12578125 0.10234375