15 0.14156626562500002 0 0.134538153125 0.006024096875 0.1305220890625 0.0261044171875 0.11044176718750001 0.052208835937499996 0.1044176703125 0.0682730921875 0.108433734375 0.0883534140625 0.09638554218749999 0.09638554218749999 0.0742971890625 0.080321284375 0.020080321875 0.0682730921875 0.0100401609375 0.058232931249999995 0 0.059145673437500004 0 0.0733844484375 0.0100401609375 0.08433735 0.014056225 0.1024096390625 0.044176706249999996 0.10040160625000001 0.0542168671875 0.11445783125 0.0321285140625 0.1586345375 0.0040160640625 0.1586345375 0 0.160179178125 0 0.31511761250000003 0.0180722890625 0.3112449796875 0.02811245 0.31526104374999997 0.02811245 0.3232931734375 0.008032128125 0.3473895578125 0 0.3511378859375 0 0.4297690765625 0.0742971890625 0.405622490625 0.1124497984375 0.405622490625 0.11847389531250001 0.41767068281249997 0.09638554218749999 0.45180722968750003 0.080321284375 0.45180722968750003 0.08433735 0.479919678125 0.1024096390625 0.48594377499999997 0.09638554218749999 0.522088353125 0.080321284375 0.5321285140625001 0.080321284375 0.508032128125 0.0682730921875 0.5020080328125001 0.0602409640625 0.5261044171875 0.042168675 0.52811245 0.020080321875 0.5522088359375 0.006024096875 0.580321284375 0.008032128125 0.592369478125 0 0.5955823296875 0 1 0.8889845093750001 1 0.96987951875 0.9277108437500001 1 0.885876840625 1 0 0.529259896875 0 0.5261044171875 0.022088353124999998 0.5120481921875 0.0381526109375 0.4618473890625 0.042168675 0.39558232968749996 0.0261044171875 0.40863453749999995 0 0.14156626562500002 0
1 0.45234375 0.8015625 0.0830078125 0.1623046875
1 0.16328125 0.22109375 0.0671875 0.09375
1 0.31328125 0.11328125 0.115625 0.0609375
1 0.46796875 0.084375 0.09375 0.05
1 0.83984375 0.11171875 0.121875 0.108203125
1 0.934375 0.08046875 0.1310546875 0.1609375
1 0.91484375 0.33828125 0.0673828125 0.0890625
1 0.98203125 0.3109375 0.0359375 0.0529296875
1 0.7109375 0.8984375 0.11015625 0.09140625
1 0.57890625 0.921875 0.121875 0.0716796875
1 0.23984375 0.609375 0.11875 0.05
1 0.10078125 0.59453125 0.1013671875 0.0796875
1 0.20546875 0.3625 0.1375 0.053125
1 0.525 0.19453125 0.1060546875 0.0611328125
1 0.653125 0.22109375 0.0875 0.04375
1 0.81015625 0.79296875 0.0859375 0.0921875
9 0.3984375 0.5734375 0.1064453125 0.134765625
9 0.8734375 0.56796875 0.125 0.0736328125
9 0.815625 0.6359375 0.056640625 0.1
9 0.81875 0.3953125 0.1283203125 0.1064453125
9 0.7125 0.24765625 0.055859375 0.061328125
9 0.4 0.57734375 0.09375 0.1423828125
9 0.23359375 0.40234375 0.1138671875 0.0513671875
19 0.490625 0.4046875 0.27578125 0.140625
19 0.46171875 0.528125 0.1548828125 0.0625
19 0.6078125 0.65546875 0.3626953125 0.1798828125
19 0.1890625 0.8359375 0.375 0.216015625
19 0.0703125 0.503125 0.140625 0.203125
19 0.34296875 0.24609375 0.2671875 0.2169921875
19 0.0625 0.04453125 0.1248046875 0.0888671875
19 0.93125 0.41953125 0.1375 0.1546875
19 0.81015625 0.23828125 0.1234375 0.1763671875
19 0.73984375 0.0375 0.2076171875 0.0748046875
0 0.74375 0.49453125 0.184375 0.125
0 0.66640625 0.80390625 0.1919921875 0.115625
0 0.83125 0.74921875 0.116015625 0.0578125
0 0.3546875 0.77109375 0.0904296875 0.0826171875
0 0.2328125 0.6859375 0.12890625 0.084375
0 0.04140625 0.72265625 0.0826171875 0.1451171875
0 0.06328125 0.30859375 0.1265625 0.175
0 0.2046875 0.0734375 0.15625 0.134375
0 0.05625 0.13125 0.1125 0.099609375
0 0.95234375 0.20390625 0.0953125 0.0890625
0 0.72890625 0.16953125 0.115625 0.1673828125
0 0.7375 0.50234375 0.1279296875 0.115625
0 0.88515625 0.81953125 0.0546875 0.042578125
0 0.534375 0.12421875 0.137109375 0.0546875
0 0.2125 0.0703125 0.130859375 0.1060546875