15 0.10610766093749999 0 0.028260870312500002 0.0695652171875 0 0.10881642656249998 0 1 0.9652173906250001 1 0.9608695656249999 0.9782608703125 0.97391304375 0.9695652171875 0.9978260875 0.9869565218749999 1 0.9874396125 1 0.6340760875 0.9978260875 0.634782609375 0.9565217390624999 0.634782609375 0.95 0.6217391296875 0.97391304375 0.584782609375 0.9913043484375 0.584782609375 0.9869565218749999 0.5543478265624999 0.9673913046875 0.5478260875000001 0.97391304375 0.5086956515625001 0.9913043484375 0.4978260875 0.9913043484375 0.52391304375 1 0.5282608703125 1 0 0.10610766093749999 0
1 0.41171875 0.79375 0.090625 0.175
1 0.09921875 0.165625 0.0732421875 0.100390625
1 0.2609375 0.0484375 0.125 0.0658203125
1 0.42734375 0.021875 0.1017578125 0.04375
1 0.8296875 0.05234375 0.13359375 0.1046875
1 0.93125 0.05 0.1373046875 0.1
1 0.9125 0.2921875 0.074609375 0.0966796875
1 0.98203125 0.2625 0.0359375 0.05625
1 0.69140625 0.89921875 0.1203125 0.1
1 0.5484375 0.92421875 0.1314453125 0.0765625
1 0.18125 0.5859375 0.1283203125 0.0533203125
1 0.0421875 0.56796875 0.084375 0.0859375
1 0.14453125 0.31875 0.1484375 0.0564453125
1 0.48984375 0.13671875 0.1140625 0.0671875
1 0.62890625 0.165625 0.0953125 0.046875
1 0.7984375 0.784375 0.093359375 0.1
9 0.353125 0.546875 0.115625 0.146875
9 0.8671875 0.540625 0.1345703125 0.0810546875
9 0.8046875 0.6140625 0.0623046875 0.108984375
9 0.8078125 0.35390625 0.140234375 0.1169921875
9 0.69296875 0.19375 0.0607421875 0.068359375
9 0.3546875 0.55078125 0.10234375 0.1546875
9 0.175 0.36171875 0.121875 0.0548828125
19 0.453125 0.36484375 0.3 0.1517578125
19 0.42109375 0.49765625 0.1673828125 0.0671875
19 0.5796875 0.6359375 0.39375 0.19609375
19 0.1640625 0.83046875 0.328125 0.235546875
19 0.03671875 0.46953125 0.0734375 0.2203125
19 0.29296875 0.1921875 0.2890625 0.234375
19 0.928125 0.38125 0.14375 0.16796875
19 0.79921875 0.18359375 0.1330078125 0.1892578125
0 0.72734375 0.4609375 0.1986328125 0.134765625
0 0.64296875 0.79609375 0.2076171875 0.1263671875
0 0.821875 0.7375 0.1251953125 0.0625
0 0.30625 0.7609375 0.096875 0.08984375
0 0.1734375 0.66875 0.140625 0.091015625
0 0.0296875 0.26015625 0.0591796875 0.1890625
0 0.14140625 0.0390625 0.1701171875 0.078125
0 0.021875 0.06875 0.04375 0.10625
0 0.95078125 0.14765625 0.0982421875 0.0953125
0 0.7109375 0.11015625 0.125 0.18125
0 0.7203125 0.4703125 0.1376953125 0.125
0 0.88046875 0.81328125 0.059375 0.0455078125
0 0.50078125 0.06015625 0.148046875 0.059375
0 0.15 0.0296875 0.137890625 0.0591796875