15 0.9562662078124999 0.262618696875 0.9292952546875 0.1935579234375 0.7052288640625 0.05819880937500001 0.636764134375 0.0443866546875 0.40024961093750006 0.041624221875 0.2757682828125 0.096872840625 0.1450628890625 0.17974576874999998 0.060000648437500005 0.287480575 0.057925959375 0.3095800234375 0.0703740921875 0.3316794703125 0.045477826562500004 0.3935579234375 0.045477826562500004 0.7421767078125 0.0703740921875 0.757093834375 0.1658097765625 0.881403228125 0.228050440625 0.925602121875 0.36497990156250004 0.9863756046875001 0.45960515781250005 0.996875 0.4994132546875 0.996875 0.6803325984375 0.936651846875 0.7093782421875 0.8979778125 0.7508720171875 0.8648286421875 0.8712039671875 0.7985303 0.9292952546875 0.7239446640625 0.9749384078125001 0.5720109625 0.979087784375 0.489138034375 0.9998346734375 0.45875129374999996 0.9832371625 0.42283969218750006 0.9562662078124999 0.262618696875
19 0.3375 0.4109375 0.0685546875 0.203125
19 0.2921875 0.70546875 0.159765625 0.0875
19 0.73125 0.6484375 0.025 0.153515625
19 0.53828125 0.51640625 0.1361328125 0.0828125
19 0.709375 0.49921875 0.030859375 0.053125
19 0.65859375 0.28125 0.075 0.116015625
19 0.55 0.26796875 0.11875 0.0326171875
19 0.77265625 0.34375 0.0421875 0.081640625
19 0.8265625 0.41953125 0.065234375 0.028125
19 0.41328125 0.27109375 0.015625 0.0857421875
9 0.828125 0.52265625 0.077734375 0.145703125
9 0.49609375 0.1453125 0.0607421875 0.1123046875
9 0.12890625 0.434375 0.0794921875 0.0873046875
9 0.44453125 0.63046875 0.0544921875 0.084375
9 0.71953125 0.2953125 0.0513671875 0.0408203125
8 0.51796875 0.43984375 0.0826171875 0.090625
8 0.41875 0.48828125 0.0748046875 0.1017578125
8 0.525 0.80625 0.080859375 0.087109375
8 0.28671875 0.634375 0.10625 0.096484375
8 0.1765625 0.51328125 0.0779296875 0.071875
8 0.2609375 0.4078125 0.0466796875 0.0783203125
8 0.28203125 0.29609375 0.0513671875 0.1232421875
8 0.5203125 0.4390625 0.078125 0.0685546875
8 0.553125 0.32265625 0.0875 0.0642578125
8 0.571875 0.20390625 0.097265625 0.059375
8 0.75703125 0.52578125 0.0576171875 0.175
8 0.6328125 0.75859375 0.168359375 0.11875
8 0.6578125 0.56484375 0.090625 0.115625
8 0.90546875 0.409375 0.0986328125 0.0845703125