15 0.283203125 0.1770833328125 0.169921875 0.23958333281250002 0.115234375 0.3098958328125 0.072265625 0.453125 0.068359375 0.53125 0.048828125 0.5598958328125 0.064453125 0.59375 0.08984375 0.7447916671875 0.115234375 0.8098958328125001 0.326171875 0.9375 0.390625 0.9505208328125001 0.61328125 0.953125 0.73046875 0.9010416671874999 0.853515625 0.8229166671874999 0.93359375 0.7213541671875 0.935546875 0.7005208328125 0.923828125 0.6796875 0.953125 0.6067708328125 0.97265625 0.4947916671875 0.962890625 0.375 0.970703125 0.3229166671875 0.962890625 0.3020833328125 0.923828125 0.2786458328125 0.833984375 0.1614583328125 0.775390625 0.1197916671875 0.646484375 0.0625 0.529296875 0.0494791671875 0.349609375 0.109375 0.322265625 0.1458333328125 0.283203125 0.1770833328125
19 0.3234375 0.39765625 0.0640625 0.19140625
19 0.28125 0.675 0.1515625 0.0828125
19 0.69375 0.621875 0.0234375 0.14609375
19 0.5125 0.49765625 0.12890625 0.078125
19 0.6734375 0.48125 0.028125 0.05
19 0.62578125 0.27578125 0.0703125 0.109375
19 0.5234375 0.26328125 0.11171875 0.03046875
19 0.7328125 0.334375 0.03984375 0.078125
19 0.78359375 0.40625 0.06015625 0.0265625
19 0.39453125 0.26640625 0.01484375 0.08046875
9 0.78515625 0.503125 0.07265625 0.1375
9 0.4734375 0.14765625 0.05703125 0.10546875
9 0.12734375 0.41953125 0.07421875 0.08203125
9 0.42421875 0.60546875 0.05078125 0.0796875
9 0.68359375 0.2890625 0.0484375 0.0390625
8 0.49296875 0.425 0.07734375 0.0859375
8 0.4 0.47109375 0.0703125 0.09609375
8 0.5 0.7703125 0.075 0.08125
8 0.27578125 0.6078125 0.1 0.090625
8 0.171875 0.49375 0.0734375 0.0671875
8 0.2515625 0.3953125 0.04375 0.07421875
8 0.271875 0.28984375 0.04765625 0.115625
8 0.49609375 0.42421875 0.0734375 0.0640625
8 0.5265625 0.31484375 0.08203125 0.06171875
8 0.54453125 0.20234375 0.0921875 0.05546875
8 0.71875 0.50625 0.05390625 0.16484375
8 0.6015625 0.72578125 0.1578125 0.1125
8 0.625 0.54296875 0.08515625 0.109375
8 0.85859375 0.39609375 0.09375 0.08046875