15 0.19132133125 0.026271803125 0.1261039390625 0.07278343125 0.026103939062499998 0.203597384375 0.010886548437500001 0.212754359375 0.010886548437500001 0.6132873046875 0.026103939062499998 0.651271803125 0.0130604609375 0.6745276171875 0.015234375 0.6977834296875 0.10436480937499999 0.8111555218750001 0.24132133125 0.8983648265624999 0.3711854609375 0.95625 0.3934409390625 0.95625 0.6195822 0.953597384375 0.69132133125 0.9390625 0.9261039406249999 0.796620640625 0.9543648093750001 0.7239462203125 0.982625678125 0.5553415703125 0.996875 0.5243782921875 0.996875 0.5129292359375001 0.978277853125 0.485574128125 0.973930028125 0.3983648265625 0.9261039406249999 0.23848110625 0.865234375 0.15999273281249998 0.7391474203125 0.0902252921875 0.6956691578124999 0.0553415703125 0.665234375 0.014643896875000001 0.6217561140625001 0.0001090125 0.2500169828125 0.0001090125 0.19132133125 0.026271803125
19 0.31640625 0.33671875 0.0705078125 0.2138671875
19 0.26953125 0.64609375 0.16875 0.0921875
19 0.72890625 0.58671875 0.0263671875 0.1638671875
19 0.5265625 0.44765625 0.14375 0.0861328125
19 0.70625 0.4296875 0.03125 0.05625
19 0.653125 0.2 0.0783203125 0.121875
19 0.5390625 0.1859375 0.1248046875 0.0341796875
19 0.77265625 0.265625 0.0451171875 0.0873046875
19 0.82890625 0.3453125 0.0671875 0.028515625
19 0.39609375 0.18984375 0.0169921875 0.0892578125
9 0.83046875 0.4546875 0.080078125 0.153515625
9 0.48125 0.05703125 0.062890625 0.113671875
9 0.09765625 0.3609375 0.0828125 0.0908203125
9 0.428125 0.56796875 0.056640625 0.0890625
9 0.7171875 0.21484375 0.0533203125 0.04375
8 0.50546875 0.3671875 0.0859375 0.096484375
8 0.4015625 0.41796875 0.078125 0.1076171875
8 0.51328125 0.75234375 0.083203125 0.090625
8 0.26328125 0.57109375 0.1109375 0.1015625
8 0.1484375 0.44375 0.08125 0.075
8 0.23671875 0.33359375 0.0484375 0.0828125
8 0.25859375 0.21640625 0.053125 0.1294921875
8 0.50859375 0.365625 0.082421875 0.071875
8 0.5421875 0.24375 0.0908203125 0.06875
8 0.5625 0.11875 0.102734375 0.0625
8 0.75703125 0.4578125 0.0607421875 0.1841796875
8 0.6265625 0.70234375 0.1751953125 0.125
8 0.65234375 0.4984375 0.094921875 0.121875
8 0.91171875 0.33515625 0.1044921875 0.0892578125