15 0.1484375 0.1953125 0.1328125 0.220703125 0.060546875 0.291015625 0.03515625 0.326171875 0.01171875 0.37890625 0.001953125 0.431640625 0.009765625 0.5703125 0.064453125 0.693359375 0.107421875 0.7578125 0.177734375 0.826171875 0.240234375 0.86328125 0.337890625 0.8984375 0.423828125 0.916015625 0.5390625 0.912109375 0.708984375 0.87890625 0.755859375 0.859375 0.787109375 0.8359375 0.830078125 0.765625 0.890625 0.69921875 0.92578125 0.6328125 0.935546875 0.59765625 0.9375 0.505859375 0.9296875 0.396484375 0.91796875 0.341796875 0.86328125 0.228515625 0.80078125 0.16796875 0.75390625 0.138671875 0.634765625 0.09375 0.455078125 0.0859375 0.369140625 0.099609375 0.287109375 0.125 0.1484375 0.1953125
0 0.4453125 0.3078125 0.0828125 0.06875
0 0.61484375 0.8078125 0.134375 0.1265625
0 0.7921875 0.5 0.16796875 0.0625
0 0.1953125 0.47265625 0.0640625 0.08125
0 0.28125 0.7890625 0.0453125 0.084375
0 0.45 0.84921875 0.14609375 0.0609375
0 0.2015625 0.1984375 0.046875 0.053125
0 0.2859375 0.47578125 0.0453125 0.06953125
2 0.775 0.59375 0.2 0.171875
2 0.215625 0.56796875 0.17265625 0.11875
2 0.78828125 0.25859375 0.1515625 0.1296875
7 0.26796875 0.3171875 0.25234375 0.178125
7 0.5265625 0.5 0.24453125 0.265625
7 0.371875 0.65234375 0.16640625 0.271875
7 0.41171875 0.1875 0.27109375 0.10546875
7 0.58515625 0.2703125 0.140625 0.1765625
7 0.76328125 0.36875 0.28359375 0.14453125
19 0.5515625 0.66328125 0.10859375 0.11484375