15 0.147098215625 0.128016675 0.079871321875 0.19314272500000002 0.02104779375 0.3149914640625 0.0084427515625 0.37381499375 0.0000393890625 0.49146205312499996 0.00214023125 0.5902015484375001 0.01264443125 0.628016675 0.0504595578125 0.6994452453125 0.115585609375 0.7708738171875 0.161804096875 0.8465040687500001 0.19541754218750002 0.871714153125 0.2458377109375 0.8927225562500001 0.4286108203125 0.9284368421875 0.5115989640625 0.93125 0.5593487374999999 0.93125 0.644997375 0.9137309609375001 0.750039390625 0.875915834375 0.81726628125 0.8359998671875 0.892896534375 0.76247045625 0.9391150203124999 0.693142725 0.9921875 0.5737296453125 0.9921875 0.3466944609375 0.9706276265625 0.2981847421875 0.9433166999999999 0.260369615625 0.8655856078124999 0.1847393640625 0.8487788859375 0.15742843906249998 0.6996192234375 0.0817981875 0.6113839296875 0.0544872625 0.5189469546875001 0.0397813796875 0.32566964375 0.048184742187500004 0.1975183828125 0.09650406875 0.147098215625 0.128016675
0 0.4640625 0.27890625 0.090234375 0.0734375
0 0.64609375 0.8171875 0.1451171875 0.1373046875
0 0.8375 0.4859375 0.18125 0.066015625
0 0.1953125 0.45625 0.06875 0.0873046875
0 0.28828125 0.796875 0.0486328125 0.0908203125
0 0.46953125 0.8609375 0.1576171875 0.0654296875
0 0.20234375 0.1609375 0.0513671875 0.0564453125
0 0.29296875 0.459375 0.0486328125 0.075
2 0.81953125 0.58671875 0.2142578125 0.184375
2 0.2171875 0.55859375 0.184765625 0.1267578125
2 0.8328125 0.22578125 0.1626953125 0.1392578125
7 0.2734375 0.2890625 0.2716796875 0.1908203125
7 0.5515625 0.48515625 0.2626953125 0.2859375
7 0.3859375 0.64921875 0.178515625 0.2921875
7 0.428125 0.14921875 0.2908203125 0.1140625
7 0.61484375 0.23828125 0.1515625 0.1892578125
7 0.80625 0.34375 0.305859375 0.155859375
19 0.578125 0.6609375 0.118359375 0.122265625