15 1 0.40145644843749995 0.9773755656249999 0.3505514703125 0.9479638015624999 0.3098274890625 0.86425339375 0.22837952499999997 0.846153846875 0.198967759375 0.6855203624999999 0.117519796875 0.5904977375 0.08810803125 0.4909502265625 0.072270928125 0.2828054296875 0.0813207015625 0.1447963796875 0.1333569 0.0904977375 0.1672935515625 0.018099546875 0.2374292984375 0 0.27492121875 0 0.79756650625 0.0565610859375 0.85960124375 0.1063348421875 0.9410492078124999 0.1425339359375 0.96819853125 0.1968325796875 0.990822965625 0.23580108593750002 0.9984375 0.66839099375 0.9984375 0.7398190046875001 0.9727234171875001 0.8122171953124999 0.9297369921874999 0.8936651578125 0.850551471875 0.9434389140624999 0.7758908375 1 0.6486283937499999 1 0.40145644843749995
0 0.49765625 0.3296875 0.0953125 0.0783203125
0 0.69375 0.909375 0.155859375 0.146875
0 0.89921875 0.55234375 0.1951171875 0.071875
0 0.2078125 0.5203125 0.0748046875 0.09375
0 0.3078125 0.8875 0.053125 0.099609375
0 0.50390625 0.95625 0.169921875 0.06953125
0 0.215625 0.203125 0.055859375 0.0623046875
0 0.31328125 0.52421875 0.053125 0.080078125
2 0.8796875 0.6609375 0.23125 0.197265625
2 0.23125 0.63125 0.2001953125 0.1375
2 0.89453125 0.27265625 0.176171875 0.151171875
7 0.2921875 0.340625 0.291015625 0.20625
7 0.59140625 0.55234375 0.2830078125 0.3078125
7 0.41328125 0.72890625 0.1923828125 0.3142578125
7 0.45859375 0.190625 0.3140625 0.1220703125
7 0.66015625 0.2859375 0.163671875 0.20390625
7 0.85078125 0.3984375 0.2984375 0.166015625
19 0.6203125 0.74140625 0.12734375 0.1328125