15 0.1640625 0.2890625 0.05859375 0.3880208328125 0.025390625 0.4427083328125 0.021484375 0.5130208328125 0.037109375 0.5677083328125 0.0703125 0.6067708328125 0.083984375 0.6432291671875 0.083984375 0.65625 0.0546875 0.6848958328125 0.060546875 0.7213541671875 0.076171875 0.7473958328125 0.1015625 0.7578125 0.142578125 0.8072916671874999 0.18359375 0.8385416671874999 0.443359375 0.9192708328125001 0.5703125 0.9140625 0.619140625 0.9244791671874999 0.681640625 0.921875 0.79296875 0.8984375 0.859375 0.859375 0.943359375 0.75 0.978515625 0.6328125 0.978515625 0.5625 0.96484375 0.4921875 0.9296875 0.390625 0.8984375 0.3411458328125 0.830078125 0.2838541671875 0.822265625 0.2604166671875 0.7890625 0.24479166718749998 0.7734375 0.2265625 0.658203125 0.1901041671875 0.62890625 0.171875 0.490234375 0.15625 0.34375 0.1875 0.23828125 0.23697916718749998 0.1640625 0.2890625
3 0.29453125 0.33359375 0.06640625 0.0796875
3 0.4375 0.5828125 0.0484375 0.06484375
3 0.50546875 0.628125 0.04921875 0.06953125
3 0.21796875 0.3828125 0.0578125 0.0515625
3 0.76328125 0.4359375 0.06015625 0.09296875
3 0.81953125 0.39453125 0.03203125 0.0828125
3 0.66875 0.33359375 0.04609375 0.08046875
3 0.51015625 0.26015625 0.0640625 0.059375
3 0.546875 0.56015625 0.040625 0.03984375
3 0.36640625 0.3703125 0.0609375 0.09453125
3 0.55546875 0.371875 0.0484375 0.0796875
3 0.72734375 0.578125 0.0328125 0.0578125
3 0.66015625 0.40234375 0.05859375 0.0546875
3 0.59453125 0.44375 0.05 0.0375
12 0.28359375 0.3765625 0.09375 0.096875
12 0.30546875 0.51171875 0.078125 0.1578125
12 0.13671875 0.690625 0.03515625 0.06640625
12 0.51484375 0.8171875 0.0703125 0.1
12 0.4515625 0.30390625 0.0734375 0.090625
12 0.4609375 0.40625 0.06640625 0.05625
12 0.38125 0.653125 0.02734375 0.06796875
19 0.3109375 0.6328125 0.09765625 0.07734375
19 0.4359375 0.70390625 0.06640625 0.090625
19 0.546875 0.68046875 0.071875 0.06328125
19 0.66015625 0.7125 0.0734375 0.06875
19 0.571875 0.52265625 0.0609375 0.0734375
19 0.684375 0.50078125 0.14765625 0.08828125
19 0.6421875 0.61015625 0.075 0.09375
19 0.746875 0.66328125 0.09140625 0.08984375
19 0.35 0.2125 0.03984375 0.03828125
19 0.36171875 0.28671875 0.06015625 0.071875
19 0.23359375 0.4484375 0.0546875 0.04453125
19 0.2296875 0.55078125 0.05859375 0.05546875
19 0.7984375 0.5140625 0.0546875 0.03515625
19 0.7984375 0.60234375 0.103125 0.04765625
19 0.5234375 0.31953125 0.0640625 0.03671875