15 0.49560706874999993 0.1285860640625 0.34191854374999997 0.16137295000000001 0.23126280625 0.21328551875 0.1533939546875 0.26793032656250004 0.0427382171875 0.3717554640625 0.0079021515625 0.4291325140625 0.003803790625 0.5029030046875 0.0201972328125 0.560280053125 0.0550332984375 0.6012636609374999 0.0693775609375 0.6395150265625 0.0693775609375 0.653176228125 0.03863985625 0.683230875 0.044787396875 0.7214822390625 0.061180839062500006 0.74880464375 0.087820184375 0.7597336078125 0.1308529703125 0.8116461749999999 0.17388575781249999 0.8444330593749999 0.44642674062500004 0.9291325125000001 0.5796234625000001 0.9236680312500001 0.6298123671875 0.934375 0.6361808546875001 0.934375 0.696426740625 0.9318647531250001 0.813230021875 0.9072745890625 0.882902153125 0.8662909843750001 0.97101690625 0.7515368859375 0.9984375 0.6601349015625 0.9984375 0.506140228125 0.9935578890625001 0.4810450828125 0.9566726421875 0.37448770468750003 0.9238857578124999 0.3225751359375 0.8521644453125001 0.2624658453125 0.8439677250000001 0.2378756828125 0.8091316609374999 0.22148223906250003 0.7927382171875 0.20235655624999999 0.6718365765625001 0.164105190625 0.6410988718749999 0.1449795078125 0.49560706874999993 0.1285860640625
3 0.290625 0.31484375 0.069140625 0.083203125
3 0.440625 0.5765625 0.050390625 0.068359375
3 0.51171875 0.6234375 0.0515625 0.072265625
3 0.21015625 0.365625 0.0609375 0.0533203125
3 0.7828125 0.421875 0.0625 0.096875
3 0.84140625 0.37890625 0.033203125 0.086328125
3 0.6828125 0.31484375 0.047265625 0.084375
3 0.51640625 0.2375 0.0671875 0.0625
3 0.55546875 0.55234375 0.0423828125 0.0419921875
3 0.36640625 0.353125 0.0640625 0.0998046875
3 0.56484375 0.3546875 0.0515625 0.0841796875
3 0.7453125 0.57109375 0.034375 0.060546875
3 0.67421875 0.38671875 0.061328125 0.057421875
3 0.60546875 0.43046875 0.053125 0.0392578125
12 0.27890625 0.359375 0.0984375 0.100390625
12 0.3015625 0.50078125 0.0814453125 0.165625
12 0.125 0.6890625 0.0373046875 0.071484375
12 0.521875 0.821875 0.074609375 0.105859375
12 0.45546875 0.2828125 0.0767578125 0.0939453125
12 0.46484375 0.390625 0.0701171875 0.059375
12 0.38125 0.65 0.028125 0.0716796875
19 0.3078125 0.628125 0.1029296875 0.08125
19 0.4390625 0.703125 0.069140625 0.09453125
19 0.55546875 0.678125 0.076171875 0.066015625
19 0.67421875 0.71171875 0.0765625 0.071875
19 0.58203125 0.5125 0.0640625 0.075390625
19 0.69921875 0.48984375 0.1546875 0.0923828125
19 0.65546875 0.6046875 0.0794921875 0.0970703125
19 0.76484375 0.66015625 0.0953125 0.0951171875
19 0.3484375 0.1875 0.0408203125 0.040625
19 0.36171875 0.26484375 0.063671875 0.075
19 0.2265625 0.43515625 0.05859375 0.046875
19 0.22265625 0.5421875 0.061328125 0.058984375
19 0.81953125 0.503125 0.0576171875 0.0373046875
19 0.81875 0.596875 0.106640625 0.05
19 0.53046875 0.3 0.0671875 0.0376953125