15 1 0.4161398765625 0.8986784140624999 0.32093290625000004 0.8149779734375 0.262109378125 0.6960352421875 0.20622702343750002 0.5308370046875 0.17093290781249998 0.3744493390625 0.18857996562499998 0.3414096921875 0.2091682015625 0.21145374375 0.25034467031249996 0.1938325984375 0.27093290625 0.156387665625 0.2885799640625 0.14757709218749998 0.31505055312499997 0.07048458125 0.37975643593749997 0.035242290625 0.4356387875 0 0.537599575 0 0.7753446703125 0.0198237890625 0.841521140625 0.11453744531250001 0.965050553125 0.17386426093750001 1 0.6887584203125 1 0.8766519828125 0.941521140625 0.9229074890625 0.906227025 0.9691629953125 0.8503446703125 0.9977973562500001 0.8385799640625 1 0.8349034937500001 1 0.7464231046875 0.988986784375 0.7356387875 0.988986784375 0.7209329062500001 1 0.691521140625 1 0.4161398765625
3 0.2484375 0.37109375 0.075 0.0892578125
3 0.41015625 0.65234375 0.0546875 0.0734375
3 0.4859375 0.703125 0.0560546875 0.0783203125
3 0.1625 0.4265625 0.065625 0.058984375
3 0.77734375 0.4859375 0.0671875 0.103515625
3 0.840625 0.43984375 0.0373046875 0.09375
3 0.6703125 0.37109375 0.0529296875 0.090625
3 0.49140625 0.28828125 0.071875 0.0671875
3 0.5328125 0.62734375 0.046484375 0.044921875
3 0.3296875 0.41171875 0.06875 0.10625
3 0.54296875 0.4140625 0.0546875 0.0904296875
3 0.73671875 0.646875 0.0361328125 0.0654296875
3 0.66015625 0.4484375 0.0669921875 0.059765625
3 0.58671875 0.4953125 0.0576171875 0.0435546875
12 0.2359375 0.41953125 0.10625 0.109375
12 0.26015625 0.571875 0.0875 0.178125
12 0.07109375 0.7734375 0.0392578125 0.0751953125
12 0.496875 0.91640625 0.078515625 0.1125
12 0.42578125 0.33671875 0.0828125 0.1017578125
12 0.4359375 0.45234375 0.075 0.063671875
12 0.34609375 0.73203125 0.030078125 0.0765625
19 0.2671875 0.70859375 0.109375 0.0875
19 0.4078125 0.7890625 0.075 0.1029296875
19 0.5328125 0.7625 0.08125 0.071875
19 0.6609375 0.7984375 0.083984375 0.078125
19 0.56171875 0.584375 0.06875 0.081640625
19 0.6875 0.56015625 0.1658203125 0.1
19 0.640625 0.68359375 0.0845703125 0.1048828125
19 0.75859375 0.74296875 0.1017578125 0.1015625
19 0.3109375 0.234375 0.0439453125 0.0435546875
19 0.325 0.31796875 0.0685546875 0.08125
19 0.1796875 0.50078125 0.062109375 0.051171875
19 0.17578125 0.61640625 0.0669921875 0.0638671875
19 0.8171875 0.57421875 0.0623046875 0.0392578125
19 0.81640625 0.675 0.115625 0.0533203125
19 0.50625 0.35546875 0.071875 0.0419921875