19 0.45284570625000004 0 0.2563048234375 0.1096491234375 0.2014802625 0.1688596484375 0.137883771875 0.2061403515625 0.0962171046875 0.2521929828125 0.07209429687499999 0.30701754375 0.0742872796875 0.353070175 0.037006578125 0.436403509375 0.06551535 0.482456140625 0.0611293859375 0.5263157890625 0.041392543749999997 0.5745614031249999 0.043585525 0.6052631578125001 0.094024121875 0.7368421046875 0.13349780625000002 0.7741228062500001 0.1576206140625 0.8157894734375001 0.2146381578125 0.857456140625 0.265076753125 0.9122807015625 0.29797149218749996 0.92105263125 0.3549890359375 0.9561403515625001 0.3988486828125 0.960526315625 0.4756030703125 0.9890350874999999 0.5150767546874999 0.9934210531250001 0.5139802640625 1 0.5806225640625 1 0.602796053125 0.9846491234375 0.6356907890625 0.9890350874999999 0.703673246875 0.960526315625 0.7913925453124999 0.9517543859375 0.8637609640624999 0.91008771875 0.947094296875 0.8333333328125001 0.984375 0.7807017546874999 0.996875 0.7525767531249999 0.996875 0.7244152078125 0.9953399109375001 0.7192982453125001 0.996875 0.7047149046875 0.996875 0.30974561562499997 0.9799890343750001 0.2807017546875 0.9668311390625 0.22149122812500002 0.890076753125 0.1228070171875 0.8549890343750001 0.103070175 0.776041665625 0.0197368421875 0.7453399109375 0.0087719296875 0.73510599375 0 0.45284570625000004 0
19 0.60078125 0.69296875 0.1419921875 0.2830078125
19 0.28671875 0.36875 0.259375 0.1435546875
19 0.75546875 0.53515625 0.253125 0.109375
19 0.571875 0.2796875 0.124609375 0.1404296875
2 0.23515625 0.51875 0.0828125 0.078125
0 0.37734375 0.55859375 0.215625 0.2236328125
0 0.68984375 0.378125 0.221875 0.14375
0 0.36015625 0.2796875 0.175 0.115234375
0 0.56328125 0.128125 0.105078125 0.25625
0 0.58671875 0.5390625 0.0642578125 0.0875