19 0.455078125 0.052734375 0.38671875 0.078125 0.34765625 0.08203125 0.296875 0.11328125 0.267578125 0.12109375 0.22265625 0.169921875 0.171875 0.20703125 0.150390625 0.244140625 0.115234375 0.27734375 0.0703125 0.39453125 0.068359375 0.421875 0.0859375 0.46484375 0.08984375 0.50390625 0.064453125 0.544921875 0.09765625 0.619140625 0.095703125 0.66015625 0.1171875 0.708984375 0.154296875 0.75 0.2109375 0.783203125 0.259765625 0.8359375 0.4453125 0.939453125 0.541015625 0.9609375 0.62890625 0.947265625 0.66796875 0.94921875 0.6953125 0.92578125 0.72265625 0.916015625 0.79296875 0.841796875 0.82421875 0.82421875 0.892578125 0.736328125 0.904296875 0.68359375 0.953125 0.599609375 0.958984375 0.576171875 0.951171875 0.376953125 0.921875 0.330078125 0.91796875 0.29296875 0.923828125 0.2734375 0.908203125 0.23828125 0.875 0.19140625 0.80078125 0.123046875 0.736328125 0.0859375 0.658203125 0.078125 0.59765625 0.052734375 0.568359375 0.056640625 0.54296875 0.0390625 0.53125 0.0390625 0.5234375 0.0234375 0.49609375 0.017578125 0.486328125 0.025390625 0.490234375 0.048828125 0.455078125 0.052734375
19 0.565625 0.66015625 0.12578125 0.25234375
19 0.28671875 0.371875 0.23046875 0.12734375
19 0.70390625 0.51953125 0.22578125 0.09765625
19 0.540625 0.2921875 0.11015625 0.12421875
2 0.240625 0.50546875 0.07421875 0.06953125
0 0.3671875 0.540625 0.1921875 0.19921875
0 0.6453125 0.3796875 0.19765625 0.128125
0 0.3515625 0.2921875 0.15625 0.10234375
0 0.534375 0.14453125 0.09296875 0.25703125
0 0.55390625 0.52265625 0.0578125 0.078125