19 0.5502506312500001 0 0.4504777875 0.0223979859375 0.25419679687499996 0.13190211875 0.2025439046875 0.1876872421875 0.1426265484375 0.222811209375 0.1033703484375 0.2661996390625 0.0806430765625 0.31785253125 0.0827091921875 0.3612409609375 0.047585224999999995 0.43975335781249997 0.07444473124999999 0.4831417875 0.07031249843750001 0.5244641015625 0.05171745625 0.5699186468749999 0.053783571875000005 0.5988442671875001 0.1013042328125 0.722811209375 0.138494315625 0.7579351765625 0.1612215890625 0.7971913749999999 0.214940596875 0.8364475718750001 0.262461259375 0.8881004656249999 0.2934529953125 0.8963649281249999 0.34717200312499996 0.9294227796874999 0.3884943171875 0.9335550109374999 0.46080836718749996 0.9604145140625 0.49799844843749996 0.9645467468750001 0.49495415625000005 0.9828125 0.537419290625 0.9828125 0.541386878125 0.9748773249999999 0.553783571875 0.9748773249999999 0.5806430765624999 0.9562822828125 0.6116348140625 0.9604145140625 0.6756844015625 0.9335550109374999 0.7583290296875 0.9252905484375 0.826510846875 0.8860343500000001 0.90502324375 0.8137203 0.9401472109375 0.7641335234375 0.9566761359375 0.726943440625 0.9504777890625 0.7062822828125 0.9546100203125001 0.667026084375 0.98560175625 0.6174393078125 0.9921875 0.44950283593749996 0.9921875 0.39998063125 0.987667871875 0.38190211875 0.9360149796874999 0.2930591421875 0.923618284375 0.23727401874999998 0.8513042359374999 0.1442988125 0.818246384375 0.1257037703125 0.7438662171875 0.047191375 0.7149405984375 0.0368607953125 0.6860149765625 0.0120674078125 0.6446926625 0.0141335234375 0.5538343078125 0 0.5502506312500001 0
19 0.578125 0.665625 0.13203125 0.26796875
19 0.28203125 0.36015625 0.24375 0.134375
19 0.72421875 0.51640625 0.2390625 0.103125
19 0.55078125 0.27578125 0.1169921875 0.13125
2 0.23359375 0.5015625 0.078125 0.07265625
0 0.36796875 0.53828125 0.203125 0.2109375
0 0.66171875 0.36875 0.209375 0.1345703125
0 0.3515625 0.27578125 0.1654296875 0.1080078125
0 0.54375 0.12734375 0.0998046875 0.2544921875
0 0.56484375 0.5203125 0.0609375 0.0814453125