15 0.2235896015625 0.13296274218749998 0.172704646875 0.1300041609375 0.13288163749999998 0.162548540625 0.077571903125 0.23651303750000002 0.051023228125 0.33118759375 0.057660396875 0.487992328125 0.093058628125 0.5205367062499999 0.15058074999999999 0.5442053453125 0.14394358437500002 0.567873984375 0.0842090703125 0.567873984375 0.057660396875 0.5856254640625 0.0554480078125 0.6152112625 0.08199668125000001 0.6832586 0.121819690625 0.7365130375 0.2169524359375 0.8134361140624999 0.2899612828125 0.8489390734375 0.37403207968749996 0.8666905515625001 0.4404037609375 0.8578148125 0.4971795421875 0.871875 0.5895595109375 0.871875 0.7258019906250001 0.8400633328125 0.8010232296875 0.7927260546875 0.8850940250000001 0.69509291875 0.9050055312499999 0.6536728 0.9171875 0.600146271875 0.9171875 0.5204396578125 0.9116426984375 0.41106925 0.8895188046875001 0.3134361140625 0.8430586296874999 0.24834735624999998 0.7855365046875 0.2187615578125 0.7479258859375 0.17142427968750001 0.6638550890625 0.10633552187499999 0.5753595140625001 0.07379114375 0.45589048749999994 0.06195682500000001 0.37624446875 0.0649154046875 0.2235896015625 0.13296274218749998
6 0.6921875 0.39921875 0.097265625 0.128125
6 0.58125 0.73125 0.1591796875 0.0814453125
6 0.2125 0.615625 0.034765625 0.06796875
6 0.14609375 0.50703125 0.0609375 0.14375
6 0.63359375 0.5203125 0.059375 0.052734375
6 0.46015625 0.25703125 0.0419921875 0.0763671875
6 0.52890625 0.25078125 0.0703125 0.0642578125
7 0.75234375 0.61953125 0.0921875 0.0984375
7 0.71484375 0.1953125 0.1923828125 0.184765625
7 0.303125 0.2265625 0.065625 0.0658203125
7 0.4828125 0.31796875 0.0623046875 0.075
7 0.56015625 0.62578125 0.0486328125 0.040625