15 0.20084552968749997 0.190879565625 0.1101282296875 0.263913271875 0.072153546875 0.3144750703125 0.046837090625 0.3790818125 0.0489467953125 0.40717169999999997 0.0742632515625 0.42402563125 0.1312252765625 0.42402563125 0.137554390625 0.44649754062499997 0.0827020703125 0.4689694515625 0.0489467953125 0.499868328125 0.04261768125 0.6487447328125 0.0679341375 0.738632371875 0.120676753125 0.8088570921875 0.1586514375 0.8397559703124999 0.20717464375 0.83694698125 0.3527442640625 0.9015537218749999 0.42869363125 0.9043627093750001 0.54261768125 0.8931267546875 0.6270058671875 0.8622278796874999 0.7071746437499999 0.8004301265624999 0.7430396218750001 0.7554863046875 0.79789194375 0.7273964171875 0.842195740625 0.6655986640625 0.8632927875 0.5729020375 0.8703125 0.43504159062500003 0.8703125 0.4009633953125 0.8569636734375001 0.34256495781249996 0.8379763312499999 0.303239115625 0.7578075546874999 0.21054248437499998 0.6860775968749999 0.16559866406249998 0.5531662046875 0.13469979062499998 0.47088772343749996 0.13469979062499998 0.4139256984375 0.1487447328125 0.350634559375 0.1403177671875 0.2704657828125 0.1571717 0.20084552968749997 0.190879565625
6 0.65390625 0.4546875 0.09375 0.121484375
6 0.5484375 0.7703125 0.152734375 0.0779296875
6 0.19609375 0.6609375 0.033203125 0.06484375
6 0.13359375 0.5578125 0.0580078125 0.1373046875
6 0.5984375 0.56953125 0.0564453125 0.0486328125
6 0.4328125 0.31953125 0.040234375 0.071875
6 0.49765625 0.3140625 0.0669921875 0.0623046875
7 0.7109375 0.6640625 0.0875 0.09375
7 0.675 0.26171875 0.184375 0.1765625
7 0.2828125 0.290625 0.0626953125 0.0626953125
7 0.45390625 0.378125 0.0580078125 0.0716796875
7 0.528125 0.66953125 0.046875 0.0390625