15 0.23046875 0.2630208328125 0.197265625 0.3046875 0.146484375 0.3307291671875 0.10546875 0.3880208328125 0.0859375 0.4739583328125 0.078125 0.6276041671875 0.091796875 0.6875 0.109375 0.7239583328125 0.18359375 0.8098958328125001 0.25 0.8515625 0.373046875 0.8802083328125001 0.44921875 0.8802083328125001 0.501953125 0.8671875 0.560546875 0.875 0.634765625 0.859375 0.69921875 0.828125 0.783203125 0.7604166671875 0.818359375 0.7135416671875 0.841796875 0.6536458328125 0.83984375 0.6276041671875 0.81640625 0.6119791671875 0.763671875 0.6119791671875 0.7578125 0.5911458328125 0.80859375 0.5703125 0.83984375 0.5416666671875 0.845703125 0.4036458328125 0.822265625 0.3203125 0.7734375 0.2552083328125 0.73828125 0.2265625 0.693359375 0.22916666718749998 0.55859375 0.1692708328125 0.48828125 0.1666666671875 0.3828125 0.1770833328125 0.3046875 0.20572916718749998 0.23046875 0.2630208328125
6 0.64375 0.46328125 0.08671875 0.1125
6 0.546875 0.75546875 0.140625 0.071875
6 0.22109375 0.65390625 0.03125 0.059375
6 0.1625 0.55859375 0.05390625 0.1265625
6 0.59296875 0.56953125 0.05234375 0.0453125
6 0.43984375 0.33828125 0.03671875 0.06640625
6 0.5 0.3328125 0.06171875 0.05703125
7 0.69765625 0.65703125 0.08125 0.08671875
7 0.6640625 0.284375 0.1703125 0.1640625
7 0.30078125 0.3109375 0.05859375 0.05859375
7 0.459375 0.3921875 0.0546875 0.06640625
7 0.52734375 0.6625 0.04375 0.0359375