15 0.23023255781250002 0 0.18 0.0384615390625 0.1028571421875 0.128205128125 0.051428571874999995 0.14529914531250002 0.0371428578125 0.175213675 0.011428571875 0.1880341875 0 0.20322887031249998 0 0.4864672375 0.0028571421875 0.4871794875 0.0028571421875 0.525641025 0 0.5331196578124999 0 1 1 1 1 0.48333333281249996 0.9657142859375 0.44230769218750005 0.9771428578125001 0.4230769234375 0.968571428125 0.3888888890625 0.9771428578125001 0.3803418796875 1 0.3803418796875 1 0 0.23023255781250002 0
19 0.55390625 0.90078125 0.234375 0.1984375
19 0.18359375 0.65078125 0.210546875 0.167578125
19 0.22890625 0.43515625 0.148828125 0.163671875
19 0.7125 0.49609375 0.1751953125 0.19375
19 0.41015625 0.35078125 0.1375 0.1140625
19 0.7171875 0.0578125 0.125390625 0.115625
19 0.9171875 0.09296875 0.165625 0.1138671875
19 0.81171875 0.3046875 0.0826171875 0.1095703125
19 0.16640625 0.24921875 0.141796875 0.088671875
0 0.39609375 0.2140625 0.165625 0.1498046875
0 0.74609375 0.715625 0.308203125 0.252734375
0 0.39609375 0.6171875 0.176953125 0.09765625
0 0.30234375 0.94296875 0.1546875 0.1140625
0 0.06953125 0.90234375 0.1390625 0.1953125
0 0.10078125 0.515625 0.1265625 0.116015625
0 0.90859375 0.2875 0.0671875 0.0783203125
0 0.5515625 0.28359375 0.090234375 0.0484375
0 0.74765625 0.315625 0.0578125 0.0689453125
0 0.546875 0.04375 0.1564453125 0.0875