15 0 0 0 0.5378260874999999 0.046783625 0.5934782609375 0.03508771875 0.613043478125 0.043859648437499996 0.6478260875 0.03508771875 0.6565217390625 0 0.6565217390625 0 1 0.854636590625 1 0.9298245609375 0.9130434781250001 0.982456140625 0.8956521734375 0.9970760234375 0.865217390625 1 0.863768115625 1 0 0 0
19 0.53203125 0.8859375 0.239453125 0.228125
19 0.153125 0.61875 0.215234375 0.171484375
19 0.19921875 0.39921875 0.153125 0.1669921875
19 0.69375 0.4609375 0.180859375 0.1970703125
19 0.384375 0.31328125 0.140625 0.1169921875
19 0.6984375 0.03671875 0.128125 0.0734375
19 0.909375 0.0546875 0.18125 0.1091796875
19 0.79609375 0.2671875 0.0830078125 0.1125
19 0.13515625 0.21015625 0.1451171875 0.0892578125
0 0.3703125 0.17421875 0.1689453125 0.1517578125
0 0.72890625 0.68515625 0.315625 0.2576171875
0 0.3703125 0.584375 0.18125 0.1
0 0.27421875 0.92890625 0.1578125 0.1421875
0 0.05390625 0.87734375 0.1078125 0.2017578125
0 0.06796875 0.48125 0.1296875 0.1185546875
0 0.89453125 0.24921875 0.06875 0.0798828125
0 0.52890625 0.2453125 0.090625 0.049609375
0 0.73046875 0.278125 0.059375 0.069140625
0 0.525 0.02265625 0.162109375 0.0453125