15 0.287958115625 0 0.17801047187500002 0.083984375 0.1073298421875 0.166015625 0.0602094234375 0.181640625 0.04712041875 0.208984375 0.023560209375 0.220703125 0 0.251953125 0 0.490234375 0.01570680625 0.494140625 0.01570680625 0.529296875 0 0.5703125 0 1 1 1 1 0.52734375 0.9633507859374999 0.53125 0.897905759375 0.453125 0.9083769640625 0.435546875 0.9005235609375 0.404296875 0.9083769640625 0.396484375 1 0.396484375 1 0 0.287958115625 0
19 0.52109375 0.890625 0.21484375 0.21875
19 0.18125 0.64375 0.19296875 0.15390625
19 0.2234375 0.446875 0.13671875 0.14921875
19 0.665625 0.50234375 0.1609375 0.17734375
19 0.3890625 0.36953125 0.1265625 0.1046875
19 0.67109375 0.0890625 0.11328125 0.13046875
19 0.87890625 0.13515625 0.19765625 0.10390625
19 0.75703125 0.32734375 0.075 0.10078125
19 0.165625 0.2765625 0.1296875 0.08046875
0 0.37578125 0.24453125 0.1515625 0.13671875
0 0.696875 0.703125 0.2828125 0.23046875
0 0.37578125 0.61328125 0.1625 0.08984375
0 0.2921875 0.9296875 0.140625 0.13984375
0 0.0703125 0.875 0.140625 0.18125
0 0.10546875 0.5203125 0.11640625 0.10625
0 0.8453125 0.31171875 0.0609375 0.071875
0 0.91171875 0.0328125 0.1765625 0.065625
0 0.51796875 0.3078125 0.08125 0.04453125
0 0.6984375 0.3375 0.053125 0.06328125
0 0.515625 0.08125 0.1453125 0.096875