15 0.40625 0 0.322265625 0.111328125 0.306640625 0.150390625 0.3125 0.166015625 0.2890625 0.173828125 0.09375 0.3671875 0 0.5078125 0 1 1 1 1 0 0.40625 0
13 0.27421875 0.4390625 0.24765625 0.16953125
13 0.21640625 0.90234375 0.3171875 0.1953125
13 0.49140625 0.1875 0.21328125 0.1359375
13 0.55078125 0.3765625 0.228125 0.14609375
13 0.72265625 0.05234375 0.2296875 0.1046875
13 0.9765625 0.36796875 0.046875 0.1015625
13 0.81328125 0.73046875 0.328125 0.2640625
1 0.384375 0.5734375 0.22578125 0.19921875
1 0.59765625 0.84609375 0.1390625 0.1375
1 0.765625 0.603125 0.17109375 0.1375
1 0.771875 0.2578125 0.184375 0.125
1 0.94453125 0.2453125 0.109375 0.12578125
1 0.83359375 0.12265625 0.11640625 0.09765625
0 0.50703125 0.92265625 0.1625 0.14765625
0 0.13984375 0.66640625 0.13125 0.0953125
0 0.53515625 0.29921875 0.19296875 0.059375
0 0.80390625 0.46875 0.04453125 0.059375
0 0.58359375 0.5921875 0.05078125 0.03828125
0 0.73359375 0.21640625 0.15078125 0.11015625
0 0.84375 0.34296875 0.04609375 0.06484375
0 0.90703125 0.39375 0.0984375 0.0953125
0 0.90625 0.24375 0.07890625 0.1390625
0 0.10390625 0.44765625 0.05 0.034375