15 0.4040267984375 0 0.3208661421875 0.1102362203125 0.30511811093749996 0.1496062984375 0.311023621875 0.16535433125000001 0.28740157499999996 0.173228346875 0.09055118125 0.36811023593750003 0 0.5039370078125 0 1 1 1 1 0 0.4040267984375 0
13 0.27265625 0.440625 0.25 0.1716796875
13 0.21484375 0.9046875 0.31875 0.190625
13 0.490625 0.1875 0.2154296875 0.1373046875
13 0.55078125 0.37734375 0.2296875 0.1482421875
13 0.72421875 0.0515625 0.2326171875 0.1029296875
13 0.978125 0.36796875 0.0435546875 0.1017578125
13 0.815625 0.73359375 0.33125 0.265625
1 0.38359375 0.57578125 0.228125 0.2013671875
1 0.5984375 0.85078125 0.140625 0.1390625
1 0.7671875 0.60625 0.1720703125 0.137890625
1 0.77421875 0.25859375 0.1859375 0.1263671875
1 0.9453125 0.24296875 0.109375 0.1265625
1 0.8359375 0.121875 0.116015625 0.099609375
0 0.50625 0.92578125 0.1625 0.1484375
0 0.13671875 0.6703125 0.132421875 0.096484375
0 0.53515625 0.3 0.1951171875 0.0595703125
0 0.80625 0.4703125 0.044140625 0.059765625
0 0.584375 0.5953125 0.0501953125 0.0376953125
0 0.73515625 0.215625 0.1515625 0.112109375
0 0.84609375 0.34375 0.0455078125 0.0654296875
0 0.91015625 0.39453125 0.0986328125 0.0955078125
0 0.909375 0.24375 0.080859375 0.1404296875
0 0.10078125 0.44921875 0.05 0.034375