15 0 0 0 0.508032128125 0.0763052203125 0.622489959375 0.277108434375 0.8212851406249999 0.30120481875 0.82931726875 0.2951807234375 0.8453815265625 0.3112449796875 0.88554216875 0.3975903609375 1 1 1 1 0 0 0
13 0.26171875 0.4515625 0.2546875 0.1748046875
13 0.203125 0.91328125 0.325 0.1732421875
13 0.48515625 0.19296875 0.21875 0.1392578125
13 0.54609375 0.38671875 0.234375 0.1513671875
13 0.7234375 0.05390625 0.237109375 0.1078125
13 0.9796875 0.37734375 0.0404296875 0.1046875
13 0.81640625 0.75078125 0.3375 0.2705078125
1 0.37578125 0.5890625 0.2328125 0.203515625
1 0.59375 0.8703125 0.143359375 0.141015625
1 0.76640625 0.6203125 0.176171875 0.141015625
1 0.7734375 0.265625 0.1904296875 0.128125
1 0.946875 0.25078125 0.10625 0.128125
1 0.83671875 0.1265625 0.1201171875 0.1001953125
0 0.50078125 0.9359375 0.166796875 0.128125
0 0.1234375 0.68515625 0.1345703125 0.0984375
0 0.53046875 0.3078125 0.1984375 0.0623046875
0 0.80625 0.48203125 0.044140625 0.0611328125
0 0.5796875 0.60859375 0.0529296875 0.0390625
0 0.73359375 0.221875 0.1546875 0.1126953125
0 0.84765625 0.35234375 0.046875 0.0669921875
0 0.9125 0.4046875 0.1001953125 0.0970703125
0 0.91171875 0.25 0.08125 0.1435546875
0 0.08671875 0.46015625 0.0513671875 0.0357421875