15 0 0 0 0.8408315375000001 0.10085836875000001 0.9568965515625001 0.1706008578125 1 0.7829041484375 1 0.8025751078125 0.9856321843750001 0.9527897 0.839080459375 1 0.7547892734375 1 0.0363366703125 0.9841282703124999 0 0 0
13 0.4453125 0.02578125 0.0716796875 0.0515625
13 0.32734375 0.11953125 0.0953125 0.1080078125
13 0.18984375 0.23125 0.103125 0.10625
13 0.3921875 0.28828125 0.1 0.1107421875
13 0.5921875 0.02890625 0.1123046875 0.0578125
13 0.5203125 0.1921875 0.115625 0.115234375
13 0.6390625 0.16796875 0.0935546875 0.0857421875
13 0.7296875 0.0515625 0.0595703125 0.103125
13 0.52265625 0.32734375 0.0859375 0.0798828125
13 0.65859375 0.2640625 0.05 0.0875
13 0.81015625 0.24375 0.0919921875 0.1033203125
13 0.90078125 0.19453125 0.10625 0.1201171875
13 0.83203125 0.37421875 0.0703125 0.0638671875
13 0.9625 0.3234375 0.075 0.0595703125
13 0.6734375 0.3921875 0.102734375 0.103515625
13 0.8046875 0.58125 0.097265625 0.1466796875
13 0.978125 0.53359375 0.04375 0.1328125
13 0.95078125 0.7296875 0.0984375 0.091015625
13 0.6484375 0.70234375 0.0939453125 0.1580078125
13 0.82265625 0.925 0.1173828125 0.1498046875
13 0.5015625 0.73203125 0.1185546875 0.1517578125
13 0.55234375 0.9484375 0.13125 0.103125
13 0.40546875 0.9484375 0.1375 0.103125
13 0.25703125 0.90546875 0.1296875 0.1734375
13 0.3578125 0.6265625 0.1216796875 0.1470703125
13 0.1125 0.7546875 0.1158203125 0.172265625
13 0.453125 0.47578125 0.15 0.1517578125
13 0.30078125 0.484375 0.117578125 0.125390625
13 0.11875 0.459375 0.1064453125 0.140625