15 0.322265625 0 0.236328125 0.062827225 0.099609375 0.196335078125 0.052734375 0.2801047125 0.005859375 0.40314136093749997 0 0.759162303125 0.025390625 0.8560209421874999 0.0859375 0.9947643984375001 1 1 1 0.23298429375000002 0.875 0.08900523593750001 0.748046875 0.010471204687500001 0.712890625 0 0.322265625 0
13 0.46328125 0.05078125 0.06640625 0.09609375
13 0.3546875 0.15859375 0.08671875 0.09921875
13 0.2296875 0.26015625 0.09453125 0.096875
13 0.41328125 0.3125 0.090625 0.10078125
13 0.596875 0.06015625 0.103125 0.0890625
13 0.5296875 0.22421875 0.10546875 0.10390625
13 0.63828125 0.203125 0.08515625 0.07734375
13 0.72109375 0.09375 0.0546875 0.10390625
13 0.5328125 0.34765625 0.078125 0.07265625
13 0.65625 0.28984375 0.0453125 0.0796875
13 0.79375 0.271875 0.0828125 0.09453125
13 0.8765625 0.22734375 0.096875 0.109375
13 0.81328125 0.390625 0.0640625 0.05703125
13 0.934375 0.34609375 0.06796875 0.05390625
13 0.66953125 0.40703125 0.09375 0.09453125
13 0.7890625 0.5796875 0.08984375 0.13359375
13 0.9640625 0.5375 0.071875 0.12109375
13 0.92734375 0.71640625 0.1 0.084375
13 0.646875 0.68984375 0.0859375 0.14453125
13 0.80703125 0.8984375 0.10859375 0.1453125
13 0.5125 0.71640625 0.10703125 0.13828125
13 0.56015625 0.9328125 0.1171875 0.134375
13 0.425 0.9328125 0.125 0.134375
13 0.290625 0.875 0.11796875 0.15859375
13 0.3828125 0.6203125 0.11015625 0.134375
13 0.159375 0.7375 0.10625 0.1578125
13 0.46953125 0.4828125 0.13671875 0.1390625
13 0.33046875 0.490625 0.1078125 0.11484375
13 0.1640625 0.46796875 0.096875 0.128125