15 0 0 0 0.6471036578125 0.0136363640625 0.6829268296875 0.06818181875 0.7804878046875 0.2272727265625 0.935975609375 0.3147727265625 1 0.8125 1 0.8227272734375 0.9969512187499999 0.9704545453125 0.9054878046875 1 0.8714272109375001 1 0 0 0
13 0.4890625 0.0515625 0.075 0.103125
13 0.36484375 0.17578125 0.1013671875 0.1142578125
13 0.21953125 0.29375 0.109375 0.1125
13 0.43359375 0.3546875 0.1048828125 0.116015625
13 0.646875 0.0609375 0.119140625 0.103515625
13 0.56875 0.25234375 0.1220703125 0.1205078125
13 0.6953125 0.22734375 0.097265625 0.090625
13 0.79140625 0.1 0.0640625 0.1216796875
13 0.571875 0.39609375 0.090625 0.085546875
13 0.715625 0.32890625 0.053125 0.0923828125
13 0.87578125 0.30703125 0.0955078125 0.1107421875
13 0.95625 0.253125 0.0875 0.128125
13 0.89921875 0.44609375 0.0736328125 0.0669921875
13 0.73125 0.46484375 0.1091796875 0.1107421875
13 0.8703125 0.665625 0.103515625 0.1560546875
13 0.9859375 0.82265625 0.028125 0.0984375
13 0.70546875 0.79375 0.1 0.1685546875
13 0.88984375 0.97578125 0.125 0.0484375
13 0.54921875 0.825 0.1236328125 0.1623046875
13 0.28984375 0.95703125 0.1388671875 0.0857421875
13 0.39765625 0.71328125 0.128125 0.1576171875
13 0.1375 0.85 0.124609375 0.1841796875
13 0.4984375 0.553125 0.1591796875 0.1623046875
13 0.33671875 0.5625 0.125 0.1341796875
13 0.14375 0.5359375 0.1126953125 0.1498046875