15 0.3723958328125 0 0.3020833328125 0.025390625 0.2604166671875 0.052734375 0.203125 0.173828125 0.1953125 0.2578125 0.1276041671875 0.283203125 0.0390625 0.3359375 0 0.349609375 0 0.490234375 0.0078125 0.513671875 0 0.53515625 0 1 1 1 1 0.53125 0.9791666671874999 0.529296875 0.9609375 0.46875 0.9375 0.455078125 0.9375 0.443359375 0.9140625 0.435546875 0.8984375 0.416015625 0.8697916671874999 0.4140625 0.875 0.40234375 0.9401041671874999 0.361328125 1 0.3359375 1 0 0.515625 0 0.4895833328125 0.009765625 0.4583333328125 0 0.3723958328125 0
19 0.17421875 0.33828125 0.228125 0.1390625
19 0.14140625 0.5640625 0.2328125 0.165625
19 0.69609375 0.32109375 0.22578125 0.1109375
19 0.70859375 0.1484375 0.11875 0.08203125
19 0.846875 0.04453125 0.184375 0.0890625
19 0.934375 0.20390625 0.13125 0.0890625
19 0.47109375 0.07109375 0.1671875 0.109375
19 0.553125 0.37265625 0.10234375 0.1375
1 0.4140625 0.16484375 0.11015625 0.0484375
1 0.33828125 0.2453125 0.07734375 0.0546875
1 0.421875 0.35703125 0.08125 0.19375
1 0.5984375 0.19140625 0.06953125 0.06171875
1 0.71484375 0.22265625 0.15390625 0.0703125
1 0.85390625 0.2609375 0.10546875 0.05625
1 0.8640625 0.128125 0.09609375 0.0640625
1 0.82421875 0.01796875 0.0890625 0.0359375
1 0.5171875 0.0515625 0.16640625 0.03984375
1 0.30859375 0.41328125 0.0828125 0.04140625
1 0.7015625 0.88203125 0.22421875 0.0953125
1 0.5390625 0.75234375 0.096875 0.11171875
1 0.96953125 0.9125 0.0609375 0.14921875
1 0.32890625 0.9625 0.1296875 0.07109375
1 0.465625 0.90234375 0.09375 0.03359375
1 0.67578125 0.61171875 0.08359375 0.07421875
1 0.57734375 0.58984375 0.12109375 0.04765625
9 0.11796875 0.76953125 0.0765625 0.09375
2 0.29765625 0.7296875 0.1375 0.21953125
2 0.89375 0.47578125 0.115625 0.08359375
2 0.49375 0.9734375 0.18984375 0.053125