15 0 0 0 0.2791115296875 0.0494186046875 0.3 0.12209302343749999 0.3456521734375 0.1279069765625 0.3586956515625 0.0959302328125 0.360869565625 0.07848837187499999 0.38260869531249997 0.052325581249999996 0.3913043484375 0.052325581249999996 0.40434782656249996 0.026162790624999998 0.41956521718750006 0.005813953125 0.486956521875 0 0.4875 0 1 1 1 1 0.2389386203125 0.9563953484375001 0.213043478125 0.8808139531249999 0.184782609375 0.8720930234375001 0.0913043484375 0.8287696921875 0 0 0
19 0.11015625 0.27265625 0.2203125 0.1546875
19 0.09296875 0.525 0.1859375 0.1845703125
19 0.678125 0.25546875 0.25078125 0.1234375
19 0.6921875 0.06328125 0.133984375 0.0919921875
19 0.9359375 0.12578125 0.128125 0.1
19 0.42421875 0.01875 0.1859375 0.0373046875
19 0.51796875 0.3125 0.1140625 0.153125
1 0.36328125 0.08125 0.1234375 0.053515625
1 0.27890625 0.17109375 0.086328125 0.060546875
1 0.371875 0.2953125 0.090625 0.215625
1 0.56875 0.1109375 0.0779296875 0.06875
1 0.69921875 0.1453125 0.171875 0.078125
1 0.85390625 0.18828125 0.117578125 0.0625
1 0.865625 0.040625 0.1064453125 0.071875
1 0.2453125 0.3578125 0.0935546875 0.046484375
1 0.684375 0.8796875 0.25 0.1060546875
1 0.503125 0.73515625 0.108984375 0.125
1 0.9734375 0.9125 0.053125 0.165625
1 0.2671875 0.9640625 0.146484375 0.071875
1 0.4203125 0.90234375 0.103515625 0.0361328125
1 0.65546875 0.578125 0.0923828125 0.081640625
1 0.54609375 0.55390625 0.1357421875 0.0517578125
9 0.0375 0.75234375 0.075 0.1046875
2 0.23359375 0.71015625 0.153125 0.2451171875
2 0.89921875 0.42734375 0.1296875 0.092578125
2 0.45234375 0.97578125 0.2125 0.048046875