15 0 0 0 0.5278949828124999 0.0028089890625 0.529535865625 0.0028089890625 0.5421940921874999 0.0280898875 0.5506329109375 0.0449438203125 0.5717299578125 0.075842696875 0.5738396625 0.07022471875 0.586497890625 0 0.6308016875 0 1 0.6707000875 1 0.688202246875 0.9936708859375001 0.7331460671875 0.964135021875 0.7949438203125 0.8333333328125001 0.8033707859374999 0.742616034375 0.87640449375 0.7151898734375 0.9719101125 0.6582278484375 1 0.648382559375 1 0 0 0
19 0.17421875 0.34375 0.245703125 0.150390625
19 0.13828125 0.58828125 0.251171875 0.179296875
19 0.73671875 0.32578125 0.2423828125 0.1201171875
19 0.75 0.13984375 0.128125 0.0890625
19 0.896875 0.03671875 0.2 0.0734375
19 0.96171875 0.20078125 0.0763671875 0.096875
19 0.49140625 0.05703125 0.1796875 0.1140625
19 0.58203125 0.38125 0.1107421875 0.149609375
1 0.4328125 0.15703125 0.11875 0.0515625
1 0.35078125 0.24375 0.0830078125 0.0591796875
1 0.440625 0.36484375 0.0875 0.2080078125
1 0.63125 0.18515625 0.075 0.0671875
1 0.75703125 0.21953125 0.1669921875 0.0763671875
1 0.90625 0.2609375 0.112890625 0.059765625
1 0.91796875 0.1171875 0.104296875 0.069140625
1 0.8734375 0.00859375 0.09609375 0.0171875
1 0.54375 0.034375 0.18046875 0.043359375
1 0.31875 0.42578125 0.0904296875 0.0451171875
1 0.74296875 0.93203125 0.2421875 0.101953125
1 0.56796875 0.79140625 0.1046875 0.1205078125
1 0.33984375 0.9890625 0.140625 0.0216796875
1 0.4875 0.953125 0.10078125 0.03671875
1 0.71484375 0.6390625 0.0892578125 0.078515625
1 0.609375 0.615625 0.130859375 0.050390625
9 0.11328125 0.81015625 0.0828125 0.1015625
2 0.30703125 0.7671875 0.1484375 0.2375
2 0.94375 0.49296875 0.1125 0.090625