15 1 0.23828125 0.94140625 0.19921875 0.677734375 0.154296875 0.513671875 0.15234375 0.404296875 0.166015625 0.38671875 0.16015625 0.33984375 0.1640625 0.283203125 0.1484375 0.130859375 0.138671875 0.06640625 0.1484375 0 0.173828125 0 0.53515625 0.005859375 0.548828125 0 0.552734375 0 0.79296875 0.07421875 0.888671875 0.1953125 0.927734375 0.453125 0.966796875 0.470703125 0.96484375 0.48046875 0.951171875 0.572265625 0.953125 0.634765625 0.962890625 0.65625 0.9453125 0.755859375 0.9296875 0.86328125 0.900390625 1 0.82421875 1 0.23828125
19 0.290625 0.196875 0.0421875 0.0515625
19 0.1109375 0.30703125 0.05546875 0.028125
19 0.21484375 0.29609375 0.03046875 0.04453125
19 0.253125 0.2953125 0.0359375 0.0421875
19 0.27421875 0.371875 0.06328125 0.103125
19 0.103125 0.37421875 0.046875 0.03828125
19 0.153125 0.49375 0.08125 0.0484375
19 0.03359375 0.5796875 0.06640625 0.05
19 0.2359375 0.59296875 0.04765625 0.03984375
19 0.4125 0.60234375 0.09296875 0.08125
19 0.48984375 0.6515625 0.05234375 0.08046875
19 0.340625 0.60234375 0.04296875 0.0546875
19 0.75 0.32734375 0.0953125 0.04140625
19 0.5421875 0.2375 0.11640625 0.07109375
19 0.53046875 0.40703125 0.14921875 0.08359375
19 0.8171875 0.41171875 0.0421875 0.071875
19 0.58828125 0.590625 0.04765625 0.12890625
19 0.57890625 0.70546875 0.06171875 0.0703125
19 0.66953125 0.68359375 0.0796875 0.12734375
19 0.7828125 0.66953125 0.0359375 0.06015625
19 0.66640625 0.49296875 0.0765625 0.08046875
19 0.42578125 0.51171875 0.05234375 0.0671875
19 0.33359375 0.48671875 0.078125 0.05703125
19 0.3125 0.55078125 0.06640625 0.0640625
19 0.95234375 0.4453125 0.0609375 0.05
19 0.84375 0.6 0.11015625 0.075
19 0.69140625 0.39375 0.06796875 0.0375
19 0.83359375 0.25390625 0.06015625 0.03984375
19 0.88125 0.30078125 0.0265625 0.06640625
19 0.95546875 0.30078125 0.0640625 0.0546875
19 0.978125 0.353125 0.04375 0.05859375
7 0.16015625 0.42890625 0.11875 0.06640625
7 0.04375 0.4109375 0.0875 0.0453125
7 0.23125 0.22109375 0.10390625 0.0421875
7 0.3890625 0.353125 0.06171875 0.04921875
7 0.37109375 0.275 0.04453125 0.0953125
7 0.0484375 0.290625 0.096875 0.0296875
7 0.67734375 0.28203125 0.0671875 0.05390625
7 0.525 0.30078125 0.06328125 0.0640625