15 1 0.127903584375 0.9361607140625001 0.1073102671875 0.22693452500000003 0.1073102671875 0.14508928593749998 0.12963169531250002 0 0.21046715625 0 0.8937686015624999 0.055803571875 0.9309709828124999 0.3571428578125 0.98231026875 0.5446428578125 0.9845424093749999 0.6696428578125 0.9689174093749999 0.6897321421875 0.9756138390625001 0.7433035718750001 0.971149553125 0.8080357140625001 0.9890066953125001 0.9307812703125 0.996875 1 0.996875 1 0.127903584375
19 0.20078125 0.1734375 0.0482421875 0.0591796875
19 0.0125 0.29921875 0.0248046875 0.03125
19 0.11328125 0.2875 0.034375 0.0501953125
19 0.1578125 0.2859375 0.040625 0.04765625
19 0.18203125 0.3734375 0.0732421875 0.1185546875
19 0.00546875 0.375 0.0109375 0.0439453125
19 0.04453125 0.5125 0.0890625 0.055859375
19 0.1375 0.6265625 0.055859375 0.046484375
19 0.33984375 0.63671875 0.10625 0.0923828125
19 0.428125 0.69296875 0.059765625 0.0921875
19 0.2578125 0.63671875 0.0498046875 0.0625
19 0.72578125 0.32265625 0.108203125 0.046875
19 0.48828125 0.2203125 0.1328125 0.08125
19 0.47421875 0.4140625 0.1703125 0.0966796875
19 0.8015625 0.41875 0.0470703125 0.081640625
19 0.540625 0.6234375 0.05546875 0.147265625
19 0.5296875 0.7546875 0.07109375 0.080859375
19 0.63359375 0.7296875 0.090625 0.146484375
19 0.76328125 0.7140625 0.0419921875 0.06875
19 0.6296875 0.51171875 0.0875 0.0921875
19 0.3546875 0.53359375 0.059375 0.0765625
19 0.24921875 0.5046875 0.0890625 0.065234375
19 0.22578125 0.578125 0.076171875 0.07421875
19 0.95703125 0.4578125 0.069921875 0.05859375
19 0.8328125 0.634375 0.127734375 0.087109375
19 0.65859375 0.3984375 0.078125 0.043359375
19 0.82109375 0.2390625 0.0673828125 0.046484375
19 0.875 0.2921875 0.0310546875 0.0751953125
19 0.96015625 0.29296875 0.0734375 0.0611328125
19 0.9796875 0.35078125 0.0404296875 0.0671875
7 0.059375 0.4375 0.1185546875 0.0751953125
7 0.13203125 0.20078125 0.11875 0.0484375
7 0.31328125 0.35234375 0.0703125 0.05625
7 0.2921875 0.26328125 0.050390625 0.109375
7 0.64296875 0.27109375 0.0765625 0.0609375
7 0.46875 0.2921875 0.0720703125 0.0720703125