15 1 0.1694675421875 0.7103004296875 0.12011131875 0.53004291875 0.117965396875 0.40987124531249997 0.13298685625 0.39055794062500004 0.1265490875 0.33905579375 0.1308409328125 0.276824034375 0.1136735515625 0.109442059375 0.1029439375 0.038626609374999996 0.1136735515625 0 0.1284425484375 0 0.8661018328125 0.0472103 0.9269782734374999 0.1802575109375 0.9698967265625 0.368626603125 0.9984375 0.4915695890625 0.9984375 0.49356223125 0.9956478000000001 0.5944206015625 0.997793721875 0.5985407765625 0.9984375 0.6754172640625 0.9984375 0.6866952796875 0.9892100328125 0.7961373390625 0.9720426515625 0.914163090625 0.9398538078125 1 0.8920303890625 1 0.1694675421875
19 0.28515625 0.16640625 0.045703125 0.057421875
19 0.0875 0.28828125 0.062109375 0.03125
19 0.2015625 0.27578125 0.033984375 0.0484375
19 0.24453125 0.275 0.0390625 0.0466796875
19 0.2671875 0.35859375 0.069140625 0.113671875
19 0.0796875 0.3625 0.050390625 0.04296875
19 0.134375 0.49296875 0.08828125 0.053125
19 0.01953125 0.5859375 0.038671875 0.055859375
19 0.22421875 0.60234375 0.0517578125 0.04375
19 0.41953125 0.61171875 0.1017578125 0.0892578125
19 0.50390625 0.66640625 0.0578125 0.0888671875
19 0.33984375 0.61171875 0.0482421875 0.059375
19 0.78984375 0.31015625 0.1046875 0.0453125
19 0.56171875 0.21171875 0.1267578125 0.078125
19 0.5484375 0.39765625 0.16484375 0.0921875
19 0.86328125 0.40234375 0.0455078125 0.0796875
19 0.61171875 0.59921875 0.0517578125 0.1419921875
19 0.6015625 0.72578125 0.0685546875 0.0767578125
19 0.7015625 0.7015625 0.0875 0.140234375
19 0.82578125 0.6859375 0.0392578125 0.0658203125
19 0.69765625 0.4921875 0.084375 0.0876953125
19 0.4328125 0.51328125 0.058984375 0.0734375
19 0.33203125 0.48515625 0.0857421875 0.0625
19 0.309375 0.55625 0.072265625 0.06953125
19 0.98828125 0.4390625 0.0234375 0.0533203125
19 0.89296875 0.609375 0.1205078125 0.0814453125
19 0.725 0.3828125 0.075 0.0408203125
19 0.88203125 0.2296875 0.065625 0.04375
19 0.93359375 0.28125 0.0294921875 0.0720703125
19 0.9890625 0.28125 0.021484375 0.059765625
7 0.14140625 0.421875 0.1298828125 0.0720703125
7 0.03125 0.40234375 0.0625 0.0486328125
7 0.21953125 0.19296875 0.1140625 0.046875
7 0.39296875 0.33828125 0.067578125 0.054296875
7 0.3734375 0.253125 0.0498046875 0.105859375
7 0.03515625 0.26875 0.0703125 0.03125
7 0.71015625 0.26015625 0.0734375 0.0580078125
7 0.54296875 0.28125 0.069921875 0.06953125