15 1 0.0000106046875 0.1738041375 0.0000106046875 0.09276018124999999 0.03847214375 0 0.057797181249999996 0 0.8823635453125 0.0542986421875 0.8959382078125 0.0769230765625 0.925349971875 0.219067275 0.934375 0.219512690625 0.934375 0.2805429859375 0.9072504234375 0.31221719531250003 0.9095128671875001 0.3574660640625 0.8936757640625 0.4185520359375 0.8936757640625 0.4705882359375 0.8823635453125 0.54524886875 0.8868884328125001 0.572398190625 0.8710513296875 0.656108596875 0.787340921875 0.701357465625 0.830327346875 0.7194570140625001 0.8348522359375 0.7375565609375 0.7963906953125 0.7850678734375001 0.7828160343749999 0.8733031671875 0.7737662609375 0.9570135750000001 0.7534042703125 1 0.751016134375 1 0.0000106046875
13 0.15859375 0.38125 0.3169921875 0.2595703125
13 0.41953125 0.52890625 0.45625 0.2455078125
13 0.82578125 0.59296875 0.3484375 0.3078125
13 0.87109375 0.37578125 0.2578125 0.2044921875
13 0.9078125 0.2265625 0.184375 0.146875
13 0.86640625 0.090625 0.2671875 0.121875
13 0.10625 0.0828125 0.2125 0.165234375
13 0.284375 0.21484375 0.3375 0.215625
13 0.51328125 0.27578125 0.2326171875 0.1953125
13 0.45234375 0.1078125 0.5203125 0.215234375