15 1 0.15234375 0.9921875 0.14453125 0.974609375 0.134765625 0.880859375 0.115234375 0.765625 0.060546875 0.580078125 0.005859375 0 0 0 0.716796875 0.029296875 0.7265625 0.134765625 0.732421875 0.20703125 0.75 0.283203125 0.7578125 0.32421875 0.76953125 0.33984375 0.802734375 0.35546875 0.798828125 0.39453125 0.76171875 0.466796875 0.833984375 0.490234375 0.84765625 0.5546875 0.84375 0.599609375 0.853515625 0.65234375 0.853515625 0.69140625 0.8671875 0.71875 0.865234375 0.771484375 0.888671875 0.89453125 0.880859375 0.9140625 0.85546875 1 0.833984375 1 0.482421875 0.990234375 0.44921875 1 0.43359375 1 0.15234375
13 0.0421875 0.31171875 0.084375 0.1640625
13 0.1859375 0.41171875 0.371875 0.2234375
13 0.46015625 0.5390625 0.39375 0.2125
13 0.8296875 0.59453125 0.33984375 0.265625
13 0.86875 0.4078125 0.26171875 0.1765625
13 0.9015625 0.278125 0.196875 0.1265625
13 0.8546875 0.1609375 0.24609375 0.10390625
13 0.14140625 0.134375 0.28203125 0.184375
13 0.34296875 0.26796875 0.29140625 0.1859375
13 0.540625 0.31953125 0.2 0.16875
13 0.48984375 0.13515625 0.44921875 0.26953125