15 1 0.0001875 0.386071428125 0.0001875 0.22999999999999998 0.0461875 0.11200000000000002 0.10218750000000001 0.016 0.1221875 0 0.1310763875 0 0.44418749999999996 0 0.8406874999999999 0.078 0.8601875 0.098 0.8861874999999999 0.217109375 0.89375 0.22498437500000001 0.89375 0.27799999999999997 0.8701874999999999 0.306 0.8721875000000001 0.346 0.8581875 0.4 0.8581875 0.446 0.8481875000000001 0.512 0.8521875 0.536 0.8381875000000001 0.61 0.7641875 0.65 0.8021874999999999 0.666 0.8061875000000001 0.682 0.7721875 0.724 0.7601875 0.8019999999999999 0.7521875 0.876 0.7341875 0.984 0.7281875 1 0.722854165625 1 0.0001875
13 0.0359375 0.303125 0.071875 0.169140625
13 0.1828125 0.4046875 0.365625 0.228515625
13 0.45703125 0.5359375 0.403125 0.216015625
13 0.83046875 0.5921875 0.3390625 0.271875
13 0.87109375 0.4 0.2578125 0.180859375
13 0.90390625 0.26875 0.1921875 0.130859375
13 0.8609375 0.1484375 0.252734375 0.10625
13 0.13671875 0.11953125 0.2734375 0.1890625
13 0.3375 0.2578125 0.29921875 0.190625
13 0.53984375 0.31171875 0.2046875 0.1732421875
13 0.4859375 0.12890625 0.4595703125 0.2578125