15 1 0.07014821875 0 0.07014821875 0 0.7918463328125 0.0607476640625 0.8388398078125 0.10514018750000001 0.8879052265625 0.26401869218749996 0.9509893406250001 0.42352598906249994 0.996875 0.5824383109375 0.996875 0.651869159375 0.9953818640625001 0.7313084109375 0.9790267234375 0.8154205609374999 0.9486528921874999 0.9602803734375 0.892578125 1 0.871299753125 1 0.07014821875
13 0.16875 0.38671875 0.105859375 0.128125
13 0.32421875 0.325 0.1548828125 0.187109375
13 0.45859375 0.29296875 0.146875 0.1736328125
13 0.60078125 0.30859375 0.1484375 0.184375
13 0.7671875 0.31875 0.1375 0.137890625
13 0.925 0.40390625 0.149609375 0.173046875
13 0.94921875 0.5765625 0.1015625 0.24375
13 0.94453125 0.77265625 0.1109375 0.1546875
13 0.85 0.90703125 0.131640625 0.1671875
13 0.56015625 0.97734375 0.1484375 0.0453125
13 0.1015625 0.91328125 0.16015625 0.173046875
13 0.02109375 0.76171875 0.0421875 0.3419921875
13 0.15703125 0.38515625 0.1125 0.1201171875
13 0.65 0.48359375 0.0595703125 0.0857421875
0 0.8515625 0.30234375 0.047265625 0.1875
0 0.1234375 0.52421875 0.19375 0.1703125
0 0.41640625 0.65703125 0.1455078125 0.1705078125
0 0.55234375 0.53203125 0.1330078125 0.1890625
0 0.7515625 0.47578125 0.171875 0.1669921875
0 0.38359375 0.96328125 0.2046875 0.0642578125
0 0.7578125 0.7546875 0.121484375 0.1904296875