15 0.34285714375 0 0.29545454531250004 0.0136363640625 0.140909090625 0.075 0.0977272734375 0.1227272734375 0 0.198327615625 0 0.935526315625 0.06363636406249999 0.984090909375 0.0940082640625 1 0.891148325 1 0.9136363640624999 0.990909090625 0.9613636359375001 0.9545454546875 1 0.9004545453125001 1 0.085064934375 0.9727272734374999 0.0704545453125 0.8318181812500001 0.015909090625 0.7877622390625 0 0.34285714375 0
13 0.203125 0.27421875 0.100390625 0.1236328125
13 0.35390625 0.2140625 0.1513671875 0.1810546875
13 0.484375 0.1828125 0.1435546875 0.1689453125
13 0.62265625 0.19765625 0.1451171875 0.1796875
13 0.784375 0.2078125 0.133984375 0.134375
13 0.9328125 0.290625 0.134375 0.1685546875
13 0.95625 0.45859375 0.0875 0.2359375
13 0.95234375 0.65 0.0953125 0.15
13 0.865625 0.78046875 0.128515625 0.1625
13 0.58515625 0.89921875 0.14375 0.140625
13 0.4578125 0.92734375 0.134375 0.1453125
13 0.1390625 0.79375 0.1564453125 0.180859375
13 0.03984375 0.63828125 0.0796875 0.3326171875
13 0.19140625 0.27265625 0.109375 0.115625
13 0.67109375 0.36796875 0.0580078125 0.0828125
0 0.8671875 0.19140625 0.046875 0.1826171875
0 0.15859375 0.4078125 0.1888671875 0.165625
0 0.44375 0.5375 0.14296875 0.166015625
0 0.57578125 0.415625 0.1298828125 0.1841796875
0 0.76953125 0.36015625 0.1671875 0.1625
0 0.41171875 0.83515625 0.1984375 0.0638671875
0 0.77578125 0.63125 0.1171875 0.184375