15 1 0.298828125 0.9453125 0.25 0.927734375 0.21484375 0.91015625 0.201171875 0.85546875 0.171875 0.734375 0.125 0.6640625 0.099609375 0.59765625 0.0859375 0.416015625 0.08203125 0.2734375 0.123046875 0.140625 0.17578125 0.103515625 0.216796875 0 0.296875 0 0.5234375 0.0078125 0.5390625 0 0.55078125 0 0.900390625 0.07421875 0.95703125 0.15625 1 0.474609375 1 0.53515625 0.994140625 0.712890625 1 0.8046875 0.962890625 0.845703125 0.931640625 0.89453125 0.86328125 0.951171875 0.81640625 1 0.732421875 1 0.298828125
13 0.19375 0.346875 0.0875 0.10703125
13 0.3234375 0.2953125 0.1296875 0.15546875
13 0.4359375 0.26875 0.12265625 0.1453125
13 0.5546875 0.28125 0.12421875 0.15390625
13 0.69375 0.28984375 0.11484375 0.115625
13 0.8265625 0.36171875 0.125 0.1453125
13 0.87109375 0.50625 0.13125 0.203125
13 0.86171875 0.671875 0.1296875 0.12890625
13 0.76328125 0.78203125 0.1109375 0.1390625
13 0.52265625 0.884375 0.1234375 0.1203125
13 0.41328125 0.91171875 0.115625 0.13046875
13 0.1390625 0.79375 0.13515625 0.1546875
13 0.04453125 0.66015625 0.0890625 0.2859375
13 0.184375 0.3453125 0.09453125 0.1
13 0.59609375 0.42734375 0.05078125 0.07109375
0 0.76484375 0.27578125 0.040625 0.15703125
0 0.15546875 0.46171875 0.16171875 0.1421875
0 0.40078125 0.57265625 0.121875 0.14296875
0 0.5140625 0.46796875 0.11171875 0.1578125
0 0.68125 0.42109375 0.14375 0.1390625
0 0.3734375 0.82890625 0.17109375 0.05390625
0 0.6859375 0.65390625 0.10078125 0.15859375