15 0 0.321428575 0.0130580359375 0.3867187515625 0.00636160625 0.429129465625 0.048772321875 0.5407366078125 0.12243303593749999 0.6300223218750001 0.2541294625 0.7193080375 0.40145089375 0.7661830375 0.5168898734375 0.778125 0.5349051375 0.778125 0.55546875 0.7706473218750001 0.6536830359375 0.77734375 0.702790178125 0.7706473218750001 0.8411830359374999 0.7282366078125 0.96171875 0.6434151796875 0.9859375 0.61638029375 0.9859375 0.095152371875 0.9818080359374999 0.0876116078125 0.9594866062499999 0.0719866078125 0.8880580359374999 0.10546875156249999 0.7407366078125001 0.21037946562499998 0.66484375 0.2773437515625 0.5510044625 0.32645089375 0.25189732187499997 0.11662946562500001 0.11796875 0.047433037500000004 0.0822544640625 0.036272321875 0.064397321875 0.0407366078125 0.0286830359375 0.114397321875 0 0.2600188859375 0 0.321428575
9 0.1520089265625 0.5806361625 0.1542410703125 0.5605468765625 0.18125 0.51483945625 0.18125 0.50888291875 0.1587053546875 0.480189734375 0.1564732125 0.431082590625 0.11629464062499999 0.4355468765625 0.0493303546875 0.5203683046875 0.0493303546875 0.5337611625 0.0783482125 0.558314734375 0.09684709531249999 0.5953125 0.11646205937500001 0.5953125 0.1363839265625 0.5917968765625 0.1520089265625 0.5806361625
9 0.18125 0.3626116078125 0.1564732125 0.3440290171875 0.12075892656250001 0.34626116093750003 0.0962053546875 0.33733258906249997 0.0805803546875 0.37751116093750003 0.09674106875 0.4078125 0.10434470625 0.4078125 0.1274553546875 0.39536830312500004 0.1676339265625 0.388671875 0.18125 0.3672751875 0.18125 0.3626116078125
9 0.192644946875 0.4028419421875 0.22548234374999998 0.4125 0.232903153125 0.4125 0.27523423125 0.3849848 0.284162803125 0.3626633703125 0.2796985171875 0.344806228125 0.270769946875 0.3269490859375 0.24621637500000002 0.30909194218749997 0.177594165625 0.2508062390625 0.11114969687500001 0.24392953125 0.1226056328125 0.28633600000000003 0.1703235171875 0.36712765625 0.192644946875 0.4028419421875
9 0.4333705375 0.4484375 0.4199776796875 0.4372767859375 0.4199776796875 0.426116071875 0.4421875 0.392801340625 0.4421875 0.392509190625 0.4043526796875 0.3502232140625 0.3552455359375 0.3502232140625 0.328459821875 0.3725446421875 0.3239955359375 0.4015625 0.3061383953125 0.4171875 0.30390625 0.441741071875 0.31953125 0.4640625 0.3373883953125 0.4685267859375 0.43113839374999996 0.46183035625 0.4333705375 0.4484375
9 0.32628348125 0.1651227703125 0.3359375 0.14002231874999999 0.3359375 0.1345982171875 0.3151227671875 0.11378348125 0.2660156234375 0.10485491093749999 0.24369419531249997 0.12047991093749999 0.24146205312500002 0.1561941984375 0.22360490937500002 0.1829799109375 0.22360490937500002 0.1986049109375 0.2967247609375 0.2265625 0.3007700875 0.2265625 0.32628348125 0.20530133906249998 0.32628348125 0.1651227703125
9 0.4390625 0.0958891328125 0.4351004484375 0.0853236609375 0.3837611609375 0.0786272328125 0.34358259062499996 0.09871651718749999 0.35027901875 0.1255022328125 0.38152901875 0.1255022328125 0.4049021296875 0.153125 0.40933779687499994 0.153125 0.4373325890625 0.14112723124999998 0.4390625 0.1264229953125 0.4390625 0.0958891328125
9 0.5222098234375 0.28125 0.540066965625 0.30803571406249997 0.5780133937499999 0.31696428593750003 0.602566965625 0.30133928593750003 0.6137276796875 0.27232142812500004 0.602566965625 0.25446428593750003 0.5646205375 0.2455357140625 0.5356026796875 0.2522321421875 0.5222098234375 0.28125
9 0.7046875 0.20770088437499998 0.7046875 0.1973214265625 0.6919642859375 0.1782366046875 0.671875 0.1782366046875 0.6546875 0.20186941875 0.6546875 0.21216517031249998 0.65625 0.23404017812500003 0.6737276796875 0.24375 0.686495534375 0.24375 0.6919642859375 0.24296875 0.703125 0.22957589218750002 0.7046875 0.20770088437499998
9 0.684375 0.5588169374999999 0.68270089375 0.5286830375 0.6648437515625 0.501897321875 0.63582589375 0.49966517968749996 0.611272321875 0.5309151796875 0.6090401796875 0.564397321875 0.6291294656249999 0.5867187515625 0.656473203125 0.590625 0.66099330625 0.590625 0.684375 0.5693689140625 0.684375 0.5588169374999999
9 0.9013950906250001 0.5622767859375 0.881640625 0.5359375 0.880412946875 0.5359375 0.858984375 0.5466517859375 0.8411272328124999 0.5912946421874999 0.8098772328124999 0.6069196421874999 0.8165736609375 0.6314732140625 0.8465736625 0.6421875 0.8494977671875 0.6421875 0.9140625 0.6249702375 0.9140625 0.6233258890625 0.9013950906250001 0.597991071875 0.9013950906250001 0.5622767859375
9 0.5584821421874999 0.097991071875 0.5227678578125 0.095758928125 0.500446428125 0.10691964218750001 0.4959821421875 0.1359375 0.502678571875 0.142633928125 0.547321428125 0.144866071875 0.571875 0.1359375 0.575 0.128125 0.575 0.12276785781249999 0.5584821421874999 0.097991071875
9 0.7671875 0.33816964375 0.732366071875 0.3033482140625 0.685491071875 0.29888392812500003 0.6475446421875 0.3256696421875 0.6453125 0.34575892812500003 0.6497767859375 0.35245535625 0.67433035625 0.3502232140625 0.6921875 0.363616071875 0.7569196421875 0.3569196421875 0.7671875 0.350758928125 0.7671875 0.33816964375
11 0.16875 0.209598209375 0.1646205375 0.199274553125 0.1333705375 0.181417409375 0.1065848234375 0.185881696875 0.0909598234375 0.199274553125 0.093191965625 0.2260602671875 0.1103400734375 0.2625 0.11757812187500001 0.2625 0.140066965625 0.2573102671875 0.16875 0.21097613593750003 0.16875 0.209598209375
11 0.1827876984375 0.540625 0.1522321421875 0.5602678578125 0.156696428125 0.5825892859375 0.183125 0.615625 0.1846301 0.615625 0.2236607140625 0.6004464281249999 0.2303571421875 0.5892857140625 0.23125 0.5803571390625 0.23125 0.56589285625 0.199665178125 0.540625 0.1827876984375 0.540625
11 0.2550223203125 0.43247767656249997 0.26171875 0.46372767656249997 0.290252971875 0.4703125 0.2911830390625 0.4703125 0.30859375 0.465959821875 0.325 0.44955356875 0.325 0.42453762812500007 0.31095609999999996 0.4125 0.288318453125 0.4125 0.2550223203125 0.43247767656249997
11 0.370758928125 0.22332589375 0.40870535625000004 0.25457589375 0.4265625 0.2478794640625 0.4328125 0.2166294609375 0.4328125 0.2137723203125 0.4220982140625 0.198772321875 0.40870535625000004 0.194308034375 0.3819196421875 0.20770089375 0.4064732140625 0.1853794640625 0.3975446421875 0.165290178125 0.3662946421875 0.147433034375 0.3439732140625 0.147433034375 0.339508928125 0.18761160625 0.3685267859375 0.20323660625 0.370758928125 0.22332589375
11 0.6110491062500001 0.20323660625 0.5775669640625 0.2255580359375 0.5753348234375 0.23895089375 0.6083147328125 0.2609375 0.62254464375 0.2609375 0.6328125 0.25066964375 0.6328125 0.22232142656249998 0.6222098234375 0.20323660625 0.6110491062500001 0.20323660625
11 0.557254465625 0.41060267968749997 0.5890625 0.38303571718749996 0.5890625 0.354144021875 0.5393973234375 0.334709821875 0.5148437515625 0.3391741078125 0.5036830375 0.368191965625 0.557254465625 0.41060267968749997
11 0.6921875 0.4647321421875 0.638616071875 0.4558035703125 0.62745535625 0.4736607140625 0.6341517859375 0.50714285625 0.654241071875 0.5026785703125001 0.678125 0.5265625 0.6800382640625 0.5265625 0.7078125 0.5116071421874999 0.6921875 0.4647321421875
11 0.8094866078124999 0.4515625 0.79620535625 0.45535714218749995 0.7671875 0.491071428125 0.7694196421874999 0.5133928578125 0.8017857140625001 0.5328125 0.80394345 0.5328125 0.8341517843749999 0.5133928578125 0.8453125 0.491071428125 0.8453125 0.47321428593750003 0.8128348203125 0.4515625 0.8094866078124999 0.4515625
11 0.7063903390624999 0.36126521718750004 0.6907653390624999 0.36349736093749996 0.684375 0.380538265625 0.684375 0.381526328125 0.7037536890625 0.3924046109375 0.7379243765625 0.3984375 0.7430105078125 0.3984375 0.7515625 0.3749088296875 0.7515625 0.37398054062499997 0.7063903390624999 0.36126521718750004
9 0.4453125 0.33757440625 0.4453125 0.3314732125 0.4372767859375 0.2872767859375 0.4216517859375 0.278348215625 0.39263392812500003 0.278348215625 0.3680803578125 0.2895089296875 0.3279017859375 0.33191964375 0.3658482140625 0.340848215625 0.37904974375 0.35625 0.3845982453125 0.35625 0.4328125 0.354241071875 0.4453125 0.33757440625
9 0.8734375 0.32495814843750004 0.85703125 0.29419642968750004 0.8056919640625001 0.28526785781249997 0.801227678125 0.2919642859375 0.8146205359375 0.30535714375 0.801227678125 0.31651785781249997 0.8235491078124999 0.32098214375 0.865429684375 0.35625 0.8660971828124999 0.35625 0.8734375 0.332393971875 0.8734375 0.32495814843750004