15 1 0.2091029625 0.95394736875 0.1250068515625 0.93201754375 0.1096559734375 0.8618421046875 0.1425507125 0.7171052625 0.24562088593750003 0.642543859375 0.311410359375 0.5307017546874999 0.3596559734375 0.2368421046875 0.153515625 0.1052631578125 0.08553316875 0.0701754390625 0.0745682546875 0.0526315796875 0.07895421875 0.017543859375 0.1513226421875 0 0.24039146718749999 0 0.40790158749999994 0.0021929828125 0.41886650156250005 0 0.43275538750000003 0 0.47207517968749996 0.037280701562500004 0.5701822921875 0.1096491234375 0.6579015874999999 0.23903508750000002 0.7456208859375 0.3837719296875 0.7916735171875 0.47936541562499996 0.8015625 0.5199544265625 0.8015625 0.53508771875 0.7960594859375 0.6157986171875 0.8015625 0.6394691124999999 0.8015625 0.6798245609375 0.7960594859375 0.8157894734375001 0.7543928156249999 0.9342105265624999 0.671059484375 1 0.597620071875 1 0.2091029625
9 0.194675165625 0.6265625 0.19682017499999999 0.579372259375 0.2203125 0.5494729375 0.2203125 0.547603534375 0.1924342109375 0.500424890625 0.190241228125 0.4806880484375 0.1748903515625 0.46972313593750004 0.13760965 0.4631441890625 0.11787280781250001 0.5026178734375 0.0893640359375 0.5267406796875 0.0893640359375 0.5398985749999999 0.155153509375 0.6232319078125 0.185128834375 0.6265625 0.194675165625 0.6265625
9 0.2203125 0.40701068906250004 0.2063527953125 0.3711143078125 0.18222998906250001 0.3798862375 0.14714226875 0.3776932546875 0.1208264796875 0.397430096875 0.13617735625 0.4215529046875 0.175651040625 0.4281318515625 0.2017543859375 0.4421875 0.2048506015625 0.4421875 0.2203125 0.41319644218749996 0.2203125 0.40701068906250004
9 0.2714881140625 0.44375 0.31301939375 0.41675466875 0.3203125 0.3985219 0.3203125 0.388909559375 0.31740535625 0.37728098593750004 0.30863342656250004 0.3597371265625 0.28451062031249996 0.34219326875 0.2170923078125 0.2849301203125 0.15181353125 0.27817405625 0.1630684875 0.31983655 0.20994921562500002 0.3992108109375 0.23187904062500003 0.43429852812499997 0.2640140453125 0.44375 0.2714881140625 0.44375
9 0.363336075 0.477768640625 0.3881387046875 0.4984375 0.4390257109375 0.4984375 0.475 0.45823094218750005 0.475 0.4577645265625 0.45324835625000004 0.4251370625 0.45324835625000004 0.41417215 0.46640625 0.40320723750000004 0.46421326875 0.3900493421875 0.3721080046875 0.3834703953125 0.3545641453125 0.3878563609375 0.33921326875 0.409786184375 0.34140625 0.4339089921875 0.3589501109375 0.44925986875 0.363336075 0.477768640625
9 0.3703125 0.16975941875 0.2982013296875 0.1421875 0.297626096875 0.1421875 0.27149122812500004 0.1639665578125 0.27149122812500004 0.20344024218749998 0.2605263140625 0.23194901406250001 0.2824561390625 0.25387883906250003 0.32987252499999997 0.2625 0.3309171390625 0.2625 0.352631578125 0.2472998890625 0.3548245609375 0.212212171875 0.3703125 0.1889802640625 0.3703125 0.16975941875
9 0.4369928734375 0.11584429843749999 0.38655427656249997 0.1224232453125 0.379975328125 0.1399671046875 0.38436129375 0.17724780625 0.41506305 0.1904057015625 0.43918585468750004 0.1618969296875 0.4698876109375 0.1618969296875 0.475 0.141447365625 0.475 0.1348478625 0.4369928734375 0.11584429843749999
9 0.64375 0.3043845953125 0.6341694078125 0.28905565 0.59688870625 0.28028372031250004 0.568379934375 0.286862665625 0.5552220390625 0.3153714390625 0.5727658984375 0.3416872265625 0.6080951734375 0.35 0.6107681359375 0.35 0.6341694078125 0.33510828125000003 0.64375 0.3101987421875 0.64375 0.3043845953125
9 0.734375 0.25298793750000004 0.732401315625 0.2253563625 0.7126644734375 0.21439145 0.697313596875 0.21658443125 0.686348684375 0.2297423265625 0.684375 0.2573739015625 0.684375 0.260773028125 0.6969846484375 0.2796875 0.7174092921875 0.2796875 0.734375 0.2563596515625 0.734375 0.25298793750000004
9 0.6957785109375 0.534998628125 0.66507675625 0.530612665625 0.6409539484375 0.5525424875 0.6431469296875 0.5920161734375 0.6599278140625 0.6171875 0.6918218375 0.6171875 0.7133223703125 0.589823190625 0.7140625 0.578721240625 0.7140625 0.5553141734375 0.6957785109375 0.534998628125
9 0.8709978078124999 0.565625 0.8702062765624999 0.565625 0.8506853062499999 0.591652959375 0.8506853062499999 0.6267406796875 0.8375274125000001 0.6530564703125 0.902237525 0.6703125 0.904122809375 0.6703125 0.934018640625 0.659635415625 0.9405975874999999 0.635512609375 0.9098958328125001 0.62016173125 0.8923519734375001 0.5763020828125 0.8709978078124999 0.565625
9 0.5685170078125 0.134375 0.5350740125 0.13604715 0.528495065625 0.142626096875 0.53288103125 0.17113486875 0.5531112921875 0.18125 0.568407353125 0.18125 0.589898575 0.1799067984375 0.607442434375 0.153591009375 0.60305646875 0.142626096875 0.5803659531250001 0.134375 0.5685170078125 0.134375
9 0.79375 0.3698944625 0.7612870078125 0.3374314703125 0.715234375 0.3330455046875 0.677953675 0.3593612953125 0.6757606921875 0.379098134375 0.68014665625 0.38567708437500003 0.7042694640625 0.3834841 0.7218133234375 0.3966419953125 0.7854098140625 0.3900630484375 0.79375 0.38505893593749996 0.79375 0.3698944625
11 0.2078125 0.242471903125 0.20474917812500001 0.23481359687499997 0.1740474234375 0.21726973749999998 0.147731634375 0.221655703125 0.13238075625 0.23481359687499997 0.1345737390625 0.2611293859375 0.1513952046875 0.296875 0.15876964531249999 0.296875 0.1806263703125 0.291831140625 0.2078125 0.24791508593749997 0.2078125 0.242471903125
11 0.267934484375 0.5969572375000001 0.26135553749999996 0.585992325 0.22188185312500003 0.5706414484375 0.1955660640625 0.6035361859374999 0.1911800984375 0.625466009375 0.21962186093749997 0.64375 0.23904879375000002 0.64375 0.26875 0.619989034375 0.26875 0.6051123921875 0.267934484375 0.5969572375000001
11 0.29229029687499997 0.4646655703125 0.29886924375 0.49536732499999997 0.32571500468750003 0.5015625 0.328913103125 0.5015625 0.344921875 0.49756030781250005 0.3609375 0.4815446828125 0.3609375 0.45677670781249996 0.34756259218749996 0.4453125 0.3245454125 0.4453125 0.29229029687499997 0.4646655703125
11 0.4364651859375 0.258895284375 0.43865816874999997 0.23915844375 0.465625 0.22463784062499997 0.465625 0.209930103125 0.46278554375000003 0.184375 0.440779196875 0.184375 0.41014939687499996 0.201877740625 0.4013774671875 0.221614584375 0.4255002734375 0.24354440937500002 0.399184484375 0.23038651406250002 0.3860265890625 0.2347724796875 0.375061678125 0.2501233546875 0.381640625 0.28301809218749996 0.3977590421875 0.2890625 0.39983356875 0.2890625 0.4364651859375 0.258895284375
11 0.6078125 0.2603892546875 0.6078125 0.262582234375 0.6096765359375 0.27376644687499996 0.6419956140624999 0.2953125 0.653749390625 0.2953125 0.6640625 0.2767489046875 0.6640625 0.24920504375000002 0.65391995625 0.2390625 0.63980263125 0.2390625 0.6078125 0.2603892546875
11 0.5882469859375 0.3690789484375 0.5378083874999999 0.388815790625 0.5378083874999999 0.41513157968750003 0.5690267578125 0.4421875 0.572538303125 0.4421875 0.621875 0.403129284375 0.621875 0.3981784578125 0.6123697921875 0.37346491406250004 0.5882469859375 0.3690789484375
11 0.7072299906249999 0.4875 0.6838199031250001 0.5109100875 0.6640830609374999 0.5065241234375 0.6575041140625 0.539418859375 0.668023575 0.55625 0.672745346875 0.55625 0.7211006046875 0.548190790625 0.734375 0.5083676015624999 0.734375 0.5010200515625 0.7092663296875 0.4875 0.7072299906249999 0.4875
11 0.8617872828124999 0.5442982453125 0.8727521953125 0.522368421875 0.8727521953125 0.5048245609374999 0.8398574578125 0.4828947375 0.82450658125 0.4872807015625 0.795997809375 0.522368421875 0.7981907921875 0.5442982453125 0.8285270484374999 0.5625 0.8334734421875 0.5625 0.8617872828124999 0.5442982453125
11 0.7338349 0.40218169843749996 0.71449546875 0.41303794531250004 0.7210744171875 0.43058180312500005 0.7257517906250001 0.43125 0.7418422171875 0.43125 0.7796875 0.4205970875 0.7796875 0.41629612343750005 0.77210168125 0.3954256375 0.7338349 0.40218169843749996
9 0.4796875 0.332357909375 0.4675027421875 0.316111565625 0.41487116406249996 0.313918584375 0.40171326875 0.3292694609375 0.3644325671875 0.338041390625 0.40390625 0.3797080578125 0.4210485234375 0.3875 0.4620905296875 0.3875 0.47188870781250003 0.38190104062499997 0.4796875 0.33900768281250004 0.4796875 0.332357909375
9 0.8984375 0.329625821875 0.8984375 0.321504934375 0.897299890625 0.3197985203125 0.8468612953125 0.32857045 0.8293174359375 0.3614651859375 0.8373281468749999 0.3875 0.8410271890625 0.3875 0.8797560296875 0.3548862390625 0.8984375 0.351149946875 0.8984375 0.3477933125 0.8885279609375001 0.3395353625 0.8984375 0.329625821875