15 1 0.4193188140625 0.9978540765625 0.4070563984375 0.9871244640624999 0.3984727078125 0.9742489265625001 0.3598460984375 0.907725321875 0.2976143390625 0.800429184375 0.23967442343749998 0.6952789703125 0.2010478140625 0.609442059375 0.18817227812499998 0.43776824062499997 0.19675596875 0.39484978593750003 0.19031820156249998 0.3648068671875 0.20963150625 0.3111587984375 0.2225070421875 0.283261803125 0.20963150625 0.2639484984375 0.211777428125 0.2360515015625 0.23967442343749998 0.1072961375 0.2976143390625 0.0472103 0.342678715625 0 0.391777428125 0 0.7825928796875 0.0278969953125 0.8212194890625 0.0579399140625 0.8491164843749999 0.1351931328125 0.8984727078124999 0.20815450625 0.926369703125 0.2982832625 0.9413911625000001 0.4056103734375 0.94375 0.5027118015625 0.94375 0.645922746875 0.9134941671875 0.7510729609375 0.8748675578125 0.8648068671875 0.80405210625 0.9377682406250001 0.73323665625 0.9763948499999999 0.6774426640625 1 0.6213804328125 1 0.4193188140625
11 0.090625 0.54609375 0.062890625 0.0580078125
11 0.1625 0.41796875 0.0751953125 0.071875
11 0.33671875 0.4109375 0.065625 0.058984375
11 0.22890625 0.621875 0.0767578125 0.0625
11 0.33671875 0.29453125 0.0515625 0.0671875
11 0.4328125 0.375 0.0873046875 0.025390625
11 0.36875 0.4953125 0.06171875 0.053125
11 0.26328125 0.51875 0.070703125 0.047265625
11 0.42421875 0.66015625 0.0736328125 0.0673828125
11 0.503125 0.7296875 0.093359375 0.072265625
11 0.653125 0.74453125 0.0814453125 0.0857421875
11 0.55078125 0.5921875 0.0546875 0.052734375
11 0.60390625 0.60546875 0.053125 0.0548828125
11 0.5171875 0.4125 0.047265625 0.04375
11 0.58125 0.36875 0.0560546875 0.040625
11 0.59609375 0.30078125 0.048046875 0.0453125
11 0.65859375 0.23515625 0.048828125 0.046875
11 0.72578125 0.24296875 0.0486328125 0.06875
11 0.63046875 0.28515625 0.04375 0.0451171875
11 0.34609375 0.2375 0.0763671875 0.04375
11 0.753125 0.31875 0.055859375 0.0404296875
11 0.69453125 0.38671875 0.0703125 0.0548828125
11 0.8640625 0.40625 0.0626953125 0.0501953125
11 0.6078125 0.5234375 0.0689453125 0.0529296875
11 0.8375 0.53359375 0.055859375 0.0265625
11 0.6875 0.57109375 0.074609375 0.0388671875
11 0.865625 0.6828125 0.068359375 0.0685546875
11 0.88359375 0.61484375 0.0642578125 0.0611328125
11 0.8546875 0.45390625 0.059375 0.040625
11 0.759375 0.4625 0.055859375 0.049609375
19 0.87890625 0.74921875 0.159375 0.05
19 0.4375 0.8046875 0.1091796875 0.1033203125
19 0.6546875 0.8484375 0.0408203125 0.1095703125
19 0.18203125 0.67265625 0.1326171875 0.140625
19 0.075 0.46953125 0.071875 0.071875
19 0.1515625 0.34765625 0.0935546875 0.0486328125
19 0.975 0.67734375 0.0376953125 0.13125
9 0.30234375 0.4734375 0.08125 0.052734375
9 0.4609375 0.59296875 0.14375 0.0640625
9 0.2890625 0.5703125 0.1123046875 0.0466796875
9 0.3046875 0.66015625 0.071875 0.094921875
9 0.3453125 0.353125 0.0529296875 0.0533203125
9 0.4046875 0.33359375 0.055859375 0.069921875
9 0.41796875 0.246875 0.040625 0.06875
9 0.59765625 0.33828125 0.1232421875 0.059375
9 0.58125 0.69296875 0.075 0.0798828125
9 0.72109375 0.6484375 0.1205078125 0.071484375
9 0.7328125 0.8703125 0.0783203125 0.0814453125
9 0.8109375 0.6609375 0.037109375 0.053515625
9 0.24453125 0.8328125 0.0734375 0.05859375