15 0.376171875 0.206375903125 0.3245189828125 0.218772596875 0.29765947812500004 0.206375903125 0.2790644375 0.20844201875 0.2522049328125 0.2353015234375 0.12823799062500002 0.291086646875 0.0703867515625 0.33447507656250003 0.018733857812499997 0.38819408437499997 0.0042710484375 0.41169615156250006 0.0042710484375 0.7294210390625 0.051791709374999995 0.795218878125 0.08071732968749999 0.8220783828125 0.1550974953125 0.8695990437500001 0.22534542812499997 0.8964585484375001 0.3121222875 0.9109213578125 0.3839505109375 0.9125 0.51222580625 0.9125 0.64683303125 0.884061853125 0.7480727015624999 0.8468717703124999 0.8575768328125 0.778689953125 0.9278247671875001 0.710508134375 0.96501485 0.6567891265625 0.996875 0.5811212703125 0.996875 0.46045279062500005 0.9856760078125 0.3964585484375 0.975345428125 0.38819408437499997 0.9629487343750001 0.3510040015625 0.8988991468749999 0.291086646875 0.7955933625 0.2353015234375 0.69435369375 0.198111440625 0.611709065625 0.1857147453125 0.44641980937500003 0.193979209375 0.40509749531250006 0.18778086249999998 0.376171875 0.206375903125
11 0.10390625 0.53046875 0.0611328125 0.05625
11 0.1734375 0.40625 0.0720703125 0.06875
11 0.340625 0.4 0.0625 0.0560546875
11 0.23671875 0.603125 0.0736328125 0.0595703125
11 0.340625 0.2875 0.0498046875 0.062890625
11 0.43359375 0.36484375 0.083203125 0.026171875
11 0.371875 0.48125 0.0591796875 0.0501953125
11 0.2703125 0.503125 0.0685546875 0.0466796875
11 0.425 0.63984375 0.0716796875 0.065625
11 0.50078125 0.70703125 0.088671875 0.0703125
11 0.6453125 0.72109375 0.078515625 0.082421875
11 0.546875 0.57421875 0.0529296875 0.05
11 0.5984375 0.58671875 0.0501953125 0.0544921875
11 0.51484375 0.4015625 0.045703125 0.04140625
11 0.57578125 0.359375 0.053125 0.037890625
11 0.590625 0.29375 0.0466796875 0.04375
11 0.65078125 0.23046875 0.046875 0.0453125
11 0.715625 0.2375 0.047265625 0.066015625
11 0.6234375 0.27890625 0.041015625 0.0423828125
11 0.35 0.2328125 0.0720703125 0.041015625
11 0.7421875 0.3109375 0.0529296875 0.0376953125
11 0.68515625 0.3765625 0.0673828125 0.053125
11 0.8484375 0.3953125 0.059765625 0.0498046875
11 0.6015625 0.5078125 0.06640625 0.050390625
11 0.82265625 0.51796875 0.053125 0.0263671875
11 0.67890625 0.55390625 0.0703125 0.0361328125
11 0.85 0.66171875 0.0654296875 0.065625
11 0.8671875 0.59609375 0.0625 0.059375
11 0.83984375 0.44140625 0.0578125 0.0392578125
11 0.74765625 0.44921875 0.0544921875 0.0482421875
19 0.8625 0.72578125 0.1533203125 0.0484375
19 0.4375 0.77890625 0.105859375 0.1
19 0.646875 0.82109375 0.040234375 0.10625
19 0.1921875 0.6515625 0.127734375 0.134765625
19 0.0890625 0.45625 0.069140625 0.06875
19 0.1625 0.33828125 0.087890625 0.046875
19 0.95546875 0.65625 0.036328125 0.12578125
9 0.3078125 0.46015625 0.0783203125 0.05
9 0.46015625 0.575 0.1388671875 0.0623046875
9 0.2953125 0.553125 0.10859375 0.044140625
9 0.31015625 0.63984375 0.0701171875 0.090625
9 0.34921875 0.34375 0.0513671875 0.050390625
9 0.40625 0.325 0.0533203125 0.068359375
9 0.41875 0.2421875 0.037890625 0.0658203125
9 0.5921875 0.33046875 0.11875 0.057421875
9 0.57578125 0.671875 0.071875 0.0779296875
9 0.7109375 0.62890625 0.1158203125 0.0673828125
9 0.721875 0.8421875 0.0751953125 0.0783203125
9 0.796875 0.640625 0.037109375 0.0529296875
9 0.2515625 0.80546875 0.07109375 0.05625