15 1 0.2273711953125 0.883196721875 0.0922131140625 0.729508196875 0.0020491796875 0.18032786875 0 0.06967213125 0.0573770484375 0 0.1038251375 0 0.93401639375 0.0184426234375 0.9487704921875 0.09836065625 0.9815573765625001 0.1092585703125 1 0.651423640625 1 0.758196721875 0.9692622953125 0.8258196718749999 0.9282786890624999 0.846311475 0.9077868859375 0.8852459015624999 0.8381147546875001 0.9426229515625 0.778688525 0.9979508203125 0.7336065578125 1 0.7333138171875 1 0.2273711953125
0 0.34453125 0.71640625 0.3455078125 0.1263671875
0 0.15703125 0.3796875 0.203125 0.093359375
0 0.63359375 0.278125 0.0919921875 0.162890625
2 0.1 0.66328125 0.13125 0.1234375
2 0.0734375 0.51328125 0.090625 0.160546875
2 0.06171875 0.26328125 0.1232421875 0.1375
2 0.31328125 0.28828125 0.1236328125 0.1076171875
2 0.49296875 0.12578125 0.0955078125 0.1267578125
2 0.425 0.21953125 0.1341796875 0.1513671875
2 0.3578125 0.3703125 0.1373046875 0.0564453125
2 0.5296875 0.33125 0.1841796875 0.074609375
2 0.5015625 0.44453125 0.205859375 0.126953125
2 0.534375 0.61171875 0.184375 0.179296875
2 0.61796875 0.778125 0.178125 0.1251953125
2 0.7609375 0.36953125 0.2125 0.1234375
2 0.77109375 0.25078125 0.1703125 0.113671875
2 0.64609375 0.17734375 0.129296875 0.126171875
2 0.74609375 0.1328125 0.0923828125 0.1375
2 0.8015625 0.46484375 0.16640625 0.082421875