15 0.3647186140625 0 0.346320346875 0.0108225109375 0.20346320312500002 0.0519480515625 0.1320346328125 0.0952380953125 0.1103896109375 0.1168831171875 0.06926406874999999 0.190476190625 0.008658009375000001 0.253246753125 0 0.2603014265625 0 0.8957019171875 0.071428571875 0.978354978125 0.1083234953125 1 0.953463203125 1 1 0.9689754703125001 1 0.0857142859375 0.984848484375 0.0735930734375 0.9004329 0.0389610390625 0.8774104671874999 0 0.3647186140625 0
0 0.359375 0.68125 0.365625 0.131640625
0 0.16171875 0.325 0.2142578125 0.099609375
0 0.66484375 0.21796875 0.095703125 0.1734375
2 0.1015625 0.625 0.137890625 0.130859375
2 0.07265625 0.46640625 0.0953125 0.169921875
2 0.0625 0.20234375 0.125 0.1453125
2 0.3265625 0.22890625 0.13125 0.1138671875
2 0.51640625 0.06171875 0.1015625 0.1234375
2 0.44453125 0.15625 0.1419921875 0.159375
2 0.37421875 0.315625 0.14375 0.0595703125
2 0.5546875 0.2734375 0.19375 0.0779296875
2 0.52578125 0.39375 0.2171875 0.134375
2 0.56015625 0.5703125 0.1951171875 0.190234375
2 0.6484375 0.74609375 0.1875 0.1328125
2 0.79921875 0.31484375 0.225 0.1298828125
2 0.81015625 0.1890625 0.1796875 0.121484375
2 0.678125 0.11171875 0.13671875 0.1328125
2 0.78203125 0.06796875 0.0984375 0.1359375
2 0.8421875 0.415625 0.177734375 0.0873046875