15 1 0.24609375 0.86328125 0.087890625 0.716796875 0.001953125 0.193359375 0 0.087890625 0.0546875 0 0.11328125 0 0.47265625 0.0078125 0.513671875 0 0.52734375 0 0.873046875 0.0390625 0.904296875 0.115234375 0.935546875 0.140625 0.978515625 0.234375 1 0.490234375 0.9921875 0.548828125 1 0.615234375 0.9609375 0.744140625 0.923828125 0.80859375 0.884765625 0.828125 0.865234375 0.865234375 0.798828125 0.919921875 0.7421875 0.97265625 0.69921875 1 0.6953125 1 0.517578125 0.990234375 0.50390625 1 0.4921875 1 0.24609375
0 0.35 0.6828125 0.3296875 0.11953125
0 0.17109375 0.36171875 0.19375 0.0890625
0 0.62578125 0.265625 0.08671875 0.15625
2 0.1171875 0.63203125 0.125 0.1171875
2 0.09140625 0.4890625 0.0859375 0.153125
2 0.06953125 0.2515625 0.1390625 0.13125
2 0.3203125 0.275 0.11796875 0.10234375
2 0.49140625 0.11953125 0.0921875 0.12109375
2 0.4265625 0.209375 0.12734375 0.14375
2 0.3625 0.353125 0.1296875 0.05390625
2 0.52578125 0.315625 0.175 0.0703125
2 0.5 0.4234375 0.19609375 0.12109375
2 0.53125 0.5828125 0.17578125 0.17109375
2 0.61015625 0.7421875 0.16953125 0.1203125
2 0.74609375 0.35234375 0.203125 0.11796875
2 0.75625 0.2390625 0.16171875 0.10859375
2 0.63671875 0.16875 0.12265625 0.1203125
2 0.7328125 0.1265625 0.08828125 0.13125
2 0.78515625 0.44296875 0.159375 0.078125