15 0.123046875 0.302734375 0.0625 0.359375 0.05078125 0.39453125 0.041015625 0.40234375 0.02734375 0.48046875 0.029296875 0.57421875 0.060546875 0.6484375 0.095703125 0.69921875 0.162109375 0.763671875 0.265625 0.828125 0.361328125 0.86328125 0.5 0.892578125 0.677734375 0.888671875 0.759765625 0.875 0.826171875 0.849609375 0.896484375 0.8046875 0.923828125 0.779296875 0.974609375 0.708984375 0.99609375 0.646484375 0.98828125 0.552734375 0.97265625 0.517578125 0.97265625 0.501953125 0.986328125 0.494140625 0.986328125 0.47265625 0.970703125 0.443359375 0.970703125 0.419921875 0.955078125 0.39453125 0.90625 0.34375 0.8515625 0.302734375 0.734375 0.25 0.708984375 0.224609375 0.69140625 0.22265625 0.666015625 0.234375 0.6171875 0.22265625 0.58984375 0.205078125 0.55078125 0.2109375 0.39453125 0.203125 0.31640625 0.21484375 0.220703125 0.25 0.123046875 0.302734375
11 0.121875 0.528125 0.05859375 0.053125
11 0.1875 0.41171875 0.06875 0.06484375
11 0.3453125 0.40546875 0.059375 0.05234375
11 0.24765625 0.59765625 0.0703125 0.05625
11 0.3453125 0.29921875 0.046875 0.0609375
11 0.43359375 0.37265625 0.07890625 0.02421875
11 0.375 0.48203125 0.05546875 0.0484375
11 0.27890625 0.503125 0.0640625 0.04375
11 0.425 0.63203125 0.0671875 0.0625
11 0.496875 0.6953125 0.08359375 0.06640625
11 0.63359375 0.709375 0.075 0.07734375
11 0.53984375 0.5703125 0.05 0.046875
11 0.5890625 0.58203125 0.0484375 0.05078125
11 0.509375 0.40703125 0.04375 0.03984375
11 0.56796875 0.3671875 0.05078125 0.0375
11 0.58125 0.3046875 0.04375 0.04140625
11 0.63828125 0.2453125 0.04453125 0.04296875
11 0.7 0.25234375 0.0453125 0.0625
11 0.6125 0.290625 0.03984375 0.040625
11 0.35390625 0.246875 0.06875 0.03984375
11 0.725 0.32109375 0.05 0.0359375
11 0.67109375 0.3828125 0.0640625 0.05
11 0.82578125 0.4015625 0.05703125 0.04609375
11 0.5921875 0.5078125 0.06328125 0.04765625
11 0.80078125 0.5171875 0.05 0.02421875
11 0.66484375 0.5515625 0.06640625 0.034375
11 0.8265625 0.65234375 0.0609375 0.0625
11 0.84296875 0.59140625 0.059375 0.05625
11 0.8171875 0.44453125 0.0546875 0.0375
11 0.7296875 0.45234375 0.05078125 0.04453125
19 0.8390625 0.71328125 0.1453125 0.04609375
19 0.4375 0.7640625 0.09921875 0.09453125
19 0.63515625 0.803125 0.0375 0.10078125
19 0.2046875 0.64296875 0.1203125 0.12734375
19 0.10703125 0.45859375 0.065625 0.06484375
19 0.1765625 0.34765625 0.084375 0.04453125
19 0.9265625 0.64765625 0.034375 0.11953125
9 0.3140625 0.46171875 0.07421875 0.046875
9 0.45859375 0.57109375 0.13046875 0.05859375
9 0.30234375 0.55 0.10234375 0.0421875
9 0.31640625 0.6328125 0.065625 0.0859375
9 0.35390625 0.35234375 0.04765625 0.04921875
9 0.4078125 0.334375 0.05078125 0.06328125
9 0.41953125 0.25625 0.03671875 0.0625
9 0.5828125 0.3390625 0.11171875 0.05390625
9 0.56796875 0.6625 0.06796875 0.0734375
9 0.6953125 0.621875 0.11015625 0.0640625
9 0.70625 0.8234375 0.071875 0.07421875
9 0.77734375 0.6328125 0.03359375 0.04921875
9 0.26171875 0.7890625 0.0671875 0.053125