15 0.17461594062500002 0.7919905468749999 0.220834428125 0.8340073531250001 0.3384814859375 0.8676207984375001 0.45402770468750003 0.8802258406249999 0.493943671875 0.8760241593750001 0.5212545953125 0.8949317234375 0.5896172546875 0.8984375 0.611770175 0.8984375 0.6809184609375001 0.8928308828124999 0.7229352671875 0.85501575625 0.7922629984375 0.8214023109375 0.8846999734375001 0.7289653359375 0.9372209828125 0.65123424375 0.9624310656249999 0.5777048328125 0.9765625 0.45052192656249995 0.9765625 0.44434660625 0.9519268640625 0.40123424375 0.9456243437499999 0.33610819375 0.9309184609375001 0.3024947484375 0.9036075374999999 0.27518382343750003 0.7964646796875 0.226864496875 0.6557083765625 0.1386292015625 0.5443638390625 0.1197216390625 0.4330193015625 0.1176207984375 0.3800544890625 0.1078125 0.3735999875 0.1078125 0.31117056249999997 0.1239233203125 0.23764115000000002 0.1701418078125 0.1557083765625 0.1911502109375 0.0674730828125 0.2541754203125 0.0254562765625 0.3024947484375 0.0002461921875 0.3644695375 0.0002461921875 0.6064163171875 0.0443638390625 0.699553571875 0.11369157031249999 0.7667804625 0.17461594062500002 0.7919905468749999
1 0.18828125 0.49453125 0.0986328125 0.0826171875
1 0.31328125 0.46171875 0.0703125 0.0611328125
1 0.2984375 0.559375 0.10625 0.1033203125
1 0.41171875 0.6546875 0.0669921875 0.0626953125
1 0.51171875 0.63828125 0.046875 0.0892578125
1 0.415625 0.515625 0.0591796875 0.0814453125
1 0.2625 0.32734375 0.0873046875 0.0419921875
1 0.62265625 0.3375 0.203125 0.05625
1 0.68046875 0.51796875 0.1201171875 0.1078125
1 0.75078125 0.4234375 0.09375 0.046484375
1 0.44921875 0.27578125 0.0890625 0.0794921875
1 0.3515625 0.384375 0.046484375 0.09375
1 0.24140625 0.4171875 0.0453125 0.1251953125