15 1 0.39051339375 0.984375 0.35479910625 0.9553571421875 0.32578125 0.8415178578125 0.2744419640625 0.6919642859375 0.180691965625 0.5736607140625 0.160602678125 0.45535714218749995 0.15837053437499998 0.39508928593750003 0.1472098234375 0.3258928578125 0.165066965625 0.2477678578125 0.21417410625 0.16071428593749998 0.2364955359375 0.0669642859375 0.303459821875 0.022321428125 0.35479910625 0 0.4096726171875 0 0.6871403765624999 0.0424107140625 0.7766741078125 0.116071428125 0.8481026796875 0.180803571875 0.87488839375 0.2299107140625 0.91953125 0.35491071406249997 0.9552455359375 0.477678571875 0.96863839375 0.5200892859375 0.96417410625 0.5491071421875 0.98426339375 0.6361607140625 0.9887276796875 0.71875 0.98203125 0.7633928578125 0.9418526796875 0.8370535718750001 0.90613839375 0.9352678578125 0.80792410625 0.9910714281249999 0.725334821875 1 0.699293153125 1 0.39051339375
1 0.1953125 0.559375 0.1060546875 0.0875
1 0.328125 0.52421875 0.075 0.065625
1 0.31328125 0.628125 0.1125 0.112109375
1 0.43359375 0.7296875 0.0703125 0.0685546875
1 0.5390625 0.71171875 0.0498046875 0.0953125
1 0.4375 0.58203125 0.0625 0.0875
1 0.275 0.38125 0.093359375 0.04375
1 0.65703125 0.39140625 0.215625 0.059375
1 0.71875 0.58359375 0.125390625 0.1142578125
1 0.79375 0.48359375 0.0998046875 0.0482421875
1 0.47265625 0.3265625 0.094921875 0.084375
1 0.36875 0.4421875 0.04921875 0.1
1 0.25234375 0.4765625 0.048046875 0.133984375