15 0.470703125 0.171875 0.36328125 0.18359375 0.25390625 0.21484375 0.2109375 0.25390625 0.154296875 0.27734375 0.08984375 0.33984375 0.037109375 0.451171875 0.025390625 0.50390625 0.025390625 0.59375 0.072265625 0.708984375 0.111328125 0.75390625 0.193359375 0.8125 0.26953125 0.83203125 0.337890625 0.875 0.3984375 0.890625 0.451171875 0.880859375 0.5546875 0.87890625 0.658203125 0.861328125 0.7890625 0.779296875 0.888671875 0.734375 0.9140625 0.708984375 0.927734375 0.677734375 0.93359375 0.6171875 0.95703125 0.576171875 0.943359375 0.453125 0.919921875 0.384765625 0.87109375 0.3125 0.78515625 0.2265625 0.720703125 0.1953125 0.681640625 0.16015625 0.609375 0.154296875 0.533203125 0.158203125 0.5078125 0.17578125 0.470703125 0.171875
1 0.2234375 0.51484375 0.0921875 0.0765625
1 0.33984375 0.484375 0.065625 0.05703125
1 0.3265625 0.575 0.0984375 0.096875
1 0.43203125 0.66328125 0.06171875 0.059375
1 0.525 0.64765625 0.04296875 0.08359375
1 0.43515625 0.534375 0.0546875 0.0765625
1 0.29296875 0.35859375 0.08046875 0.03828125
1 0.62734375 0.36796875 0.1890625 0.05234375
1 0.68125 0.5359375 0.1109375 0.10078125
1 0.746875 0.4484375 0.08671875 0.0421875
1 0.46640625 0.3109375 0.0828125 0.0734375
1 0.375 0.41171875 0.0421875 0.0875
1 0.2734375 0.4421875 0.0421875 0.11640625