15 0.18359375 0.1822916671875 0.125 0.265625 0.09375 0.3385416671875 0.078125 0.4036458328125 0.083984375 0.546875 0.0703125 0.5859375 0.0703125 0.609375 0.0859375 0.6822916671875 0.13671875 0.7786458328125 0.158203125 0.8385416671874999 0.275390625 0.9010416671874999 0.29296875 0.9036458328125001 0.318359375 0.8854166671874999 0.326171875 0.9244791671874999 0.341796875 0.9375 0.478515625 0.953125 0.578125 0.9322916671874999 0.634765625 0.9401041671874999 0.705078125 0.8932291671874999 0.716796875 0.8984375 0.720703125 0.9140625 0.74609375 0.9088541671874999 0.765625 0.8776041671874999 0.76171875 0.8333333328125001 0.76953125 0.8098958328125001 0.802734375 0.7942708328125 0.849609375 0.7213541671875 0.875 0.6979166671875 0.908203125 0.6276041671875 0.935546875 0.4505208328125 0.90625 0.3177083328125 0.8828125 0.265625 0.8203125 0.1875 0.73828125 0.1432291671875 0.734375 0.1276041671875 0.705078125 0.1197916671875 0.66015625 0.07552083281250001 0.630859375 0.0625 0.4609375 0.0442708328125 0.37890625 0.0546875 0.2890625 0.0859375 0.18359375 0.1822916671875
15 0.058762642187500005 0.0802072296875 0.1336037578125 0.070661496875 0.2012862171875 0.0498346171875 0.2900390328125 0.00043402812500000003 0.0021437328124999998 0 0 0.081942746875 0.058762642187500005 0.0802072296875
7 0.4421875 0.178125 0.034375 0.0453125
7 0.22890625 0.72734375 0.04453125 0.05234375
7 0.30546875 0.1125 0.04140625 0.05625
7 0.259375 0.2375 0.0515625 0.05234375
7 0.453125 0.340625 0.02265625 0.02734375
7 0.52890625 0.15859375 0.075 0.05859375
7 0.32578125 0.2546875 0.034375 0.0296875
7 0.33828125 0.209375 0.02578125 0.0390625
7 0.30625 0.30625 0.025 0.02890625
7 0.29921875 0.51484375 0.040625 0.0390625
7 0.35234375 0.540625 0.0546875 0.0703125
7 0.40703125 0.58671875 0.0640625 0.0421875
7 0.42734375 0.64921875 0.03125 0.034375
7 0.48984375 0.5234375 0.0421875 0.0734375
7 0.22734375 0.72734375 0.0484375 0.0484375
7 0.32578125 0.88046875 0.0234375 0.03515625
7 0.21484375 0.5109375 0.05 0.02734375
7 0.228125 0.446875 0.03203125 0.06015625
7 0.25 0.3359375 0.025 0.0359375
7 0.15078125 0.3109375 0.028125 0.03203125
7 0.459375 0.74140625 0.046875 0.07578125
7 0.5921875 0.75703125 0.04453125 0.03359375
7 0.5453125 0.86796875 0.06171875 0.09765625
7 0.55546875 0.48515625 0.0375 0.065625
7 0.628125 0.54375 0.0421875 0.05234375
7 0.67265625 0.48984375 0.02265625 0.02578125
7 0.70546875 0.54296875 0.015625 0.0359375
7 0.78203125 0.46171875 0.0515625 0.08984375
7 0.8421875 0.63984375 0.01875 0.0375
7 0.6328125 0.42734375 0.0265625 0.025
7 0.546875 0.2421875 0.0296875 0.06015625
7 0.7578125 0.3078125 0.02578125 0.05
7 0.75625 0.3734375 0.0234375 0.05703125
7 0.70546875 0.134375 0.03046875 0.02578125