15 0.3062846125 0.0673630625 0.25776140625 0.11511587187500001 0.2261158359375 0.1235428390625 0.2218964265625 0.14039676875 0.13328883125 0.18814957968749998 0.0657782828125 0.2724192421875 0.040461828125 0.3285990171875 0.0088162578125 0.4718574453125 0.0383521234375 0.6628686796875 0.0742171015625 0.738711378125 0.1016432625 0.7639922765625 0.1522761734375 0.8426439609375 0.188141153125 0.8594978937500001 0.196579971875 0.88477879375 0.1923605625 0.9325316015625 0.21345760781249998 0.9662394671874999 0.24088376875 0.9718574453125 0.24510317812500002 0.9550035109375001 0.25776140625 0.9493855328125 0.3314428390625 0.9984375 0.3446724578125 0.9984375 0.3948922078125 0.991520365625 0.4280112671875 0.9984375 0.6387828625 0.9984375 0.65016646875 0.9971383421875 0.66704410625 0.9830933999999999 0.6754829250000001 0.94095856875 0.702909084375 0.9606214890624999 0.7218964265625 0.9578125015625 0.8484787046875001 0.8903967703125 0.87168545625 0.825790028125 0.9265377765625 0.7218574453125 0.9421875 0.6489279765625 0.9421875 0.6144214609375 0.92864748125 0.5757900296875 0.9349765953125001 0.42129564531249997 0.9180989578125001 0.351070928125 0.884343684375 0.2724192421875 0.8210525453124999 0.182531603125 0.70712849375 0.07859901875 0.6100820812500001 0.044891153125 0.5214744859375 0.0336551984375 0.3379301828125 0.05331811875 0.3062846125 0.0673630625
15 0 0 0 0.071875 0.2203125 0.071875 0.2203125 0.07148142656249999 0.14965218281249998 0.03220651875 0.0765437046875 0.00974156875 0.0000597453125 0 0 0
7 0.41015625 0.178125 0.036328125 0.049609375
7 0.1796875 0.7703125 0.047265625 0.05625
7 0.2625 0.1078125 0.04453125 0.059765625
7 0.2125 0.2421875 0.055859375 0.05625
7 0.421875 0.353125 0.025 0.03046875
7 0.503125 0.15703125 0.0810546875 0.0638671875
7 0.284375 0.26015625 0.0373046875 0.0326171875
7 0.29765625 0.21171875 0.028125 0.0421875
7 0.26328125 0.315625 0.0267578125 0.03125
7 0.25625 0.540625 0.04375 0.04296875
7 0.31328125 0.56875 0.059375 0.075390625
7 0.37265625 0.61875 0.06875 0.044140625
7 0.39375 0.6859375 0.034375 0.0375
7 0.46171875 0.55 0.0455078125 0.0783203125
7 0.178125 0.7703125 0.0529296875 0.0529296875
7 0.284375 0.9359375 0.025 0.0375
7 0.16484375 0.53671875 0.0544921875 0.0296875
7 0.17890625 0.46796875 0.0357421875 0.0642578125
7 0.20234375 0.3484375 0.0267578125 0.040234375
7 0.0953125 0.32109375 0.0310546875 0.034375
7 0.428125 0.7859375 0.05 0.0814453125
7 0.571875 0.80234375 0.047265625 0.0359375
7 0.521875 0.92265625 0.0658203125 0.1048828125
7 0.5328125 0.50859375 0.040625 0.0703125
7 0.6109375 0.57265625 0.046484375 0.05625
7 0.65859375 0.5140625 0.025 0.028125
7 0.69453125 0.57109375 0.0171875 0.0390625
7 0.77734375 0.48359375 0.055078125 0.096875
7 0.8421875 0.6765625 0.021484375 0.040625
7 0.61640625 0.446875 0.0294921875 0.0279296875
7 0.52265625 0.246875 0.0326171875 0.0654296875
7 0.75078125 0.31796875 0.028125 0.0544921875
7 0.74921875 0.3890625 0.0263671875 0.0623046875
7 0.69453125 0.13125 0.0328125 0.028125