15 0.7743337390625 0.066941384375 0.6964116609375 0.014918262500000001 0.6336411 0.0235887828125 0.5232514875 0.00046739531249999995 0.3717363359375 0.0178084359375 0.35442031875 0.032259303125 0.3457623109375 0.075611903125 0.31762378281250003 0.05538069062499999 0.2981432625 0.058270864062500004 0.1682731328125 0.12763502499999999 0.144463609375 0.1941090140625 0.088186553125 0.3010454296875 0.0708705359375 0.3819702859375 0.0708705359375 0.40798184531250004 0.08602205 0.45133444687499996 0.07952854375 0.6102939843749999 0.0968445609375 0.6825483203125 0.131476596875 0.763473175 0.1964116609375 0.855958725 0.313294778125 0.9628951406249999 0.3839316734375 0.9875 0.69524316875 0.9875 0.7245501890625 0.974455834375 0.7743337390625 0.9253228859375 0.8068012734375 0.916652365625 0.811130275 0.8993113265625 0.90203936875 0.850178378125 0.9713034374999999 0.763473175 0.996875 0.7065653609375 0.996875 0.356295290625 0.9626454265625 0.2837043890625 0.9345068984375 0.257692828125 0.8825588484375 0.1767679734375 0.8457623109375 0.1594269328125 0.8371043031250001 0.13341537187500002 0.8414333062500001 0.0842824234375 0.8197882859375 0.04960034375 0.7916497578125 0.043819996875 0.7873207515625 0.0611610375 0.7743337390625 0.066941384375
7 0.48359375 0.128125 0.038671875 0.05
7 0.246875 0.7375 0.0498046875 0.056640625
7 0.33203125 0.05625 0.0455078125 0.0625
7 0.28046875 0.19453125 0.0576171875 0.0580078125
7 0.4953125 0.30859375 0.0251953125 0.0298828125
7 0.57890625 0.10625 0.0828125 0.065234375
7 0.3546875 0.21328125 0.0375 0.0330078125
7 0.36796875 0.1625 0.0294921875 0.04375
7 0.3328125 0.2703125 0.028125 0.031640625
7 0.325 0.5015625 0.044140625 0.043359375
7 0.38359375 0.53046875 0.0609375 0.078125
7 0.4453125 0.58203125 0.07109375 0.046875
7 0.4671875 0.65078125 0.0345703125 0.0388671875
7 0.53671875 0.5109375 0.046875 0.08125
7 0.24609375 0.7375 0.0544921875 0.0533203125
7 0.3546875 0.9078125 0.025390625 0.03984375
7 0.23203125 0.49765625 0.0548828125 0.0298828125
7 0.246875 0.4265625 0.037109375 0.0658203125
7 0.2703125 0.30390625 0.028125 0.0392578125
7 0.16015625 0.27578125 0.03125 0.0359375
7 0.50234375 0.75390625 0.0515625 0.084375
7 0.65 0.77109375 0.0498046875 0.0375
7 0.5984375 0.89453125 0.0685546875 0.1080078125
7 0.609375 0.46875 0.0408203125 0.0720703125
7 0.68984375 0.534375 0.0455078125 0.056640625
7 0.7390625 0.47421875 0.025390625 0.029296875
7 0.77578125 0.5328125 0.0171875 0.0404296875
7 0.86015625 0.44296875 0.0576171875 0.1
7 0.9265625 0.640625 0.0216796875 0.0408203125
7 0.6953125 0.40546875 0.02890625 0.028125
7 0.59921875 0.19921875 0.0328125 0.0671875
7 0.83359375 0.27265625 0.029296875 0.055078125
7 0.83125 0.3453125 0.025390625 0.0626953125
7 0.77578125 0.0796875 0.0330078125 0.0283203125