15 0 0.810546875 0.1184668984375 0.869140625 0.139372821875 0.888671875 0.1707317078125 0.88671875 0.24738675937500001 0.84765625 0.3693379796875 0.740234375 0.38675958125 0.73828125 0.4006968640625 0.74609375 0.40418118437499995 0.798828125 0.4494773515625 0.794921875 0.470383275 0.75390625 0.43902439062500004 0.720703125 0.470383275 0.66796875 0.5400696859375 0.60546875 0.55400696875 0.564453125 0.595818815625 0.5390625 0.65156794375 0.455078125 0.693379790625 0.427734375 0.71080139375 0.390625 0.742160278125 0.380859375 0.7804878046875 0.353515625 0.7944250875 0.302734375 0.850174215625 0.2421875 0.843205575 0.2265625 0.717770034375 0.197265625 0.5156794421875001 0.19140625 0.379790940625 0.197265625 0.2787456453125 0.2109375 0.13240418125 0.251953125 0 0.31640625 0 0.513671875 0.0209059234375 0.52734375 0.0209059234375 0.546875 0 0.572265625 0 0.810546875
15 1 0.51953125 0.9686411156249999 0.51171875 0.9616724734375 0.494140625 0.909407665625 0.490234375 0.8606271781249999 0.513671875 0.66202090625 0.529296875 0.60278745625 0.52734375 0.5505226484375 0.560546875 0.5331010453125 0.615234375 0.620209059375 0.68359375 0.7142857140625 0.705078125 0.7351916375 0.74609375 0.777003484375 0.7890625 0.7944250875 0.861328125 0.8466898953124999 0.8984375 0.92682926875 0.89453125 1 0.875 1 0.51953125
11 0.81796875 0.5671875 0.0515625 0.0359375
11 0.63203125 0.53515625 0.075 0.021875
11 0.71953125 0.65 0.0640625 0.03125
11 0.81640625 0.74609375 0.0625 0.0390625
11 0.91484375 0.76484375 0.04609375 0.0296875
11 0.92734375 0.609375 0.0390625 0.03203125
11 0.85234375 0.834375 0.05 0.02734375
11 0.24921875 0.73359375 0.0671875 0.025
11 0.1671875 0.6046875 0.03671875 0.01953125
11 0.2875 0.5859375 0.0546875 0.0375
11 0.37109375 0.6359375 0.034375 0.0234375
11 0.53125 0.5140625 0.0625 0.0296875
11 0.3296875 0.49453125 0.03984375 0.02265625
11 0.40078125 0.3375 0.0328125 0.02109375
7 0.17890625 0.50546875 0.09609375 0.05546875
7 0.10703125 0.79296875 0.12421875 0.0484375
7 0.08125 0.6796875 0.0984375 0.10390625
7 0.0734375 0.565625 0.07734375 0.0625
7 0.28359375 0.41328125 0.1125 0.08671875
7 0.553125 0.31640625 0.07421875 0.03828125
7 0.4171875 0.3953125 0.096875 0.0484375
7 0.05078125 0.40546875 0.06484375 0.075
7 0.228125 0.33515625 0.1546875 0.05546875
7 0.22578125 0.578125 0.03046875 0.06640625
7 0.53984375 0.38984375 0.12265625 0.02265625