15 0.1147038265625 0.9140625 0.132614259375 0.9140625 0.1494053171875 0.9130208328125 0.23149486874999997 0.8713541656249999 0.362091884375 0.7567708328125 0.3807486015625 0.7546875 0.3956739734375 0.7630208328125 0.3994053171875 0.8192708328125 0.4479127796875 0.815104165625 0.47030083906250003 0.771354165625 0.43671875 0.7359375 0.47030083906250003 0.6796875 0.5449277046875001 0.6130208328125 0.559853078125 0.5692708328125 0.6046291984375001 0.5421875 0.664330690625 0.45260416562500005 0.7091068093749999 0.4234375 0.7277635265625 0.38385416562499997 0.761345615625 0.3734375 0.8023903921875 0.34427083281250004 0.817315765625 0.29010416562499997 0.8765625 0.22601277656250002 0.8765625 0.2245052078125 0.8695545703124999 0.20885416562499998 0.7352262125 0.177604165625 0.5188083031249999 0.171354165625 0.3732859140625 0.177604165625 0.26507695937500003 0.1921875 0.108360540625 0.2359375 0.0001515859375 0.28840460625 0.0001515859375 0.84831495 0.09343516874999999 0.8942708328125001 0.1147038265625 0.9140625
15 0.7536380609375 0.7627604171875 0.7984141796875 0.80859375 0.817070896875 0.8856770828125 0.8726728203125 0.925 0.8784048609375 0.925 0.9588619406250001 0.92109375 0.9984375 0.9105716765625 0.9984375 0.499694009375 0.9961753734375 0.49401041718750005 0.940205225 0.48984375 0.8879664187499999 0.51484375 0.6752798515625 0.5315104171875 0.611847015625 0.529427084375 0.5558768671875 0.56484375 0.53722015 0.623177084375 0.6305037328124999 0.69609375 0.73125 0.7190104171875 0.7536380609375 0.7627604171875
11 0.84296875 0.571875 0.0548828125 0.0376953125
11 0.64296875 0.5375 0.0798828125 0.024609375
11 0.73671875 0.66015625 0.06875 0.0328125
11 0.840625 0.7625 0.068359375 0.0408203125
11 0.94609375 0.7828125 0.0486328125 0.0314453125
11 0.959375 0.61640625 0.0408203125 0.034375
11 0.87890625 0.85703125 0.053125 0.029296875
11 0.23359375 0.74921875 0.0732421875 0.0265625
11 0.14609375 0.61171875 0.0392578125 0.0203125
11 0.27421875 0.5921875 0.0580078125 0.0404296875
11 0.3640625 0.6453125 0.037109375 0.025
11 0.53515625 0.51484375 0.0671875 0.0326171875
11 0.31953125 0.49453125 0.0421875 0.0236328125
11 0.3953125 0.3265625 0.034765625 0.022265625
7 0.1578125 0.50625 0.103125 0.059375
7 0.08125 0.8125 0.131640625 0.0529296875
7 0.05390625 0.69140625 0.1048828125 0.1109375
7 0.0453125 0.56953125 0.083984375 0.0671875
7 0.2703125 0.4078125 0.121484375 0.09140625
7 0.55859375 0.3046875 0.0794921875 0.0408203125
7 0.41328125 0.38828125 0.103125 0.0515625
7 0.02578125 0.396875 0.0515625 0.078125
7 0.21015625 0.32421875 0.165625 0.059375
7 0.20859375 0.5828125 0.0328125 0.071484375
7 0.54453125 0.38203125 0.13125 0.0234375