15 0.3979043109375 0.39132653125 0.3249116109375 0.4566326515625 0.3103130703125 0.499489796875 0.26651745 0.5260204078124999 0.2081232890625 0.6137755109375 0.16432766875 0.6423469374999999 0.14607949375 0.6811224484375 0.11323277812500002 0.6913265296875 0.0730867921875 0.7198979578125 0.058488253125 0.7729591828125 0.0000940921875 0.8362244890625 0.0073933625 0.8525510187500001 0.13878022343750002 0.8831632656249999 0.34274160625 0.8890625 0.3556483765625 0.8890625 0.492794821875 0.8831632656249999 0.5986342375 0.86887755 0.7519189093749999 0.8260204078125 0.878125 0.7647338640625 0.878125 0.5444092796875 0.8687072312499999 0.53826530625 0.8687072312499999 0.5178571421875 0.878125 0.50644690625 0.878125 0.23618931875000002 0.76651745 0.18112245 0.744859146875 0.1609375 0.7410270328124999 0.1609375 0.711772925 0.1627551015625 0.631480953125 0.20357142968750003 0.5037437265625 0.315816325 0.4854955515625 0.3178571421875 0.47089701249999993 0.3096938765625 0.4672473765625 0.2545918359375 0.419802121875 0.25867346874999997 0.3979043109375 0.3015306109375 0.4307510265625 0.3362244890625 0.3979043109375 0.39132653125
15 0.6203695265625 0.8612085453124999 0.682413321875 0.8591677296875 0.8904425187499999 0.875494259375 0.941537409375 0.8999840562499999 0.9962819359375 0.8959024234375 0.9984375 0.8904783187499999 0.9984375 0.487827228125 0.9597855843750001 0.47753507656250005 0.8758439796875 0.47345344375 0.821099453125 0.5122289546875 0.8028512781250001 0.5877391578125 0.7590556578125 0.6326371171875 0.7371578484375 0.675494259375 0.6386177015625 0.6979432390625 0.5473768265625 0.7693718109375001 0.5656250015625 0.82651466875 0.6203695265625 0.8612085453124999
11 0.84609375 0.55390625 0.0544921875 0.0375
11 0.65078125 0.5203125 0.0794921875 0.022265625
11 0.74296875 0.640625 0.0671875 0.0314453125
11 0.84453125 0.740625 0.065625 0.040625
11 0.946875 0.7609375 0.0470703125 0.03125
11 0.9609375 0.59765625 0.040625 0.033203125
11 0.88203125 0.83359375 0.0517578125 0.028125
11 0.25078125 0.72734375 0.0705078125 0.0265625
11 0.1640625 0.59296875 0.040234375 0.0203125
11 0.28984375 0.5734375 0.057421875 0.03984375
11 0.37734375 0.62578125 0.0359375 0.025
11 0.5453125 0.49765625 0.065625 0.03125
11 0.334375 0.478125 0.041015625 0.02421875
11 0.40859375 0.3140625 0.034375 0.022265625
7 0.1765625 0.48984375 0.1001953125 0.0578125
7 0.1015625 0.7890625 0.128515625 0.0501953125
7 0.07421875 0.67109375 0.103125 0.1080078125
7 0.06640625 0.5515625 0.08125 0.065625
7 0.28671875 0.39296875 0.117578125 0.090625
7 0.56875 0.2921875 0.0779296875 0.040625
7 0.42578125 0.37421875 0.1013671875 0.0513671875
7 0.0421875 0.38515625 0.0685546875 0.0794921875
7 0.228125 0.3109375 0.1625 0.058984375
7 0.22578125 0.56484375 0.0326171875 0.0701171875
7 0.5546875 0.36875 0.128125 0.024609375