15 0.12109375 0 0 0.07421875 0 0.48046875 0.0078125 0.501953125 0 0.515625 0 0.99609375 1 1 1 0.013671875 0.982421875 0 0.12109375 0
19 0.6640625 0.09375 0.25546875 0.18671875
19 0.128125 0.184375 0.25625 0.23515625
19 0.37265625 0.19140625 0.2015625 0.19609375
19 0.0953125 0.434375 0.190625 0.184375
19 0.48828125 0.39375 0.17421875 0.2203125
19 0.3859375 0.725 0.2875 0.37421875
19 0.6953125 0.27578125 0.30546875 0.159375
19 0.87578125 0.2203125 0.171875 0.2015625
19 0.89140625 0.57734375 0.2171875 0.2796875
19 0.97890625 0.31484375 0.0421875 0.13359375
2 0.21875 0.0453125 0.12109375 0.08984375
2 0.47109375 0.3921875 0.12578125 0.09296875
2 0.659375 0.5984375 0.16796875 0.45390625
2 0.85546875 0.775 0.2046875 0.1828125
2 0.08984375 0.6640625 0.1796875 0.3203125
2 0.3328125 0.5359375 0.13125 0.4703125
2 0.82890625 0.13046875 0.3421875 0.1609375
2 0.8984375 0.36953125 0.203125 0.24375
0 0.17734375 0.553125 0.22109375 0.4625
0 0.64375 0.6453125 0.071875 0.1328125
0 0.70390625 0.52578125 0.0828125 0.05234375
0 0.5828125 0.4984375 0.0421875 0.0625
0 0.6015625 0.38203125 0.134375 0.06953125
0 0.765625 0.12890625 0.06328125 0.1125
0 0.6765625 0.1640625 0.08125 0.0546875