15 0 0 0 1 1 1 1 0 0 0
19 0.675 0.08046875 0.2845703125 0.1609375
19 0.1109375 0.15859375 0.221875 0.2609375
19 0.3515625 0.1671875 0.225 0.2185546875
19 0.075 0.43671875 0.15 0.2046875
19 0.48046875 0.3921875 0.19375 0.246484375
19 0.3671875 0.7609375 0.3189453125 0.4158203125
19 0.7109375 0.2609375 0.3404296875 0.1779296875
19 0.90703125 0.1984375 0.1859375 0.225
19 0.90390625 0.59609375 0.1921875 0.3109375
2 0.18046875 0.02734375 0.1357421875 0.0546875
2 0.46171875 0.390625 0.1392578125 0.1033203125
2 0.67109375 0.6203125 0.1861328125 0.5060546875
2 0.88671875 0.81484375 0.2263671875 0.2046875
2 0.06875 0.69375 0.1373046875 0.35625
2 0.3078125 0.55078125 0.1466796875 0.5234375
2 0.83359375 0.09921875 0.3328125 0.180078125
2 0.91171875 0.3640625 0.1763671875 0.271875
0 0.134375 0.56953125 0.2466796875 0.5142578125
0 0.65390625 0.67265625 0.0796875 0.1484375
0 0.7203125 0.53984375 0.091015625 0.0580078125
0 0.58515625 0.509375 0.0482421875 0.0689453125
0 0.60625 0.3796875 0.15 0.0779296875
0 0.7890625 0.09765625 0.071484375 0.125
0 0.690625 0.13671875 0.090625 0.0609375