15 0.0177687796875 0 0 0.010890542187500001 0 1 1 1 1 0 0.0177687796875 0
19 0.70859375 0.071875 0.2796875 0.1435546875
19 0.13125 0.14140625 0.2625 0.25625
19 0.390625 0.14921875 0.2216796875 0.2140625
19 0.09609375 0.41484375 0.1921875 0.201171875
19 0.5171875 0.37109375 0.190625 0.241796875
19 0.40546875 0.7328125 0.3140625 0.409375
19 0.74375 0.24140625 0.334375 0.1736328125
19 0.92265625 0.18046875 0.1546875 0.2203125
19 0.91953125 0.571875 0.1607421875 0.3060546875
2 0.221875 0.01953125 0.13203125 0.038671875
2 0.4984375 0.36953125 0.1375 0.1015625
2 0.7046875 0.5953125 0.183984375 0.496875
2 0.90234375 0.78515625 0.1953125 0.2015625
2 0.08984375 0.66640625 0.1796875 0.3513671875
2 0.34765625 0.5265625 0.14375 0.515234375
2 0.85 0.08515625 0.3 0.1703125
2 0.92734375 0.34296875 0.1453125 0.2671875
0 0.1765625 0.5453125 0.241015625 0.505859375
0 0.6875 0.646875 0.078125 0.144140625
0 0.753125 0.515625 0.090625 0.056640625
0 0.6203125 0.4859375 0.046875 0.06875
0 0.640625 0.35859375 0.146875 0.0763671875
0 0.8203125 0.08125 0.06875 0.124609375
0 0.7234375 0.11953125 0.08984375 0.060546875