15 1 0.20532146562500003 0.99453551875 0.20327228593750002 0.8961748640625 0.1971247453125 0.16393442656249999 0.18892802343749998 0.12021857968750001 0.1971247453125 0.032786885937499996 0.2504034328125 0 0.2859225578125 0 0.5477502828125 0.049180328125 0.5885181859374999 0.20491803281249998 0.6540919578125 0.32786885312499997 0.678682121875 0.3852459015625 0.6950755640625 0.40227361406249995 0.70625 0.4409152953125 0.70625 0.450819671875 0.7053214640625 0.5245901640625 0.678682121875 0.6284153 0.67253458125 0.6830601093750001 0.680731303125 0.7978142078125 0.6540919578125 0.8387978140625 0.6192558921875 0.9562841531249999 0.5721247453125 1 0.541387040625 1 0.20532146562500003
13 0.83046875 0.575 0.1232421875 0.0623046875
13 0.5234375 0.52578125 0.109765625 0.0576171875
13 0.7859375 0.271875 0.0689453125 0.0560546875
13 0.3921875 0.27734375 0.046484375 0.034375
13 0.57265625 0.34765625 0.075 0.0548828125
13 0.18046875 0.3671875 0.090625 0.034375
13 0.26328125 0.45078125 0.0703125 0.040625
11 0.1578125 0.4140625 0.05390625 0.031640625
11 0.309375 0.59921875 0.09453125 0.040625
11 0.43046875 0.61015625 0.0453125 0.0515625
11 0.4 0.57578125 0.0716796875 0.04375
11 0.56171875 0.5765625 0.0515625 0.03125
11 0.73046875 0.63984375 0.0544921875 0.0607421875
11 0.7578125 0.521875 0.0466796875 0.0251953125
11 0.975 0.45546875 0.05 0.0390625
11 0.659375 0.41484375 0.056640625 0.0357421875
11 0.5046875 0.290625 0.0279296875 0.025390625
11 0.459375 0.29375 0.037890625 0.015625
11 0.78671875 0.39296875 0.0265625 0.0392578125
11 0.58125 0.25625 0.06875 0.021875
11 0.6375 0.21328125 0.03125 0.0267578125
7 0.51875 0.61953125 0.0623046875 0.0638671875
7 0.36328125 0.65234375 0.0763671875 0.0513671875
7 0.15078125 0.55859375 0.053125 0.05625
7 0.33359375 0.2828125 0.0732421875 0.0310546875
7 0.3515625 0.33828125 0.0408203125 0.0375
7 0.2640625 0.31796875 0.0498046875 0.028125
7 0.21640625 0.37265625 0.0544921875 0.0375
7 0.828125 0.3796875 0.053125 0.0216796875
7 0.71953125 0.42734375 0.0671875 0.071875
7 0.403125 0.3765625 0.0376953125 0.0283203125
7 0.10234375 0.359375 0.0576171875 0.015625