15 1 0.37029969218750003 0.9972677593749999 0.36722592187499997 0.9535519125 0.3364882171875 0.8360655734375 0.2893570703125 0.7950819671875 0.2545210046875 0.68032786875 0.227881659375 0.625683059375 0.23607838124999997 0.5218579234375 0.22993084062500002 0.44808743125 0.203291496875 0.40437158437500004 0.19919313593750002 0.3825136609375 0.21353739843750003 0.32513661250000003 0.22993084062500002 0.20218579218750002 0.2545210046875 0.0464480875 0.320094775 0 0.3585977953125 0 0.6256503296875 0.0300546453125 0.6582095296875 0.11748633906249999 0.7114882171875 0.1562158453125 0.71875 0.244723403125 0.71875 0.8934426234374999 0.7114882171875 0.991803278125 0.7053406765625 1 0.70226690625 1 0.37029969218750003
13 0.828125 0.58515625 0.1220703125 0.0611328125
13 0.52109375 0.5359375 0.1109375 0.0564453125
13 0.78359375 0.28203125 0.069921875 0.055078125
13 0.38984375 0.2875 0.0453125 0.034375
13 0.56953125 0.3578125 0.075 0.055859375
13 0.17734375 0.37734375 0.090625 0.034375
13 0.26015625 0.4609375 0.0703125 0.040625
11 0.1546875 0.42421875 0.05390625 0.032421875
11 0.30703125 0.609375 0.0953125 0.040625
11 0.42734375 0.6203125 0.0453125 0.052734375
11 0.396875 0.5859375 0.0716796875 0.04375
11 0.559375 0.58671875 0.050390625 0.03125
11 0.728125 0.65078125 0.0533203125 0.0607421875
11 0.75546875 0.53203125 0.045703125 0.026171875
11 0.97421875 0.46640625 0.0515625 0.0390625
11 0.65703125 0.42578125 0.0578125 0.035546875
11 0.5015625 0.30078125 0.0279296875 0.0265625
11 0.45703125 0.3046875 0.0390625 0.015625
11 0.78359375 0.403125 0.0265625 0.040234375
11 0.57890625 0.26640625 0.06875 0.021875
11 0.63515625 0.2234375 0.03125 0.0279296875
7 0.515625 0.6296875 0.062109375 0.062890625
7 0.3609375 0.6625 0.0751953125 0.0501953125
7 0.14765625 0.56875 0.053125 0.05625
7 0.33125 0.29296875 0.0720703125 0.0298828125
7 0.3484375 0.3484375 0.041015625 0.0375
7 0.2609375 0.328125 0.0498046875 0.028125
7 0.21328125 0.3828125 0.0544921875 0.0375
7 0.825 0.38984375 0.053125 0.020703125
7 0.71640625 0.4375 0.0671875 0.071875
7 0.4 0.3875 0.0376953125 0.0283203125
7 0.1 0.36953125 0.0564453125 0.015625