15 1 0.41796875 0.96875 0.3828125 0.9270833328125001 0.353515625 0.8151041671874999 0.30859375 0.7760416671875 0.275390625 0.6666666671875 0.25 0.6145833328125 0.2578125 0.515625 0.251953125 0.4453125 0.2265625 0.4036458328125 0.22265625 0.3828125 0.236328125 0.328125 0.251953125 0.2109375 0.275390625 0.0625 0.337890625 0.013020832812499999 0.37890625 0 0.44921875 0.010416667187500001 0.484375 0 0.5 0 0.609375 0.046875 0.66015625 0.1302083328125 0.7109375 0.171875 0.71875 0.8697916671874999 0.7109375 0.9635416671874999 0.705078125 0.984375 0.697265625 1 0.681640625 1 0.41796875
13 0.8078125 0.590625 0.1171875 0.05859375
13 0.51484375 0.54375 0.10546875 0.05390625
13 0.76484375 0.30234375 0.06640625 0.053125
13 0.38984375 0.30703125 0.04296875 0.0328125
13 0.5609375 0.37421875 0.07109375 0.053125
13 0.1875 0.39296875 0.0859375 0.0328125
13 0.26640625 0.47265625 0.0671875 0.0390625
11 0.165625 0.4375 0.05234375 0.03046875
11 0.3109375 0.6140625 0.090625 0.03828125
11 0.42578125 0.62421875 0.04296875 0.04921875
11 0.396875 0.59140625 0.06796875 0.04140625
11 0.55078125 0.5921875 0.04921875 0.0296875
11 0.7125 0.653125 0.0515625 0.05703125
11 0.73828125 0.540625 0.04453125 0.025
11 0.959375 0.47890625 0.07109375 0.03671875
11 0.64453125 0.4390625 0.05546875 0.03359375
11 0.496875 0.31953125 0.02578125 0.025
11 0.45390625 0.3234375 0.0375 0.01484375
11 0.765625 0.41796875 0.025 0.03828125
11 0.56953125 0.2875 0.065625 0.0203125
11 0.6234375 0.24609375 0.0296875 0.0265625
7 0.509375 0.63359375 0.05859375 0.0609375
7 0.3625 0.66484375 0.07265625 0.0484375
7 0.159375 0.57578125 0.05 0.05390625
7 0.33359375 0.3125 0.06875 0.0296875
7 0.35078125 0.365625 0.0390625 0.0359375
7 0.2671875 0.34609375 0.046875 0.02734375
7 0.221875 0.39765625 0.0515625 0.03515625
7 0.8046875 0.4046875 0.05078125 0.01953125
7 0.70078125 0.45 0.0640625 0.06796875
7 0.4 0.40234375 0.03671875 0.02734375
7 0.11328125 0.3859375 0.05390625 0.01484375