15 1 0.1798688203125 0.9820627796875 0.1610566140625 0.9327354265625001 0.09154988750000001 0.9094170406250001 0.0691283625 0.10044843125 0.0691283625 0.0470852015625 0.116213565625 0 0.1868413671875 0 0.6450812765625 0.0919282515625 0.748500559375 0.19955156875 0.8426709640625001 0.3452914796875 0.9256306046875 0.491031390625 0.9816844171874999 0.7331838562499999 0.9996216375 0.8116591921874999 0.9996216375 0.8878923765625 0.9861687234375 0.977578475 0.9570207390625001 1 0.9416059406249999 1 0.1798688203125
19 0.20703125 0.415625 0.190625 0.143359375
19 0.409375 0.72734375 0.26171875 0.223046875
19 0.50625 0.45390625 0.2966796875 0.1890625
19 0.59140625 0.2265625 0.2169921875 0.1591796875
19 0.9046875 0.56328125 0.17265625 0.151171875
0 0.06171875 0.696875 0.0701171875 0.053125
0 0.8390625 0.80078125 0.099609375 0.263671875
0 0.2125 0.74921875 0.15625 0.186328125
0 0.21171875 0.27890625 0.0513671875 0.040625
0 0.38828125 0.17890625 0.034375 0.048046875
0 0.94609375 0.203125 0.1078125 0.081640625
0 0.89296875 0.615625 0.0576171875 0.0498046875
0 0.7546875 0.14453125 0.109375 0.0734375