15 1 0.1875 0.931640625 0.142578125 0.935546875 0.11328125 0.896484375 0.119140625 0.865234375 0.09765625 0.787109375 0.072265625 0.720703125 0.060546875 0.65234375 0.060546875 0.44140625 0.076171875 0.314453125 0.125 0.1875 0.197265625 0.09375 0.279296875 0 0.384765625 0 0.748046875 0.0546875 0.830078125 0.12109375 0.888671875 0.1484375 0.90234375 0.19921875 0.90625 0.26171875 0.9453125 0.30859375 0.96484375 0.458984375 0.9921875 0.58203125 0.9921875 0.693359375 0.953125 0.775390625 0.900390625 0.826171875 0.8515625 0.869140625 0.791015625 0.94921875 0.70703125 1 0.611328125 1 0.1875
19 0.19453125 0.3625 0.16640625 0.125
19 0.3703125 0.63359375 0.22734375 0.19375
19 0.4546875 0.3953125 0.2578125 0.16484375
19 0.52890625 0.19765625 0.18828125 0.13828125
19 0.8015625 0.490625 0.15078125 0.13125
0 0.0671875 0.60703125 0.06015625 0.04609375
0 0.74453125 0.69765625 0.0859375 0.2296875
0 0.1984375 0.65234375 0.13671875 0.1625
0 0.1984375 0.24296875 0.04375 0.0359375
0 0.3515625 0.15546875 0.0296875 0.04140625
0 0.84296875 0.178125 0.1 0.0734375
0 0.79140625 0.53671875 0.04921875 0.04296875
0 0.67109375 0.12578125 0.0953125 0.0640625