15 0.155198778125 0 0.11238532187500001 0.0275229359375 0.05275229375 0.08486238593749999 0.002293578125 0.155963303125 0 0.15836876093750002 0 0.96545298125 0.006880734375 0.9701834859374999 0.09862385312500001 1 0.44266055 1 0.5045871562500001 0.9954128437499999 0.653669725 0.9380733937500001 0.80275229375 0.8532110093749999 0.9128440359375001 0.7568807343749999 1 0.658830275 1 0.1720183484375 0.9587155968750001 0.11009174375 0.8807339453124999 0.041284403125 0.8486238531250001 0.0252293578125 0.7889908250000001 0.0206422015625 0.7559633031249999 0 0.155198778125 0
19 0.20546875 0.340625 0.1953125 0.146875
19 0.41171875 0.65859375 0.2671875 0.2267578125
19 0.5109375 0.3796875 0.3029296875 0.19375
19 0.59765625 0.146875 0.2205078125 0.1625
19 0.9140625 0.48984375 0.171875 0.154296875
0 0.05625 0.628125 0.0716796875 0.0533203125
0 0.8515625 0.734375 0.102734375 0.2689453125
0 0.2109375 0.68125 0.159765625 0.190625
0 0.21015625 0.20078125 0.0515625 0.0421875
0 0.38984375 0.0984375 0.035546875 0.04765625
0 0.953125 0.12265625 0.09375 0.0857421875
0 0.90703125 0.5453125 0.0580078125 0.0501953125
0 0.765625 0.0625 0.112109375 0.075