15 0.2752246515625 0.8562181453125 0.4254392421875 0.9248876734374999 0.585786528125 0.9625 0.6118998125 0.9625 0.61642636875 0.9613683609375 0.6228641374999999 0.9313254421874999 0.6378855953125 0.9141580609375 0.6400315187500001 0.8669477593750001 0.6679285140625 0.8583640671874999 0.6743662828125 0.8476344546875 0.6743662828125 0.7961323078125 0.7065551250000001 0.7703812359375 0.7387439640625 0.6759606328125 0.762349115625 0.6480636375 0.7816624203125 0.5686644953125 0.869645253125 0.3969906765625 0.9211473984375 0.25750569843750004 0.9726495453125 0.1952739375 0.978125 0.14234453593750002 0.978125 0.13163078749999998 0.9468984718750001 0.08583187812500001 0.9232933203125 0.0879778 0.8589156390625 0.1266044109375 0.8052675703125001 0.145917715625 0.4039800171875 0.377677371875 0.1335937515625 0.54720526875 0.006984309375 0.6459177171875 0.026297614062500002 0.6823984046875 0.09925898749999999 0.748922009375 0.2752246515625 0.8562181453125
8 0.16640625 0.359375 0.1044921875 0.1001953125
8 0.51640625 0.525 0.1640625 0.150390625
8 0.7375 0.7046875 0.137890625 0.115234375
8 0.390625 0.1921875 0.072265625 0.055859375
8 0.2828125 0.340625 0.108984375 0.094140625
12 0.33671875 0.49921875 0.0548828125 0.1232421875
12 0.25703125 0.359375 0.0638671875 0.0623046875
12 0.39765625 0.36796875 0.0546875 0.0859375
12 0.66171875 0.44609375 0.1017578125 0.0609375
12 0.725 0.5171875 0.0591796875 0.0435546875
8 0.659375 0.5640625 0.1033203125 0.0814453125
6 0.47578125 0.63984375 0.084375 0.0703125
6 0.3140625 0.25859375 0.09375 0.053125
6 0.5109375 0.153125 0.053125 0.043359375
6 0.684375 0.3828125 0.078125 0.0439453125
6 0.47421875 0.3828125 0.0982421875 0.059765625
12 0.57109375 0.4296875 0.0513671875 0.083984375
12 0.4609375 0.2421875 0.09375 0.0470703125
12 0.64296875 0.33515625 0.0611328125 0.075
7 0.60546875 0.6421875 0.0546875 0.0970703125
7 0.4375 0.17265625 0.08671875 0.045703125
7 0.55546875 0.22890625 0.0546875 0.060546875
7 0.60859375 0.378125 0.0484375 0.0623046875
7 0.57890625 0.3140625 0.048046875 0.044140625
7 0.85 0.7109375 0.071875 0.0595703125
12 0.746875 0.80390625 0.084765625 0.066796875