15 0.126953125 0.30078125 0.060546875 0.361328125 0.04296875 0.39453125 0.158203125 0.484375 0.404296875 0.638671875 0.76953125 0.849609375 0.818359375 0.8671875 0.876953125 0.90234375 0.8984375 0.904296875 0.927734375 0.861328125 0.921875 0.8046875 0.875 0.748046875 0.828125 0.62109375 0.748046875 0.46484375 0.73046875 0.392578125 0.708984375 0.3671875 0.6796875 0.28125 0.650390625 0.2578125 0.650390625 0.2109375 0.64453125 0.201171875 0.619140625 0.193359375 0.6171875 0.150390625 0.603515625 0.134765625 0.59765625 0.107421875 0.58203125 0.103515625 0.423828125 0.140625 0.287109375 0.203125 0.126953125 0.30078125
8 0.18828125 0.35234375 0.09453125 0.09140625
8 0.50703125 0.503125 0.14921875 0.13828125
8 0.70859375 0.66640625 0.1265625 0.10390625
8 0.3921875 0.2 0.06640625 0.05078125
8 0.29453125 0.33515625 0.0984375 0.08671875
12 0.34375 0.4796875 0.05 0.11171875
12 0.27109375 0.35234375 0.05703125 0.05625
12 0.39921875 0.36015625 0.04921875 0.078125
12 0.6390625 0.43125 0.09296875 0.05546875
12 0.696875 0.49609375 0.053125 0.0390625
8 0.6375 0.5390625 0.09453125 0.075
6 0.4703125 0.6078125 0.07734375 0.0640625
6 0.32265625 0.26015625 0.08515625 0.0484375
6 0.50234375 0.16484375 0.0484375 0.0390625
6 0.66015625 0.37421875 0.07109375 0.040625
6 0.46875 0.37421875 0.0890625 0.05546875
12 0.55703125 0.41640625 0.04609375 0.07578125
12 0.45625 0.24609375 0.0859375 0.04296875
12 0.621875 0.33046875 0.05625 0.06796875
7 0.58828125 0.61015625 0.05 0.0890625
7 0.43515625 0.1828125 0.078125 0.0421875
7 0.54296875 0.23359375 0.05 0.0546875
7 0.59140625 0.36953125 0.04375 0.05625
7 0.5640625 0.31171875 0.04296875 0.040625
7 0.8109375 0.67265625 0.065625 0.0546875
12 0.71640625 0.75703125 0.07734375 0.06015625