15 0 0.1419028765625 0.006623340625 0.2059285140625 0.0597206859375 0.27008780625 0.11281803125 0.413893115625 0.203525996875 0.5908842671875 0.2234375 0.672742671875 0.2477737828125 0.701503734375 0.280959625 0.7988488671875 0.3141454640625 0.8253975390624999 0.3141454640625 0.878494884375 0.32078263125 0.88955683125 0.3495436953125 0.8984063890625 0.351756084375 0.94707895625 0.367242809375 0.9647780718750001 0.373879978125 0.995751521875 0.378373890625 0.996875 0.40565305625 0.996875 0.57078263125 0.9581409031250001 0.725649890625 0.8873444421875 0.9070658187499999 0.7767249734375 0.946875 0.7404283656249999 0.946875 0.6273966609375 0.8716675875 0.5687603718750001 0.592906525 0.3939816109375 0.1791897125 0.155043559375 0.12387997656250001 0.135132053125 0.07225756093749999 0.104158603125 0.0256297765625 0.104158603125 0 0.14174894062500001 0 0.1419028765625
8 0.109375 0.3859375 0.1064453125 0.1033203125
8 0.47109375 0.55703125 0.16875 0.15625
8 0.6984375 0.74140625 0.14375 0.1173828125
8 0.340625 0.21328125 0.075 0.0576171875
8 0.2296875 0.36640625 0.1123046875 0.0984375
12 0.28515625 0.53046875 0.057421875 0.1265625
12 0.203125 0.3859375 0.0654296875 0.065234375
12 0.34765625 0.3953125 0.05625 0.0876953125
12 0.6203125 0.475 0.105859375 0.0625
12 0.68515625 0.5484375 0.0607421875 0.04375
8 0.61796875 0.59765625 0.1076171875 0.0857421875
6 0.42890625 0.675 0.0875 0.072265625
6 0.26171875 0.28203125 0.096875 0.0546875
6 0.46484375 0.1734375 0.0546875 0.04375
6 0.64375 0.41015625 0.0810546875 0.0455078125
6 0.42734375 0.41015625 0.101171875 0.063671875
12 0.52734375 0.45859375 0.0517578125 0.0859375
12 0.41328125 0.265625 0.096875 0.049609375
12 0.60078125 0.3609375 0.0638671875 0.077734375
7 0.5625 0.67734375 0.05625 0.1013671875
7 0.3890625 0.19375 0.087890625 0.047265625
7 0.5109375 0.2515625 0.0564453125 0.0623046875
7 0.565625 0.40546875 0.05 0.0638671875
7 0.534375 0.3390625 0.049609375 0.0466796875
7 0.8140625 0.7484375 0.0748046875 0.0623046875
12 0.7078125 0.84453125 0.0875 0.0673828125