15 1 0.2803736328125 0.9569672125 0.2604316078125 0.77663934375 0.2153496421875 0.618852459375 0.2092021 0.48975409843750006 0.221497184375 0.3790983609375 0.221497184375 0.30737704843749997 0.2419889859375 0.2520491796875 0.2727266921875 0.1270491796875 0.3178086578125 0 0.41983300156250003 0 0.7967313765624999 0.1065573765625 0.842398821875 0.299180328125 0.8936283296875001 0.424180328125 0.8956775125 0.5 0.9079725921874999 0.5389344265625 0.9059234125 0.5489626000000001 0.9109375 0.6808636531250001 0.9109375 0.72336065625 0.9079725921874999 0.813524590625 0.873136528125 0.8954918031249999 0.8546939046875 1 0.8116611171875 1 0.2803736328125
2 0.17578125 0.6171875 0.2 0.140625
2 0.06328125 0.42421875 0.1265625 0.0859375
2 0.22734375 0.3765625 0.1671875 0.078125
2 0.3 0.29296875 0.121875 0.0484375
2 0.42578125 0.34765625 0.1732421875 0.0484375
2 0.32578125 0.46875 0.1638671875 0.0904296875
2 0.49296875 0.67265625 0.1888671875 0.1388671875
2 0.60390625 0.4796875 0.1453125 0.075
2 0.67734375 0.60078125 0.125 0.104296875
2 0.53515625 0.27578125 0.1171875 0.05
2 0.69765625 0.3 0.128125 0.052734375
2 0.63828125 0.37421875 0.1048828125 0.05625
2 0.771875 0.38125 0.108984375 0.09296875
2 0.91328125 0.42109375 0.140625 0.0859375
0 0.45859375 0.53984375 0.109375 0.0875
0 0.40703125 0.39765625 0.171875 0.04375
0 0.59765625 0.32421875 0.0734375 0.0294921875
0 0.721875 0.4484375 0.1 0.0404296875
0 0.79453125 0.56484375 0.0732421875 0.0546875
0 0.9453125 0.396875 0.1091796875 0.046875