15 1 0.41477204375000004 0.8904958671875001 0.32683690625 0.764462809375 0.2813823609375 0.7086776859375 0.250390625 0.6363636359375 0.22972946875 0.5247933890625001 0.22972946875 0.3946280984375 0.2173327734375 0.23553719062499998 0.22353112187500002 0.0537190078125 0.2689856671875 0 0.293879840625 0 0.8180559140625 0.010330578125 0.8247707906249999 0.1157024796875 0.8681592203124999 0.1983471078125 0.8867542609375001 0.2892561984375 0.921878228125 0.35639741406250003 0.9265625 0.4617058390625 0.9265625 0.4752066109375 0.9198121125000001 0.514462809375 0.921878228125 0.5909090906250001 0.909481534375 0.7169421484375 0.90741541875 0.911157025 0.8557625265625 1 0.8176869671875 1 0.41477204375000004
2 0.1875 0.628125 0.200390625 0.143359375
2 0.06953125 0.43359375 0.138671875 0.086328125
2 0.23984375 0.3859375 0.16875 0.0783203125
2 0.31328125 0.3015625 0.1232421875 0.047265625
2 0.43984375 0.35703125 0.1736328125 0.0484375
2 0.3390625 0.47890625 0.1654296875 0.090625
2 0.50703125 0.684375 0.1892578125 0.1404296875
2 0.61875 0.48984375 0.146484375 0.076171875
2 0.69375 0.6125 0.1251953125 0.105859375
2 0.54921875 0.284375 0.117578125 0.05
2 0.7140625 0.30859375 0.128515625 0.053125
2 0.65390625 0.38359375 0.10625 0.0576171875
2 0.7890625 0.390625 0.109375 0.0935546875
2 0.9296875 0.4296875 0.140625 0.0873046875
0 0.47265625 0.55078125 0.1109375 0.0888671875
0 0.42109375 0.40703125 0.1734375 0.0451171875
0 0.6125 0.33359375 0.0748046875 0.0294921875
0 0.73828125 0.4578125 0.1013671875 0.0404296875
0 0.81171875 0.57578125 0.073046875 0.0546875
0 0.9546875 0.40625 0.090625 0.0470703125