15 1 0.33203125 0.890625 0.28515625 0.70703125 0.236328125 0.587890625 0.234375 0.515625 0.22265625 0.478515625 0.224609375 0.462890625 0.216796875 0.38671875 0.216796875 0.302734375 0.22265625 0.216796875 0.255859375 0.138671875 0.2734375 0.0390625 0.314453125 0 0.33984375 0 0.525390625 0.005859375 0.560546875 0 0.568359375 0 0.802734375 0.080078125 0.83984375 0.251953125 0.8828125 0.40234375 0.888671875 0.525390625 0.876953125 0.630859375 0.876953125 0.69921875 0.857421875 0.751953125 0.828125 0.87109375 0.78515625 1 0.681640625 1 0.33203125
2 0.20625 0.60546875 0.190625 0.134375
2 0.08828125 0.42265625 0.1453125 0.08046875
2 0.25625 0.3765625 0.159375 0.07421875
2 0.325 0.296875 0.115625 0.04609375
2 0.4453125 0.34921875 0.16484375 0.04609375
2 0.35 0.4640625 0.15546875 0.0859375
2 0.50859375 0.65859375 0.17890625 0.13203125
2 0.6140625 0.475 0.13828125 0.071875
2 0.68515625 0.590625 0.11875 0.09921875
2 0.5484375 0.28046875 0.11171875 0.04765625
2 0.70390625 0.303125 0.12265625 0.05
2 0.64765625 0.37421875 0.1 0.05390625
2 0.775 0.38046875 0.10390625 0.08828125
2 0.909375 0.41953125 0.134375 0.08203125
0 0.47578125 0.5328125 0.1046875 0.0828125
0 0.42734375 0.396875 0.16328125 0.0421875
0 0.60859375 0.3265625 0.0703125 0.02734375
0 0.72734375 0.44453125 0.0953125 0.03828125
0 0.796875 0.55625 0.06875 0.0515625
0 0.94453125 0.39609375 0.1109375 0.0453125