15 0.5 1 0.56640625 0.978515625 0.625 0.97265625 0.712890625 0.9375 0.759765625 0.90234375 0.86328125 0.796875 0.908203125 0.732421875 0.9375 0.708984375 0.94140625 0.681640625 0.958984375 0.658203125 0.970703125 0.60546875 0.990234375 0.5625 0.978515625 0.509765625 0.98046875 0.466796875 0.958984375 0.4296875 0.923828125 0.302734375 0.859375 0.23828125 0.822265625 0.212890625 0.716796875 0.16015625 0.60546875 0.123046875 0.560546875 0.095703125 0.51953125 0.09375 0.4765625 0.078125 0.34375 0.0703125 0.22265625 0.083984375 0.18359375 0.099609375 0.0390625 0.2265625 0 0.271484375 0 0.755859375 0.017578125 0.77734375 0.037109375 0.82421875 0.083984375 0.88671875 0.21484375 0.974609375 0.271484375 1 0.5 1
0 0.51015625 0.721875 0.134375 0.1328125
0 0.1796875 0.60546875 0.128125 0.090625
0 0.12265625 0.67578125 0.12265625 0.04921875
0 0.10625 0.46640625 0.02578125 0.059375
0 0.22734375 0.4484375 0.05859375 0.08828125
0 0.32734375 0.5078125 0.090625 0.06796875
0 0.22421875 0.2921875 0.07890625 0.0921875
0 0.40234375 0.20703125 0.04375 0.0578125
0 0.4875 0.25625 0.0671875 0.06953125
0 0.36640625 0.38828125 0.0546875 0.0296875
0 0.5328125 0.34140625 0.04453125 0.08203125
0 0.52109375 0.446875 0.0828125 0.0671875
0 0.68828125 0.44921875 0.0875 0.0984375
0 0.89140625 0.53125 0.2171875 0.078125
0 0.77578125 0.34375 0.19609375 0.08828125