15 0.4998046875 1 0.5662109375 0.978515625 0.6248046875 0.97265625 0.7126953125 0.9375 0.7595703125 0.90234375 0.8630859375 0.796875 0.9080078125 0.732421875 0.9373046875 0.708984375 0.9412109375 0.681640625 0.9587890625 0.658203125 0.9705078125 0.60546875 0.9890625 0.5646484375 0.9890625 0.55810546875 0.9783203125 0.509765625 0.9802734375 0.466796875 0.9587890625 0.4296875 0.9236328125 0.302734375 0.8591796875 0.23828125 0.8220703125 0.212890625 0.7166015625 0.16015625 0.6052734375 0.123046875 0.5603515625 0.095703125 0.5193359375 0.09375 0.4763671875 0.078125 0.3435546875 0.0703125 0.2224609375 0.083984375 0.1833984375 0.099609375 0.0388671875 0.2265625 0 0.271259765625 0 0.756098090625 0.0173828125 0.77734375 0.0369140625 0.82421875 0.0837890625 0.88671875 0.2146484375 0.974609375 0.2712890625 1 0.4998046875 1
0 0.51015625 0.721875 0.134375 0.131640625
0 0.1796875 0.60546875 0.128125 0.090625
0 0.12265625 0.67578125 0.1232421875 0.0486328125
0 0.10625 0.46640625 0.0251953125 0.059375
0 0.22734375 0.4484375 0.058203125 0.087890625
0 0.32734375 0.5078125 0.090625 0.068359375
0 0.22421875 0.2921875 0.079296875 0.09140625
0 0.40234375 0.20703125 0.04375 0.0578125
0 0.4875 0.25625 0.068359375 0.0689453125
0 0.36640625 0.38828125 0.0546875 0.0296875
0 0.5328125 0.34140625 0.0439453125 0.0826171875
0 0.52109375 0.446875 0.0828125 0.068359375
0 0.68828125 0.44921875 0.0875 0.0984375
0 0.89140625 0.53125 0.2171875 0.078125
0 0.77578125 0.34375 0.1955078125 0.0876953125