15 1 0.19340533124999998 0.9810924375000001 0.17166163437499998 0.8256302515625 0.0351070125 0.7836134453125 0.0183002890625 0.6533613453125 0.0035944078125 0.5105042015625 0.01199776875 0.46428571406249997 0.028804490625 0.4201680671875 0.03090533125 0.3718487390625 0.060317096875 0.252100840625 0.1002330625 0.1386554625 0.1569557515625 0.09873949531250001 0.1842666765625 0.0294117640625 0.2535944078125 0 0.3598035578125 0 0.6471518296875 0.0105042015625 0.6611574328125001 0.014705882812500001 0.6905691968750001 0.0462184875 0.71577928125 0.094537815625 0.7851070124999999 0.20588235312499997 0.898552390625 0.2563025203125 0.9363675171875 0.35084033593749997 0.9741826421875001 0.413865546875 0.9804851640625 0.464525040625 0.996875 0.7460818828125 0.996875 0.79201680625 0.9762834828125 0.932773109375 0.8817456671875 0.9831932765625 0.8145187765624999 1 0.7741826421875 1 0.19340533124999998
0 0.52578125 0.70546875 0.1451171875 0.1421875
0 0.1703125 0.58046875 0.1375 0.0982421875
0 0.10859375 0.65546875 0.1326171875 0.053125
0 0.09140625 0.43046875 0.026953125 0.0640625
0 0.22109375 0.4109375 0.0638671875 0.096484375
0 0.3296875 0.475 0.096875 0.074609375
0 0.21796875 0.2421875 0.084375 0.0998046875
0 0.409375 0.1515625 0.046875 0.0625
0 0.5015625 0.2046875 0.0720703125 0.0748046875
0 0.37109375 0.34609375 0.058203125 0.03125
0 0.55 0.2953125 0.049609375 0.0876953125
0 0.5375 0.40859375 0.087890625 0.0732421875
0 0.7171875 0.41171875 0.09375 0.10625
0 0.909375 0.5 0.1810546875 0.084375
0 0.8109375 0.2984375 0.209765625 0.096484375