15 0.122658340625 0 0.0741525421875 0.031779660937499996 0 0.124166434375 0 0.8554394953125 0.06355932187499999 0.898305084375 0.105932203125 0.9427966109374999 0.2237038875 1 0.8130704046874999 1 0.91737288125 0.9322033890625001 1 0.8448992640625 1 0.09857270312500001 0.9894067796874999 0.08686440625 0.9597457625000001 0.08262711874999999 0.9258474578125 0.061440678125 0.8402028765624999 0 0.122658340625 0
13 0.41953125 0.046875 0.0919921875 0.087890625
13 0.3078125 0.140625 0.1029296875 0.080859375
13 0.05703125 0.18515625 0.1140625 0.078125
13 0.196875 0.2359375 0.121484375 0.096484375
13 0.06328125 0.28828125 0.1265625 0.0890625
13 0.0421875 0.39609375 0.084375 0.0890625
13 0.1390625 0.378125 0.0841796875 0.0966796875
13 0.0453125 0.54453125 0.090625 0.1359375
13 0.1515625 0.4984375 0.090625 0.122265625
13 0.05546875 0.71484375 0.110546875 0.120703125
13 0.19140625 0.70703125 0.1109375 0.125
13 0.121875 0.84453125 0.137109375 0.1265625
13 0.2796875 0.94296875 0.1095703125 0.1140625
13 0.33984375 0.77578125 0.134375 0.1013671875
13 0.42421875 0.9296875 0.1296875 0.140625
13 0.29375 0.6234375 0.1185546875 0.1408203125
13 0.33984375 0.50390625 0.1048828125 0.103125
13 0.284375 0.41796875 0.155859375 0.0546875
13 0.2875 0.3234375 0.11875 0.1001953125
13 0.38515625 0.259375 0.0888671875 0.0845703125
13 0.51171875 0.1984375 0.125 0.109375
13 0.42421875 0.3671875 0.1046875 0.0845703125
13 0.43359375 0.5125 0.0671875 0.1216796875
13 0.42109375 0.675 0.1173828125 0.125390625
13 0.50859375 0.78828125 0.1423828125 0.0736328125
13 0.553125 0.6125 0.1251953125 0.1310546875
13 0.5609375 0.47578125 0.115625 0.1078125
13 0.53671875 0.33125 0.0859375 0.103515625
13 0.63515625 0.2765625 0.1138671875 0.1064453125
13 0.73828125 0.225 0.1017578125 0.100390625
13 0.684375 0.02578125 0.087890625 0.0513671875
13 0.88828125 0.31640625 0.1390625 0.0919921875
13 0.7125 0.37421875 0.087890625 0.0703125
13 0.74921875 0.4890625 0.1296875 0.09765625
13 0.75234375 0.61171875 0.140625 0.09375
13 0.6578125 0.72421875 0.128515625 0.0736328125
13 0.64296875 0.8625 0.1236328125 0.112109375
13 0.77421875 0.79921875 0.1046875 0.1515625
13 0.8828125 0.74375 0.0810546875 0.1126953125
13 0.9234375 0.6125 0.128515625 0.1283203125
13 0.89375 0.4875 0.1466796875 0.1001953125