15 0.28515625 0 0.1484375 0.06640625 0.109375 0.107421875 0.025390625 0.1640625 0.00390625 0.189453125 0 0.7578125 0.119140625 0.90625 0.17578125 0.943359375 0.263671875 0.984375 0.2734375 1 0.32421875 1 0.345703125 0.990234375 0.361328125 1 0.5703125 0.994140625 0.5859375 1 0.689453125 1 0.798828125 0.96484375 0.814453125 0.943359375 0.904296875 0.87890625 0.935546875 0.859375 0.962890625 0.85546875 1 0.814453125 1 0.185546875 0.896484375 0.076171875 0.779296875 0 0.548828125 0 0.517578125 0.009765625 0.48046875 0 0.28515625 0
13 0.4375 0.05625 0.084375 0.08203125
13 0.334375 0.14375 0.09453125 0.0734375
13 0.1015625 0.18671875 0.11171875 0.07265625
13 0.23203125 0.23125 0.11171875 0.08828125
13 0.10546875 0.2796875 0.12734375 0.08125
13 0.071875 0.38046875 0.1171875 0.08203125
13 0.17890625 0.3625 0.07734375 0.08828125
13 0.06875 0.51640625 0.1328125 0.1265625
13 0.190625 0.4734375 0.08359375 0.11328125
13 0.0921875 0.67421875 0.12265625 0.1109375
13 0.22734375 0.665625 0.10234375 0.11484375
13 0.1625 0.7921875 0.125 0.1171875
13 0.309375 0.89921875 0.1015625 0.134375
13 0.3640625 0.72890625 0.12421875 0.09296875
13 0.44453125 0.87890625 0.11953125 0.14296875
13 0.32109375 0.58828125 0.10859375 0.1296875
13 0.3640625 0.478125 0.096875 0.09453125
13 0.3125 0.3984375 0.14296875 0.05
13 0.315625 0.31171875 0.109375 0.09296875
13 0.40546875 0.25234375 0.08125 0.07890625
13 0.52265625 0.19609375 0.115625 0.10078125
13 0.44140625 0.35234375 0.096875 0.07890625
13 0.45 0.4859375 0.06171875 0.11171875
13 0.4390625 0.6359375 0.10859375 0.1171875
13 0.51953125 0.73984375 0.13125 0.06875
13 0.5609375 0.578125 0.115625 0.1203125
13 0.56796875 0.4515625 0.10625 0.09921875
13 0.54609375 0.31953125 0.0796875 0.09609375
13 0.63671875 0.26875 0.1046875 0.0984375
13 0.73125 0.22109375 0.09375 0.09375
13 0.68203125 0.03046875 0.08203125 0.0609375
13 0.86953125 0.30546875 0.128125 0.084375
13 0.7078125 0.35859375 0.08203125 0.06484375
13 0.74140625 0.46484375 0.11953125 0.090625
13 0.74453125 0.57734375 0.1296875 0.08671875
13 0.65703125 0.68125 0.11953125 0.06796875
13 0.64375 0.809375 0.11484375 0.10234375
13 0.76484375 0.75078125 0.09609375 0.13984375
13 0.8640625 0.69921875 0.07421875 0.1046875
13 0.90234375 0.57890625 0.11953125 0.11875
13 0.875 0.46328125 0.134375 0.09296875