15 0.22847765625 0 0.11802575156249999 0.05364806875 0.075107296875 0.098712446875 0 0.14936620312499999 0 0.8694505015624999 0.085836909375 0.9763948499999999 0.1218658234375 1 0.873715696875 1 0.9484978546875 0.9463519312500001 0.98283261875 0.924892703125 1 0.9224402203125001 1 0.1278646046875 0.9399141625 0.0643776828125 0.8408715750000001 0 0.22847765625 0
13 0.434375 0.04296875 0.093359375 0.0859375
13 0.321875 0.13828125 0.1033203125 0.0798828125
13 0.0671875 0.18515625 0.1220703125 0.0796875
13 0.21015625 0.23515625 0.1232421875 0.096875
13 0.0703125 0.28828125 0.1404296875 0.0892578125
13 0.0484375 0.396875 0.096875 0.0904296875
13 0.1515625 0.37890625 0.084375 0.096875
13 0.0515625 0.546875 0.103125 0.1375
13 0.16484375 0.50078125 0.0921875 0.123828125
13 0.0609375 0.71953125 0.121875 0.1234375
13 0.2046875 0.71171875 0.1125 0.1265625
13 0.13359375 0.8515625 0.1375 0.128125
13 0.29375 0.94609375 0.112109375 0.107421875
13 0.3546875 0.78125 0.13515625 0.10078125
13 0.440625 0.93359375 0.13125 0.1328125
13 0.3078125 0.62734375 0.1189453125 0.1423828125
13 0.3546875 0.50625 0.106640625 0.103515625
13 0.2984375 0.41875 0.1564453125 0.0560546875
13 0.3015625 0.32265625 0.121484375 0.1015625
13 0.40078125 0.2578125 0.0892578125 0.0873046875
13 0.52890625 0.19609375 0.1265625 0.1109375
13 0.43984375 0.36796875 0.10625 0.0861328125
13 0.45 0.51484375 0.0685546875 0.1232421875
13 0.4375 0.6796875 0.1189453125 0.128125
13 0.52578125 0.79375 0.1451171875 0.0751953125
13 0.57109375 0.61640625 0.126953125 0.132421875
13 0.57890625 0.47734375 0.1169921875 0.109375
13 0.5546875 0.33125 0.0875 0.1060546875
13 0.65390625 0.27578125 0.1142578125 0.1078125
13 0.7578125 0.2234375 0.103125 0.103125
13 0.70390625 0.0234375 0.089453125 0.046875
13 0.91015625 0.31640625 0.140625 0.0923828125
13 0.7328125 0.37421875 0.0904296875 0.0705078125
13 0.76953125 0.49140625 0.13125 0.098828125
13 0.77265625 0.615625 0.1421875 0.094140625
13 0.6765625 0.72890625 0.13125 0.075
13 0.66171875 0.86953125 0.1263671875 0.1125
13 0.7953125 0.80546875 0.105859375 0.154296875
13 0.9046875 0.7484375 0.08125 0.115234375
13 0.93984375 0.61484375 0.1203125 0.13125
13 0.91640625 0.48984375 0.1482421875 0.1015625