15 0.0078125 0 0 0.009765625 0 0.7265625 0.009765625 0.736328125 0.080078125 0.7890625 0.21875 0.857421875 0.306640625 0.9140625 0.416015625 0.95703125 0.642578125 0.982421875 0.73046875 1 0.912109375 1 1 0.9921875 1 0 0.0078125 0
13 0.23515625 0.53125 0.1921875 0.1453125
13 0.10703125 0.10546875 0.14375 0.096875
13 0.09375 0.25703125 0.15234375 0.140625
13 0.29296875 0.19140625 0.17734375 0.3125
13 0.49453125 0.33984375 0.159375 0.14140625
13 0.49375 0.4796875 0.196875 0.13359375
13 0.6015625 0.66640625 0.20859375 0.12109375
13 0.88515625 0.5921875 0.22890625 0.2109375
13 0.7984375 0.29453125 0.2890625 0.1109375
13 0.52421875 0.14609375 0.13125 0.078125
13 0.56953125 0.059375 0.14921875 0.0796875
13 0.87734375 0.0375 0.13515625 0.075
13 0.7828125 0.16484375 0.128125 0.11171875
13 0.67734375 0.01953125 0.1109375 0.0390625