15 0.7008196718749999 0 0.6700819671875 0.0061475406250000005 0.4323770484375 0.032786885937499996 0.31762295156250003 0.077868853125 0.2254098359375 0.13729508125 0.0799180328125 0.20901639374999997 0.0061475406250000005 0.2643442625 0 0.270491803125 0 1 1 1 1 0 0.7008196718749999 0
13 0.24296875 0.5203125 0.2015625 0.1529296875
13 0.1078125 0.0734375 0.1501953125 0.102734375
13 0.09453125 0.2328125 0.159375 0.1470703125
13 0.303125 0.1640625 0.18671875 0.327734375
13 0.51484375 0.3203125 0.1671875 0.147265625
13 0.5140625 0.46640625 0.2064453125 0.1392578125
13 0.62734375 0.6625 0.21875 0.12578125
13 0.9015625 0.5828125 0.196875 0.219140625
13 0.83359375 0.271875 0.3044921875 0.1158203125
13 0.54609375 0.11640625 0.1388671875 0.0826171875
13 0.5921875 0.0328125 0.1560546875 0.065625
13 0.91484375 0.0203125 0.1419921875 0.040625
13 0.8171875 0.1359375 0.134375 0.11640625