15 0.0023622046875 0 0 0.00295275625 0 0.73425196875 0.0059055125 0.7401574796875 0.07677165312499999 0.7933070859375 0.21653543281249998 0.862204725 0.30511811093749996 0.9192913390624999 0.41535433125 0.962598425 0.6437007875 0.9881889765625 0.70275590625 1 0.9817913390624999 1 1 0.9983814531249999 1 0 0.0023622046875 0
13 0.2328125 0.5328125 0.19375 0.1466796875
13 0.10390625 0.10390625 0.1451171875 0.0982421875
13 0.090625 0.25703125 0.153125 0.1419921875
13 0.29140625 0.190625 0.1794921875 0.3154296875
13 0.49453125 0.340625 0.160546875 0.14296875
13 0.49375 0.48125 0.199609375 0.134375
13 0.60234375 0.66953125 0.2107421875 0.121875
13 0.8859375 0.59375 0.228125 0.212109375
13 0.80078125 0.2953125 0.2919921875 0.1123046875
13 0.52421875 0.1453125 0.1328125 0.0783203125
13 0.5703125 0.0578125 0.1501953125 0.078515625
13 0.87890625 0.03671875 0.1359375 0.0732421875
13 0.78515625 0.1640625 0.1294921875 0.1125
13 0.678125 0.01875 0.1125 0.0375