15 1 0.1512747203125 0.8681818187499999 0.086221590625 0.7772727265625 0.06576704531250001 0.7159090906250001 0.0407670453125 0.6704545453125 0.0339488640625 0.39318181874999997 0.0339488640625 0.309090909375 0.0407670453125 0.11818181875 0.08394886406249999 0 0.127489534375 0 0.9984375 1 0.9984375 1 0.1512747203125
13 0.0375 0.2703125 0.075 0.10390625
13 0.225 0.6578125 0.175 0.146484375
13 0.08515625 0.84921875 0.163671875 0.1703125
13 0.36171875 0.87109375 0.144921875 0.154296875
13 0.43046875 0.728125 0.13125 0.162109375
13 0.159375 0.4015625 0.1439453125 0.122265625
13 0.265625 0.18203125 0.11875 0.109375
13 0.5109375 0.11640625 0.125 0.1078125
13 0.42421875 0.2875 0.1328125 0.093359375
13 0.7453125 0.1703125 0.128515625 0.105859375
13 0.94375 0.2859375 0.1125 0.128125
13 0.8359375 0.53671875 0.1439453125 0.1515625
13 0.88828125 0.88515625 0.1625 0.1419921875
13 0.6921875 0.92734375 0.162109375 0.1453125
13 0.49921875 0.3984375 0.1576171875 0.1375
13 0.65546875 0.31171875 0.1265625 0.1048828125
2 0.03828125 0.4546875 0.0765625 0.153125
2 0.04921875 0.6375 0.090625 0.187109375
2 0.340625 0.49140625 0.1376953125 0.1576171875
2 0.621875 0.6703125 0.2466796875 0.2314453125
2 0.678125 0.46953125 0.118359375 0.0923828125
2 0.80546875 0.35703125 0.0923828125 0.115625
2 0.8921875 0.6953125 0.215625 0.1185546875