15 1 0.15625 0.849609375 0.08203125 0.771484375 0.064453125 0.71875 0.04296875 0.6796875 0.037109375 0.44140625 0.037109375 0.369140625 0.04296875 0.205078125 0.080078125 0.09375 0.12109375 0 0.18359375 0 0.498046875 0.005859375 0.51953125 0 0.5234375 0 0.888671875 0.017578125 0.88671875 0.03125 0.8984375 0.15234375 0.9453125 0.337890625 1 0.51171875 0.994140625 0.52734375 1 0.890625 1 0.900390625 0.98828125 1 0.9375 1 0.15625
13 0.1109375 0.240625 0.11640625 0.090625
13 0.0390625 0.58671875 0.078125 0.1234375
13 0.296875 0.57265625 0.15078125 0.125
13 0.17734375 0.7375 0.140625 0.14609375
13 0.4140625 0.75625 0.12421875 0.13203125
13 0.4734375 0.63359375 0.11328125 0.13828125
13 0.240625 0.353125 0.12421875 0.10625
13 0.33125 0.16484375 0.10234375 0.09375
13 0.5421875 0.1078125 0.10703125 0.09296875
13 0.46796875 0.2546875 0.1140625 0.0796875
13 0.74375 0.15390625 0.1109375 0.090625
13 0.91953125 0.25546875 0.10234375 0.11015625
13 0.821875 0.46953125 0.12421875 0.13046875
13 0.86640625 0.76875 0.13984375 0.121875
13 0.69921875 0.80546875 0.13828125 0.125
13 0.53203125 0.35 0.134375 0.11796875
13 0.66640625 0.27578125 0.10859375 0.090625
2 0.1 0.40078125 0.1421875 0.13203125
2 0.14609375 0.55546875 0.078125 0.159375
2 0.39609375 0.43046875 0.11875 0.13515625
2 0.6375 0.584375 0.21171875 0.19921875
2 0.68671875 0.4109375 0.10078125 0.0796875
2 0.7953125 0.31484375 0.0796875 0.09921875
2 0.87421875 0.60703125 0.19375 0.1015625