15 0.0886299421875 0 0.08686440625 0.00211864375 0 0.046402459374999996 0 0.9151166625 0.141949153125 0.9851694921874999 0.2078625234375 1 0.7849018734375 1 0.8411016953124999 0.9872881359375001 0.9618644062499999 0.9427966109374999 1 0.91737288125 1 0.0880945875 0.898305084375 0.0487288140625 0.7329751828125 0 0.0886299421875 0
13 0.059375 0.18671875 0.11875 0.0982421875
13 0.0109375 0.5625 0.0216796875 0.1341796875
13 0.25859375 0.546875 0.1638671875 0.1345703125
13 0.128125 0.72578125 0.1529296875 0.1580078125
13 0.3859375 0.746875 0.1345703125 0.14375
13 0.45 0.61328125 0.1220703125 0.15
13 0.19765625 0.30859375 0.1357421875 0.1142578125
13 0.29609375 0.1046875 0.1109375 0.102734375
13 0.5234375 0.0453125 0.115625 0.090625
13 0.44375 0.20234375 0.1248046875 0.0859375
13 0.74296875 0.09296875 0.1203125 0.098046875
13 0.934375 0.20234375 0.112109375 0.1201171875
13 0.828125 0.43515625 0.1345703125 0.1419921875
13 0.8765625 0.76015625 0.152734375 0.1326171875
13 0.69453125 0.79921875 0.15 0.1359375
13 0.5140625 0.30625 0.146484375 0.128125
13 0.659375 0.225 0.1185546875 0.099609375
2 0.06015625 0.35859375 0.1203125 0.1421875
2 0.09453125 0.528125 0.084375 0.1720703125
2 0.36640625 0.39296875 0.1294921875 0.146875
2 0.628125 0.559375 0.230859375 0.2158203125
2 0.68125 0.371875 0.1091796875 0.087109375
2 0.79921875 0.2671875 0.0861328125 0.108984375
2 0.884375 0.584375 0.2095703125 0.1095703125