15 0.1953125 0 0.07421875 0.0859375 0 0.1614583328125 0.00390625 1 1 1 0.998046875 0.1302083328125 0.900390625 0.05729166718749999 0.876953125 0.0286458328125 0.826171875 0 0.1953125 0
13 0.29765625 0.04296875 0.115625 0.0765625
13 0.19375 0.10859375 0.11640625 0.078125
13 0.2984375 0.1984375 0.1078125 0.0984375
13 0.11171875 0.246875 0.125 0.11484375
13 0.17109375 0.6 0.140625 0.165625
13 0.4171875 0.2921875 0.1171875 0.109375
13 0.40546875 0.46484375 0.11953125 0.125
13 0.5421875 0.5921875 0.13046875 0.15078125
13 0.44453125 0.9046875 0.159375 0.18984375
13 0.7015625 0.55859375 0.14296875 0.16953125
13 0.840625 0.78515625 0.14765625 0.19375
13 0.934375 0.640625 0.13046875 0.2046875
13 0.728125 0.4171875 0.146875 0.13984375
13 0.4609375 0.13203125 0.11015625 0.0890625
13 0.60859375 0.034375 0.0875 0.06875
13 0.41875 0.0203125 0.1 0.040625
13 0.753125 0.21953125 0.109375 0.146875
13 0.9765625 0.39609375 0.0453125 0.09609375