15 0.2060326609375 0 0.18805803593749998 0.0178571421875 0.15457589375 0.0208333328125 0.14118303593749998 0.0327380953125 0.049665178125 0.18154761875 0.0318080359375 0.252976190625 0.01171875 0.2797619046875 0.0072544640625 0.34821428593750003 0.01171875 0.5714285718750001 0.04296875 0.7678571421875 0.0786830359375 0.8452380953124999 0.114397321875 0.8928571421875 0.224359728125 1 0.82003348125 1 0.94698660625 0.875 1 0.7689732109375 1 0.1480368609375 0.9425223203125 0.06845238125 0.8897569437499999 0 0.2060326609375 0
13 0.165625 0.28203125 0.119140625 0.1080078125
13 0.253125 0.590625 0.12578125 0.172265625
13 0.45234375 0.83984375 0.128125 0.1669921875
13 0.5375 0.5875 0.105859375 0.153125
13 0.471875 0.1515625 0.094140625 0.109375
13 0.3203125 0.225 0.1001953125 0.1408203125
13 0.31484375 0.05234375 0.113671875 0.084375
13 0.23046875 0.13515625 0.1 0.080078125
13 0.43671875 0.03125 0.0734375 0.0625
13 0.609375 0.04609375 0.080859375 0.0921875
13 0.69609375 0.421875 0.1109375 0.128125
13 0.6640625 0.5796875 0.1220703125 0.1314453125
13 0.77109375 0.74140625 0.1203125 0.1576171875
13 0.86015625 0.61796875 0.1361328125 0.1392578125
13 0.94609375 0.4328125 0.1076171875 0.1158203125
13 0.73984375 0.2265625 0.1048828125 0.13125
13 0.871875 0.14921875 0.0810546875 0.1173828125
13 0.43671875 0.3125 0.0828125 0.109765625
13 0.43203125 0.47421875 0.0892578125 0.1125
2 0.15859375 0.68125 0.0763671875 0.2529296875
2 0.33046875 0.4265625 0.1203125 0.12265625
2 0.61796875 0.28671875 0.105078125 0.16875
2 0.51484375 0.26875 0.0640625 0.109375
2 0.56640625 0.7515625 0.0875 0.115234375
2 0.82890625 0.415625 0.090625 0.187890625
2 0.59765625 0.14140625 0.0857421875 0.0703125
2 0.15703125 0.4640625 0.134375 0.103125