15 0.330078125 0 0.265625 0.0364583328125 0.1640625 0.1354166671875 0.1328125 0.1770833328125 0.1015625 0.24479166718749998 0.07421875 0.4166666671875 0.0703125 0.6119791671875 0.07421875 0.671875 0.091796875 0.6953125 0.107421875 0.7578125 0.1875 0.8880208328125001 0.19921875 0.8984375 0.228515625 0.9010416671874999 0.328125 1 0.767578125 0.9973958328125001 0.81640625 0.9505208328125001 0.888671875 0.8567708328125001 0.939453125 0.7864583328125 0.96484375 0.7291666671875 0.99609375 0.5572916671875 0.970703125 0.2890625 0.947265625 0.2604166671875 0.892578125 0.1510416671875 0.765625 0.0260416671875 0.7109375 0.0208333328125 0.673828125 0 0.529296875 0.010416667187500001 0.51171875 0 0.330078125 0
13 0.209375 0.28828125 0.10546875 0.0953125
13 0.2859375 0.55859375 0.1109375 0.15078125
13 0.4609375 0.7765625 0.1125 0.1453125
13 0.534375 0.55625 0.09140625 0.13359375
13 0.47734375 0.17421875 0.0828125 0.0953125
13 0.3453125 0.23828125 0.08828125 0.12421875
13 0.33984375 0.0875 0.09921875 0.0734375
13 0.26640625 0.159375 0.0875 0.0703125
13 0.446875 0.0546875 0.0640625 0.08828125
13 0.5984375 0.0796875 0.06953125 0.0859375
13 0.6734375 0.4109375 0.096875 0.1125
13 0.64609375 0.54921875 0.10703125 0.115625
13 0.7390625 0.690625 0.1046875 0.1375
13 0.8171875 0.5828125 0.11953125 0.12265625
13 0.9 0.42265625 0.1078125 0.103125
13 0.71171875 0.23984375 0.0921875 0.11484375
13 0.82734375 0.171875 0.07109375 0.103125
13 0.446875 0.31484375 0.07265625 0.09609375
13 0.4421875 0.45625 0.07890625 0.0984375
2 0.203125 0.6375 0.06640625 0.2203125
2 0.353125 0.41484375 0.10546875 0.1078125
2 0.60546875 0.2921875 0.0921875 0.14765625
2 0.51484375 0.2765625 0.05625 0.09609375
2 0.56015625 0.69921875 0.0765625 0.1
2 0.78984375 0.40546875 0.07890625 0.165625
2 0.5875 0.165625 0.075 0.06171875
2 0.2015625 0.44765625 0.11796875 0.08984375