15 0.05103305625 0 0.0386363640625 0.015151515625 0 0.044 0 1 1 1 1 0.0484848484375 0.931680440625 0 0.05103305625 0
13 0.259375 0.02109375 0.1373046875 0.0421875
13 0.1390625 0.075 0.13515625 0.090625
13 0.26015625 0.1796875 0.125 0.115234375
13 0.0578125 0.23359375 0.115625 0.1330078125
13 0.11328125 0.64609375 0.1638671875 0.1923828125
13 0.3984375 0.28828125 0.134765625 0.1267578125
13 0.38515625 0.4890625 0.1390625 0.146484375
13 0.54453125 0.6375 0.1515625 0.175390625
13 0.4296875 0.9453125 0.187109375 0.109375
13 0.73046875 0.5984375 0.1669921875 0.1970703125
13 0.8921875 0.8625 0.171875 0.225
13 0.9625 0.6921875 0.075 0.240234375
13 0.7609375 0.434375 0.171484375 0.1625
13 0.45 0.1015625 0.128125 0.1033203125
13 0.6203125 0.01328125 0.1 0.0265625
13 0.78984375 0.20390625 0.1267578125 0.1705078125