15 0 0 0 0.9514697453125001 0.06818181875 1 0.9123089296875 1 0.9292035390625 0.979289940625 1 0.9262721890625001 1 0 0 0
13 0.24453125 0.0234375 0.1328125 0.046875
13 0.12890625 0.0796875 0.1326171875 0.0876953125
13 0.246875 0.18125 0.121875 0.1123046875
13 0.053125 0.23359375 0.10625 0.1298828125
13 0.103125 0.63671875 0.159375 0.1888671875
13 0.38125 0.2875 0.1314453125 0.1248046875
13 0.36796875 0.48359375 0.1357421875 0.1421875
13 0.5234375 0.62890625 0.147265625 0.170703125
13 0.41171875 0.9375 0.18125 0.1248046875
13 0.70390625 0.58984375 0.1625 0.1923828125
13 0.86171875 0.84765625 0.1671875 0.2203125
13 0.946875 0.68203125 0.10625 0.2330078125
13 0.73359375 0.4296875 0.166796875 0.158984375
13 0.43125 0.10546875 0.125 0.1015625
13 0.59765625 0.01640625 0.0982421875 0.0328125
13 0.7625 0.2046875 0.12421875 0.16640625
13 0.99453125 0.40390625 0.0109375 0.109375