15 0.264683615625 0 0.2390625 0.014534884375000001 0.126019021875 0.125 0.09123641406250001 0.171511628125 0.0564538046875 0.2470930234375 0.026019021875 0.4389534890625 0.0216711953125 0.65697674375 0.026019021875 0.723837209375 0.0455842390625 0.75 0.06297554375 0.8197674421875 0.15210597812499999 0.9651162796874999 0.16514945625 0.9767441859374999 0.197758153125 0.9796511625000001 0.21818149375 1 0.8789175703125001 1 0.932540759375 0.9302325578125 0.9890625 0.8517441859374999 0.9984375 0.8305288484375 0.9984375 0.2653676109375 0.9977581531249999 0.264534884375 0.9368885859375 0.1424418609375 0.7955842390625001 0.0029069765625 0.7651494546875 0 0.264683615625 0
13 0.1765625 0.2953125 0.11640625 0.10625
13 0.26171875 0.59765625 0.1234375 0.16875
13 0.45625 0.840625 0.125 0.1625
13 0.53828125 0.59453125 0.1017578125 0.1486328125
13 0.475 0.16875 0.093359375 0.10625
13 0.32734375 0.23984375 0.0984375 0.1388671875
13 0.321875 0.07109375 0.1095703125 0.0826171875
13 0.23984375 0.15234375 0.096875 0.078125
13 0.43984375 0.040625 0.071875 0.08125
13 0.609375 0.0625 0.077734375 0.096484375
13 0.69375 0.4328125 0.106640625 0.1251953125
13 0.6625 0.58671875 0.1189453125 0.1294921875
13 0.76640625 0.74453125 0.1171875 0.1544921875
13 0.853125 0.62421875 0.1341796875 0.1361328125
13 0.9421875 0.44296875 0.1154296875 0.1138671875
13 0.7359375 0.2421875 0.103125 0.128125
13 0.8640625 0.165625 0.0783203125 0.1154296875
13 0.440625 0.32578125 0.0810546875 0.1078125
13 0.4359375 0.48359375 0.0875 0.1107421875
2 0.16953125 0.68515625 0.073828125 0.245703125
2 0.33671875 0.43671875 0.1171875 0.1203125
2 0.6171875 0.30078125 0.1029296875 0.1642578125
2 0.5171875 0.2828125 0.0625 0.106640625
2 0.5671875 0.7546875 0.084765625 0.112109375
2 0.82265625 0.4265625 0.0888671875 0.184375
2 0.59765625 0.15859375 0.0828125 0.06875
2 0.16796875 0.47421875 0.13125 0.101171875