15 1 0.03515625 0.814453125 0.021484375 0.654296875 0.04296875 0.4453125 0.048828125 0.21484375 0.072265625 0 0.107421875 0 0.728515625 0.111328125 0.7734375 0.32421875 0.8359375 0.3828125 0.861328125 0.62890625 0.92578125 0.703125 0.9296875 0.8359375 0.97265625 0.888671875 0.96875 0.9140625 0.95703125 0.9765625 0.962890625 1 0.955078125 1 0.03515625
2 0.128125 0.2046875 0.25546875 0.12734375
2 0.0234375 0.4125 0.046875 0.14375
2 0.0921875 0.3328125 0.0375 0.08828125
2 0.08203125 0.47578125 0.084375 0.16484375
2 0.025 0.59140625 0.05 0.07734375
2 0.1046875 0.68125 0.0828125 0.13359375
2 0.18359375 0.46484375 0.08359375 0.11328125
2 0.24765625 0.6609375 0.1515625 0.240625
2 0.3078125 0.278125 0.11484375 0.10390625
2 0.4375 0.39609375 0.11015625 0.165625
2 0.3734375 0.53203125 0.09453125 0.17734375
2 0.49375 0.2875 0.10625 0.13125
2 0.60625 0.1984375 0.078125 0.13046875
2 0.7203125 0.171875 0.0984375 0.14765625
2 0.51953125 0.76640625 0.165625 0.16484375
2 0.6109375 0.64765625 0.10625 0.15703125
2 0.709375 0.55625 0.14140625 0.178125
2 0.7796875 0.84765625 0.078125 0.1578125
2 0.91484375 0.4609375 0.1109375 0.30234375
19 0.75703125 0.43828125 0.1453125 0.11640625
19 0.8890625 0.81484375 0.12421875 0.1359375
19 0.54765625 0.52734375 0.090625 0.1125
19 0.50859375 0.396875 0.08203125 0.11015625
19 0.1578125 0.33125 0.05859375 0.1015625
0 0.25703125 0.4171875 0.05703125 0.165625
0 0.38671875 0.6578125 0.11640625 0.078125
0 0.76328125 0.70390625 0.1546875 0.0796875
0 0.828125 0.5703125 0.0890625 0.14609375
11 0.45546875 0.55625 0.04921875 0.0734375