15 1 0.0124611 0.775933609375 0.0124611 0.7053941906250001 0.0352826765625 0.6265560171875 0.039432053125 0.365145228125 0.10789678437500001 0.3029045640625 0.1348677375 0.0767634859375 0.20125778125 0 0.23223252187500001 0 0.9155165500000001 0.18672199218750002 0.9460710578124999 0.4315352703125 0.9709673234375 0.6535269703125001 0.9771913906249999 0.8002593421875 0.996875 0.8662381296874999 0.996875 1 0.9870188625 1 0.0124611
2 0.1140625 0.20625 0.228125 0.1345703125
2 0.05625 0.34375 0.040234375 0.09375
2 0.0453125 0.4953125 0.0904296875 0.175
2 0.06953125 0.71328125 0.0888671875 0.1421875
2 0.153125 0.48359375 0.087890625 0.1203125
2 0.221875 0.6921875 0.162109375 0.2560546875
2 0.28515625 0.28515625 0.121875 0.110546875
2 0.4234375 0.41015625 0.116015625 0.1763671875
2 0.3546875 0.5546875 0.100390625 0.18984375
2 0.48359375 0.29453125 0.1138671875 0.1390625
2 0.60234375 0.2 0.0830078125 0.1376953125
2 0.7234375 0.17265625 0.10390625 0.157421875
2 0.51015625 0.80390625 0.1763671875 0.175
2 0.6078125 0.67734375 0.1125 0.166796875
2 0.71171875 0.58046875 0.15 0.1890625
2 0.78671875 0.88984375 0.083203125 0.1671875
2 0.93046875 0.4796875 0.1173828125 0.3216796875
19 0.7625 0.45546875 0.155859375 0.1234375
19 0.903125 0.85546875 0.1314453125 0.1451171875
19 0.53984375 0.55 0.095703125 0.119140625
19 0.4984375 0.4109375 0.0875 0.116015625
19 0.12578125 0.34140625 0.0625 0.1078125
0 0.23125 0.4328125 0.0595703125 0.1751953125
0 0.36875 0.68828125 0.1248046875 0.0828125
0 0.76953125 0.7375 0.1640625 0.084375
0 0.83828125 0.5953125 0.0951171875 0.1560546875
11 0.4421875 0.58046875 0.0529296875 0.078125