15 0.7337662328125 0 0.7165898625 0.002304146875 0.47004608281250004 0.009216590625 0.19815668125000002 0.036866359375000005 0 0.0692919984375 0 0.8333737578125 0.076036865625 0.8640553000000001 0.32718894062500004 0.9377880187500001 0.3963133640625 0.9677419359374999 0.51948051875 1 1 1 1 0 0.7337662328125 0
2 0.121875 0.1921875 0.24375 0.15
2 0.05390625 0.34453125 0.0451171875 0.1044921875
2 0.0453125 0.51171875 0.0904296875 0.19375
2 0.06875 0.75546875 0.097265625 0.1578125
2 0.1609375 0.5 0.0998046875 0.1341796875
2 0.23671875 0.73125 0.1794921875 0.2841796875
2 0.3078125 0.2796875 0.134765625 0.1220703125
2 0.4609375 0.41875 0.128515625 0.194140625
2 0.38515625 0.57890625 0.1111328125 0.209375
2 0.52734375 0.290625 0.1263671875 0.155859375
2 0.659375 0.18515625 0.0935546875 0.1544921875
2 0.79453125 0.1546875 0.1169921875 0.1748046875
2 0.55703125 0.85625 0.1953125 0.1939453125
2 0.665625 0.715625 0.125 0.1845703125
2 0.78125 0.6078125 0.168359375 0.2095703125
2 0.86328125 0.928125 0.0921875 0.14375
2 0.97890625 0.49453125 0.0419921875 0.3576171875
19 0.8375 0.46875 0.1716796875 0.1375
19 0.959375 0.9125 0.0810546875 0.162109375
19 0.590625 0.57421875 0.1064453125 0.1326171875
19 0.54453125 0.41953125 0.096875 0.1298828125
19 0.13046875 0.34296875 0.0701171875 0.1203125
0 0.24765625 0.44375 0.0671875 0.194140625
0 0.40078125 0.728125 0.1375 0.093359375
0 0.8453125 0.7828125 0.1814453125 0.09375
0 0.921875 0.62421875 0.105859375 0.171875
11 0.48203125 0.6078125 0.0578125 0.0873046875