15 0.0898077484375 0.3337053578125 0.0552455359375 0.389004896875 0.039116503125 0.44660858281250004 0.0322040609375 0.59637816875 0.046028946875 0.6539818546875 0.09441604218750001 0.7300187218749999 0.156628025 0.7853182609375 0.22575244843750003 0.8290970625 0.3202224953125 0.8567468312500001 0.4016597078125 0.8671875 0.5323210671874999 0.8671875 0.6888860875 0.831401209375 0.7764436921875 0.7853182609375 0.86630544375 0.695456509375 0.92390913125 0.5572076609375001 0.9265625 0.4776065515625 0.9265625 0.4152547484375 0.8847386234375 0.3360095046875 0.8248307890625 0.2714933765625 0.76953125 0.2599726390625 0.610545075 0.1931523625 0.534508209375 0.1793274765625 0.4354298671875 0.1770233296875 0.30409346249999997 0.2023689515625 0.23036074375 0.230018721875 0.156628025 0.26688508125 0.0898077484375 0.3337053578125
15 0.00072884375 0 0 0.0026552671875 0 0.0035007937500000003 0.0254606046875 0.0747959046875 0.050028859375 0.099365903125 0.0838101078125 0.123936021875 0.1145203078125 0.144411003125 0.158538134375 0.163862209375 0.22405331875 0.17819474062500001 0.2594467296875 0.184375 0.2625 0.184375 0.2625 0 0.00072884375 0
15 1 0.0007246671875 0.9789475781249999 0.0267918328125 0.9400478046874999 0.07900315937499999 0.9308348046875 0.1496419546875 0.9470841249999999 0.1734375 1 0.1734375 1 0.0007246671875
13 0.75546875 0.359375 0.067578125 0.053125
13 0.4109375 0.7375 0.078125 0.0591796875
13 0.275 0.67578125 0.0408203125 0.0763671875
13 0.30078125 0.459375 0.109375 0.0841796875
13 0.37265625 0.53046875 0.075 0.0517578125
13 0.21640625 0.5125 0.0482421875 0.046875
13 0.26796875 0.3109375 0.0986328125 0.0501953125
13 0.7875 0.5578125 0.0810546875 0.071875
13 0.44296875 0.2828125 0.0361328125 0.05
13 0.5015625 0.28828125 0.0310546875 0.0392578125
1 0.546875 0.2765625 0.0751953125 0.0658203125
1 0.3734375 0.30078125 0.0904296875 0.0455078125
1 0.35703125 0.3703125 0.1076171875 0.077734375
1 0.2140625 0.5875 0.0658203125 0.0810546875
1 0.43203125 0.69453125 0.076953125 0.073046875
1 0.46171875 0.553125 0.0875 0.0751953125
1 0.553125 0.39140625 0.0529296875 0.0515625
1 0.596875 0.4375 0.052734375 0.074609375
1 0.6609375 0.50703125 0.047265625 0.0625
1 0.684375 0.65390625 0.081640625 0.0953125
1 0.78515625 0.47421875 0.0544921875 0.0609375
1 0.40703125 0.46640625 0.0392578125 0.0576171875
0 0.55625 0.328125 0.150390625 0.041015625
0 0.3265625 0.38984375 0.109375 0.0703125
0 0.3125 0.5625 0.140625 0.1189453125
0 0.58203125 0.66640625 0.0955078125 0.0796875
0 0.5296875 0.73671875 0.046484375 0.046875
0 0.62734375 0.58671875 0.040625 0.0794921875
0 0.4828125 0.615625 0.1126953125 0.0751953125
0 0.47265625 0.4828125 0.0484375 0.066015625
0 0.58203125 0.52734375 0.065625 0.110546875
0 0.69765625 0.425 0.1359375 0.075
0 0.7359375 0.49765625 0.0248046875 0.0638671875
0 0.2109375 0.65078125 0.034375 0.0359375