15 0.2109375 0.3359375 0.154296875 0.392578125 0.125 0.439453125 0.111328125 0.48828125 0.10546875 0.615234375 0.1171875 0.6640625 0.158203125 0.728515625 0.2109375 0.775390625 0.26953125 0.8125 0.349609375 0.8359375 0.42578125 0.845703125 0.525390625 0.845703125 0.662109375 0.814453125 0.736328125 0.775390625 0.8125 0.69921875 0.861328125 0.58203125 0.865234375 0.46484375 0.828125 0.39453125 0.77734375 0.33984375 0.73046875 0.330078125 0.595703125 0.2734375 0.53125 0.26171875 0.447265625 0.259765625 0.3359375 0.28125 0.2734375 0.3046875 0.2109375 0.3359375
15 0.1663601578125 0.248558196875 0.20367214374999998 0.232070259375 0.2297038375 0.21471451562500002 0.258338725 0.1938875 0.27916415781250004 0.1730605859375 0.300857234375 0.11231536093750001 0.28870903281250004 0.0680581390625 0.25313246718750004 0.025536467187500002 0.20280450156250002 0.014255217187499999 0.14987334218749998 0 0.050085187499999996 0.0064451703125 0.0006249984375 0.020329746875 0.0026041265625 0.284722225 0.056159221875 0.27025292031250003 0.11082580312500001 0.26070725625 0.1663601578125 0.248558196875
15 0.8909087921875001 0.09409180624999999 0.8666126515625001 0.1296711390625 0.8744221078125 0.18954855625 0.9073957437500001 0.2338058125 0.9256177171875001 0.2563683109375 0.96553303125 0.288476540625 1 0.2954188125 0.9986978765625001 0.0546875015625 0.9629299671875 0.06371919375 0.9299563328125 0.0732648578125 0.8909087921875001 0.09409180624999999
13 0.71875 0.4140625 0.05703125 0.0453125
13 0.4265625 0.734375 0.06640625 0.04921875
13 0.31171875 0.68203125 0.03515625 0.0640625
13 0.33359375 0.4984375 0.09296875 0.07109375
13 0.39375 0.559375 0.06328125 0.04375
13 0.26171875 0.54375 0.040625 0.03984375
13 0.3046875 0.37265625 0.08359375 0.04296875
13 0.7453125 0.58203125 0.06796875 0.0609375
13 0.45390625 0.34921875 0.03125 0.0421875
13 0.503125 0.35390625 0.02578125 0.03359375
1 0.5421875 0.34375 0.06484375 0.05625
1 0.39453125 0.36484375 0.0765625 0.0390625
1 0.38046875 0.42265625 0.090625 0.06484375
1 0.259375 0.60703125 0.05625 0.06796875
1 0.44453125 0.6984375 0.065625 0.0609375
1 0.46953125 0.578125 0.07421875 0.0640625
1 0.546875 0.44140625 0.04453125 0.04375
1 0.584375 0.48046875 0.04453125 0.0625
1 0.63828125 0.5390625 0.040625 0.053125
1 0.65859375 0.66328125 0.0703125 0.08046875
1 0.74375 0.51171875 0.0453125 0.0515625
1 0.4234375 0.5046875 0.03359375 0.0484375
0 0.55 0.3875 0.12734375 0.03515625
0 0.3546875 0.43984375 0.09296875 0.059375
0 0.34296875 0.5859375 0.11953125 0.1015625
0 0.57109375 0.67421875 0.08203125 0.06796875
0 0.52734375 0.734375 0.03828125 0.03984375
0 0.61015625 0.60703125 0.034375 0.0671875
0 0.4875 0.63125 0.09609375 0.0640625
0 0.47890625 0.51875 0.04140625 0.05703125
0 0.571875 0.55625 0.05546875 0.09296875
0 0.66953125 0.46953125 0.115625 0.06328125
0 0.7015625 0.53125 0.0203125 0.053125
0 0.25703125 0.6609375 0.02890625 0.03046875