15 0.1539806546875 0.369103421875 0.11231398749999999 0.4345796125 0.1004092265625 0.4841827875 0.1063616078125 0.613151040625 0.12025049531250001 0.6627542156249999 0.1500124015625 0.7103732640625 0.2075520828125 0.7679129453125 0.271044146875 0.799658978125 0.33453621093749997 0.8234685015625001 0.4396312390625 0.84375 0.5140191109375001 0.84375 0.5329489093750001 0.843309771875 0.5984250984374999 0.831405009375 0.7353298609375 0.7738653265625001 0.7829489093750001 0.7639446921874999 0.8345362109375 0.7083891359375001 0.8703125 0.640602484375 0.8703125 0.579296871875 0.86826636875 0.5179129453125 0.81866319375 0.3988653265625 0.74128224375 0.321484375 0.6658854171875 0.28180183593749997 0.5269965296875 0.2500558046875 0.4258060515625 0.2500558046875 0.3484250984375 0.2599764390625 0.2670758921875 0.2837859625 0.2075520828125 0.321484375 0.1539806546875 0.369103421875
15 0 0.26966045312500003 0.013454746875000001 0.2734375 0.2037315875 0.2734375 0.25103824375 0.26283349375 0.28717951875000003 0.219636871875 0.2984375 0.17862281875 0.2984375 0.17164438906249999 0.27748313750000003 0.11296772031249999 0.256327140625 0.09181021875 0.2272377328125 0.070652615625 0.20079283750000002 0.0530213828125 0.16288859687499999 0.036271734374999996 0.10647274375 0.02392983125 0.050938440625000005 0.01423265 0 0.000470303125 0 0.26966045312500003
15 0.9922125796874999 0.178662428125 0.996875 0.142914259375 0.996875 0.1130445234375 0.9754642 0.08169049218749999 0.935796859375 0.060532956250000006 0.9022998328125 0.050835773437499995 0.874562021875 0.043831746875 0.874562021875 0.2828125 0.8815249890624999 0.2828125 0.89965545 0.2791606984375 0.940204340625 0.2465428109375 0.9587155515625 0.22362217968749998 0.9922125796874999 0.178662428125
13 0.72421875 0.40703125 0.0580078125 0.0455078125
13 0.42734375 0.73203125 0.0671875 0.05
13 0.31015625 0.6796875 0.0357421875 0.0654296875
13 0.3328125 0.49296875 0.0939453125 0.0732421875
13 0.39453125 0.5546875 0.0642578125 0.0439453125
13 0.259375 0.53828125 0.0408203125 0.0392578125
13 0.30390625 0.36484375 0.0857421875 0.04375
13 0.7515625 0.57734375 0.06875 0.0611328125
13 0.45546875 0.340625 0.0326171875 0.0435546875
13 0.50546875 0.34609375 0.0263671875 0.034375
1 0.54453125 0.33515625 0.065625 0.057421875
1 0.39453125 0.35625 0.076953125 0.040234375
1 0.38046875 0.415625 0.0921875 0.065625
1 0.2578125 0.603125 0.056640625 0.069140625
1 0.44609375 0.6953125 0.0669921875 0.0625
1 0.47109375 0.5734375 0.0763671875 0.065625
1 0.55 0.434375 0.04453125 0.044140625
1 0.5875 0.47421875 0.0439453125 0.0640625
1 0.6421875 0.534375 0.040625 0.0533203125
1 0.66328125 0.66015625 0.0705078125 0.0826171875
1 0.75 0.50546875 0.0466796875 0.0517578125
1 0.42421875 0.4984375 0.034375 0.0498046875
0 0.55234375 0.3796875 0.1296875 0.034765625
0 0.3546875 0.4328125 0.09375 0.059765625
0 0.3421875 0.58125 0.1216796875 0.103125
0 0.57421875 0.67109375 0.0828125 0.06875
0 0.5296875 0.73203125 0.03984375 0.039453125
0 0.61328125 0.60234375 0.0357421875 0.0673828125
0 0.4890625 0.62734375 0.097265625 0.064453125
0 0.48046875 0.5125 0.0421875 0.05703125
0 0.575 0.5515625 0.05625 0.094140625
0 0.67421875 0.46328125 0.1171875 0.0640625
0 0.70703125 0.52578125 0.0205078125 0.0544921875
0 0.25546875 0.6578125 0.0296875 0.0310546875