15 1 0.11236413125 0.796728971875 0.0375 0.7328342546875 0.00625 0 0.00625 0 0.684375 0.07943925156250001 0.7375 0.348130840625 0.8375 0.4649532703125 0.90625 0.623831775 0.946875 0.75 1 0.7710280375 1 0.7780373828125 0.984375 0.7640186921875001 0.928125 0.693925234375 0.840625 0.6682242984375 0.825 0.6495327109375 0.7875 0.61448598125 0.76875 0.5443925234375 0.696875 0.53037383125 0.675 0.53037383125 0.653125 0.546728971875 0.64375 0.588785046875 0.65625 0.6051401875 0.678125 0.651869159375 0.6875 0.661214953125 0.709375 0.6845794390625 0.709375 0.7289719625 0.665625 1 0.646089071875 1 0.11236413125
0 0.25546875 0.77109375 0.121875 0.117578125
0 0.7421875 0.57734375 0.0998046875 0.18125
0 0.66171875 0.48046875 0.0517578125 0.0705078125
0 0.29765625 0.58671875 0.153125 0.088671875
0 0.6828125 0.93203125 0.0810546875 0.0982421875
0 0.66875 0.3328125 0.14375 0.05625
0 0.990625 0.4421875 0.01875 0.059375
0 0.12421875 0.58984375 0.025 0.0669921875
0 0.05 0.51171875 0.093359375 0.0673828125
1 0.1703125 0.42265625 0.1154296875 0.0890625
1 0.4609375 0.2765625 0.07265625 0.046875
1 0.159375 0.3046875 0.053515625 0.06640625
1 0.3015625 0.2484375 0.0875 0.103125
1 0.52109375 0.178125 0.0607421875 0.078125
1 0.396875 0.2265625 0.075390625 0.084375
1 0.03046875 0.375 0.0609375 0.0625
1 0.61328125 0.103125 0.1080078125 0.05625