15 1 0.0157072375 0.6602986390625001 0.0157072375 0.52964426875 0.0604440796875 0.264822134375 0.1893914484375 0 0.2864929 0 0.695221890625 0.3221343875 0.71833881875 0.35968379375000004 0.7551809203125 0.379446640625 0.7551809203125 0.387351778125 0.7367598703125 0.42687747031249995 0.7288651328125 0.44071146250000004 0.71044408125 0.476284584375 0.6999177624999999 0.49011857656249996 0.7078125 0.49011857656249996 0.7262335531249999 0.4782608703125 0.7446546078125 0.41897233125 0.8051809203125 0.3893280625 0.8209703953125 0.37351778593749996 0.852549340625 0.35177865625 0.8657072359375 0.29249011875 0.9393914484374999 0.2806324109375 0.9867598687499999 0.28656126406250004 0.9999177640625 0.30434782656250003 0.9999177640625 0.41106719375 0.9551809203125 0.5454545453125 0.9209703953125 0.644268775 0.86307565625 0.8715415015625 0.7788651328125 0.946640315625 0.7288651328125 1 0.677413228125 1 0.5016721515625 0.998023715625 0.49465460781250004 1 0.4929002203125 1 0.45320723906250004 0.9881422921875 0.4551809203125 0.9822134390624999 0.43939145 1 0.411401015625 1 0.0157072375
0 0.27734375 0.659375 0.103125 0.0998046875
0 0.6890625 0.496875 0.084375 0.152734375
0 0.62109375 0.41484375 0.04375 0.0607421875
0 0.31328125 0.5046875 0.1296875 0.0748046875
0 0.63828125 0.7953125 0.0673828125 0.083984375
0 0.62734375 0.290625 0.121875 0.047265625
0 0.92109375 0.384375 0.0578125 0.0501953125
0 0.16640625 0.50703125 0.0205078125 0.0548828125
0 0.02734375 0.77265625 0.0546875 0.0734375
0 0.10390625 0.44140625 0.078125 0.057421875
1 0.20546875 0.36640625 0.0982421875 0.075
1 0.45078125 0.24375 0.0611328125 0.0404296875
1 0.19609375 0.2671875 0.0455078125 0.05625
1 0.31640625 0.21953125 0.0734375 0.0861328125
1 0.5015625 0.1609375 0.0501953125 0.0658203125
1 0.396875 0.20078125 0.062890625 0.0705078125
1 0.034375 0.3765625 0.06875 0.04375
1 0.0828125 0.328125 0.0625 0.0501953125
1 0.0234375 0.4703125 0.034765625 0.072265625
1 0.58046875 0.09765625 0.0921875 0.046875