15 1 0.3229166671875 0.673828125 0.2994791671875 0.63671875 0.2630208328125 0.6171875 0.2630208328125 0.609375 0.28125 0.5703125 0.2890625 0.556640625 0.3072916671875 0.521484375 0.3177083328125 0.5078125 0.3098958328125 0.5078125 0.2916666671875 0.51953125 0.2734375 0.578125 0.21354166718749998 0.607421875 0.1979166671875 0.623046875 0.1666666671875 0.64453125 0.1536458328125 0.703125 0.08072916718749999 0.71484375 0.0338541671875 0.708984375 0.0208333328125 0.69140625 0.0208333328125 0.5859375 0.06510416718749999 0.453125 0.09895833281250001 0.35546875 0.15625 0.130859375 0.23958333281250002 0.056640625 0.2890625 0 0.34375 0 0.5 0.005859375 0.5208333328125 0 0.5260416671875 0 0.5625 0.015625 0.5598958328125 0.021484375 0.5755208328125 0 0.609375 0 0.9947916671874999 0.33203125 0.9973958328125001 0.46875 0.9505208328125001 0.73046875 0.8229166671874999 1 0.7239583328125 1 0.3229166671875
0 0.278125 0.6578125 0.1015625 0.0984375
0 0.684375 0.496875 0.0828125 0.15078125
0 0.6171875 0.415625 0.04375 0.059375
0 0.31328125 0.5046875 0.128125 0.0734375
0 0.63515625 0.7921875 0.0671875 0.08203125
0 0.6234375 0.29296875 0.1203125 0.046875
0 0.9140625 0.38515625 0.05703125 0.05
0 0.16796875 0.50703125 0.02109375 0.05546875
0 0.0296875 0.77265625 0.05859375 0.07109375
0 0.10625 0.4421875 0.0765625 0.05625
1 0.20703125 0.36796875 0.09609375 0.07421875
1 0.45 0.24609375 0.0609375 0.0390625
1 0.19765625 0.26953125 0.0453125 0.05546875
1 0.31640625 0.22265625 0.07265625 0.0859375
1 0.5 0.1640625 0.05 0.065625
1 0.39609375 0.20390625 0.06328125 0.0703125
1 0.0375 0.3796875 0.07265625 0.04296875
1 0.08515625 0.3296875 0.06171875 0.05
1 0.02734375 0.4703125 0.03515625 0.07265625
1 0.57734375 0.1015625 0.090625 0.046875