15 0 0 0 1 1 1 1 0 0 0
13 0.32890625 0.775 0.2453125 0.1685546875
13 0.08125 0.346875 0.1625 0.096875
13 0.15390625 0.471875 0.1732421875 0.1314453125
13 0.3203125 0.56171875 0.19375 0.1390625
13 0.04765625 0.209375 0.0953125 0.124609375
13 0.184375 0.23046875 0.1375 0.096875
13 0.14375 0.11015625 0.250390625 0.0794921875
13 0.26796875 0.03203125 0.119921875 0.0640625
13 0.3796875 0.003125 0.103125 0.00625
13 0.5203125 0.06796875 0.0904296875 0.10625
13 0.38046875 0.2859375 0.1390625 0.10390625
13 0.71640625 0.59609375 0.2111328125 0.1576171875
13 0.8734375 0.92265625 0.25 0.1546875
13 0.68203125 0.34765625 0.1826171875 0.121875
13 0.94921875 0.4140625 0.1015625 0.134765625
13 0.93515625 0.2125 0.1294921875 0.090625
13 0.66015625 0.1140625 0.163671875 0.078515625
13 0.828125 0.03984375 0.144140625 0.079296875
13 0.9703125 0.10078125 0.0591796875 0.0830078125