15 0 0 0 1 1 1 1 0.008650365625 0.9841659828125 0 0 0
13 0.3875 0.70390625 0.231640625 0.158203125
13 0.04140625 0.628125 0.0828125 0.159375
13 0.01484375 0.34609375 0.0296875 0.0984375
13 0.14765625 0.3015625 0.1703125 0.093359375
13 0.22265625 0.41796875 0.1638671875 0.125
13 0.3796875 0.50234375 0.183984375 0.13125
13 0.08671875 0.17109375 0.1607421875 0.115625
13 0.2515625 0.18984375 0.130859375 0.091796875
13 0.2125 0.07578125 0.237890625 0.073828125
13 0.32890625 0.01640625 0.1109375 0.0326171875
13 0.56875 0.04296875 0.0845703125 0.0857421875
13 0.4359375 0.2421875 0.13125 0.09765625
13 0.75390625 0.53515625 0.2 0.1484375
13 0.8921875 0.85546875 0.215625 0.16875
13 0.72109375 0.30078125 0.171875 0.1142578125
13 0.9625 0.36328125 0.075 0.128125
13 0.94921875 0.17265625 0.1015625 0.0859375
13 0.7 0.0796875 0.155859375 0.0748046875
13 0.85859375 0.0234375 0.1361328125 0.046875
13 0.9828125 0.0671875 0.034375 0.0783203125