15 0.1325188796875 0 0 0.0723970828125 0 0.9384504687499999 0.1195030328125 1 1 1 1 0 0.1325188796875 0
13 0.396875 0.684375 0.21171875 0.14453125
13 0.06015625 0.6171875 0.11953125 0.146875
13 0.03515625 0.3578125 0.0703125 0.08984375
13 0.178125 0.31640625 0.15546875 0.08515625
13 0.24609375 0.42265625 0.14921875 0.1140625
13 0.38984375 0.5 0.1671875 0.1203125
13 0.12265625 0.196875 0.146875 0.10546875
13 0.27265625 0.21484375 0.11875 0.08359375
13 0.2375 0.11015625 0.2171875 0.06796875
13 0.34453125 0.04296875 0.103125 0.0546875
13 0.4421875 0.0109375 0.0890625 0.021875
13 0.5625 0.07421875 0.07734375 0.09140625
13 0.44140625 0.2625 0.1203125 0.08984375
13 0.73203125 0.53046875 0.1828125 0.1359375
13 0.87734375 0.82421875 0.23515625 0.15390625
13 0.70234375 0.315625 0.1578125 0.10546875
13 0.94453125 0.37265625 0.1109375 0.1171875
13 0.9328125 0.2 0.13359375 0.078125
13 0.6828125 0.1140625 0.14140625 0.06796875
13 0.82890625 0.05 0.125 0.07109375
13 0.96328125 0.10390625 0.07265625 0.07265625