15 1 0.304363184375 0.9353932578125 0.3256236859375 0.8707865171875 0.319321165625 0.8089887640625 0.350833771875 0.7528089890625 0.355035453125 0.62640449375 0.40335478125 0.6067415734375 0.3949514203125 0.6179775281250001 0.3802455375 0.6067415734375 0.359237134375 0.5786516859375 0.342430409375 0.5842696625 0.2941110828125 0.6039325843750001 0.27940520156250004 0.5730337078125001 0.25629595781250003 0.43258427031249996 0.266800159375 0.283707865625 0.2899094015625 0.10674157343749999 0.342430409375 0 0.42226234375000005 0 0.628407303125 0.04213483125 0.6638589828125 0.09831460625 0.659657303125 0.10674157343749999 0.6701615046875 0.0730337078125 0.676464025 0.1432584265625 0.682766546875 0.1825842703125 0.68066570625 0.2780898875 0.6554556218750001 0.3848314609375 0.6554556218750001 0.40730337031249997 0.6449514203125 0.4887640453125 0.6407497390625 0.806179775 0.567220325 1 0.45084560781249994 1 0.304363184375
11 0.12109375 0.40703125 0.048046875 0.026171875
11 0.14453125 0.44375 0.0611328125 0.0345703125
11 0.2921875 0.48125 0.058984375 0.0345703125
11 0.61796875 0.403125 0.0265625 0.0310546875
11 0.36015625 0.353125 0.0375 0.0251953125
11 0.346875 0.31796875 0.031640625 0.025
11 0.21953125 0.35703125 0.0421875 0.028125
11 0.26171875 0.37578125 0.025 0.0234375
11 0.37890625 0.38359375 0.046875 0.0267578125
11 0.48046875 0.371875 0.04375 0.019140625
11 0.51484375 0.409375 0.0482421875 0.0408203125
11 0.53359375 0.37109375 0.0513671875 0.028125
6 0.228125 0.40703125 0.143359375 0.021875
6 0.26328125 0.33515625 0.1515625 0.06875
6 0.4671875 0.34453125 0.06875 0.0361328125
6 0.721875 0.4109375 0.1375 0.0470703125
6 0.81953125 0.465625 0.16875 0.0529296875
12 0.09453125 0.34921875 0.110546875 0.05
12 0.47265625 0.540625 0.1263671875 0.1033203125
6 0.940625 0.54375 0.068359375 0.1154296875