15 1 0.24200928593749998 0.9413580250000001 0.246387165625 0.932098765625 0.2348664296875 0.9691358031249999 0.2279539859375 0.891975309375 0.2210415453125 0.8487654328125 0.22334569375000002 0.7438271609375 0.25099546093749997 0.6265432093750001 0.25099546093749997 0.6018518515625 0.2625162 0.5123456796875 0.2671244953125 0.163580246875 0.3477696546875 0 0.4458095078125 0 0.619843390625 0.021604937499999997 0.6127466140625 0.0925925921875 0.61965905625 0.1604938265625 0.5850968437499999 0.222222221875 0.5804885515625 0.3611111109375 0.5274931578125 0.38271605000000003 0.536709746875 0.3703703703125 0.5528387828125 0.38271605000000003 0.575880253125 0.41358024687499995 0.5943134328124999 0.4074074078125 0.647308825 0.38580246875 0.6634378609375 0.41803385468750004 0.6875 0.436945396875 0.6875 0.5740740734374999 0.6772627421874999 0.7376543203125 0.6519171218750001 0.932098765625 0.5943134328124999 1 0.5436221921875 1 0.24200928593749998
11 0.08359375 0.38671875 0.0517578125 0.028125
11 0.109375 0.42734375 0.0685546875 0.0388671875
11 0.271875 0.4671875 0.0626953125 0.0376953125
11 0.6296875 0.38203125 0.028515625 0.0330078125
11 0.346875 0.32734375 0.040625 0.028125
11 0.33203125 0.2890625 0.0357421875 0.0279296875
11 0.1921875 0.33203125 0.046875 0.0298828125
11 0.23828125 0.35234375 0.0267578125 0.0263671875
11 0.3671875 0.3609375 0.052734375 0.028515625
11 0.47890625 0.3484375 0.0482421875 0.0220703125
11 0.51640625 0.3890625 0.0517578125 0.046484375
11 0.53671875 0.346875 0.05625 0.030859375
6 0.20078125 0.38671875 0.15625 0.023828125
6 0.23984375 0.3078125 0.1671875 0.075
6 0.46328125 0.31796875 0.075 0.040625
6 0.74375 0.390625 0.15078125 0.052734375
6 0.8515625 0.45078125 0.1845703125 0.0578125
12 0.05703125 0.32265625 0.1140625 0.0548828125
12 0.4703125 0.5328125 0.1376953125 0.115234375
6 0.971875 0.5359375 0.0560546875 0.127734375