15 0 0.455078125 0.010471204687500001 0.48046875 0.12303664843749999 0.564453125 0.287958115625 0.61328125 0.4267015703125 0.634765625 0.5575916234375 0.64453125 0.586387434375 0.623046875 0.5680628265625 0.609375 0.562827225 0.564453125 0.5890052359375 0.548828125 0.5994764390625 0.529296875 0.5890052359375 0.515625 0.6073298421875 0.5078125 0.725130890625 0.552734375 0.7774869109375 0.556640625 0.8350785343749999 0.5859375 0.8952879578124999 0.580078125 0.960732984375 0.6015625 0.9947643984375001 0.59765625 1 0.5078125 0.960732984375 0.466796875 0.774869109375 0.35546875 0.4790575921875 0.287109375 0.40314136093749997 0.283203125 0.38219895312499996 0.2734375 0.2827225125 0.2734375 0.193717278125 0.25 0.1570680625 0.248046875 0.0916230359375 0.25390625 0.12303664843749999 0.259765625 0.11518324531249999 0.26953125 0.062827225 0.265625 0 0.318359375 0 0.455078125
11 0.1359375 0.38828125 0.04453125 0.02421875
11 0.15859375 0.42265625 0.0578125 0.0328125
11 0.29609375 0.45703125 0.05390625 0.0328125
11 0.59921875 0.384375 0.025 0.028125
11 0.359375 0.3375 0.034375 0.02421875
11 0.346875 0.30546875 0.0296875 0.0234375
11 0.228125 0.3421875 0.03984375 0.02578125
11 0.2671875 0.359375 0.0234375 0.021875
11 0.3765625 0.36640625 0.04375 0.025
11 0.47109375 0.35546875 0.040625 0.01875
11 0.50390625 0.390625 0.04453125 0.03828125
11 0.52109375 0.3546875 0.04765625 0.02578125
6 0.2359375 0.38828125 0.13203125 0.0203125
6 0.26953125 0.32109375 0.14140625 0.0640625
6 0.45859375 0.33046875 0.0640625 0.034375
6 0.69609375 0.3921875 0.128125 0.04453125
6 0.7875 0.44296875 0.15703125 0.04921875
12 0.11171875 0.334375 0.10234375 0.046875
12 0.4640625 0.5125 0.1171875 0.096875
6 0.9 0.51484375 0.0625 0.10625