15 0.150390625 0 0.111328125 0.08203125 0.103515625 0.12890625 0.08984375 0.154296875 0.072265625 0.17578125 0.029296875 0.19921875 0.03125 0.24609375 0 0.365234375 0 0.466796875 0.009765625 0.517578125 0 0.5390625 0 0.724609375 0.015625 0.80859375 0.017578125 0.8671875 0.00390625 0.861328125 0 0.84765625 0 0.943359375 0.021484375 0.931640625 0.02734375 0.91015625 0.029296875 1 0.95703125 1 0.97265625 0.982421875 1 0.978515625 1 0.5703125 0.951171875 0.505859375 0.98046875 0.40234375 0.962890625 0.32421875 0.966796875 0.22265625 0.94921875 0.189453125 0.9375 0.078125 0.92578125 0.048828125 0.880859375 0.021484375 0.833984375 0.02734375 0.783203125 0.017578125 0.751953125 0 0.666015625 0.005859375 0.662109375 0 0.58984375 0 0.583984375 0.015625 0.568359375 0.015625 0.5546875 0.005859375 0.515625 0 0.41015625 0.02734375 0.376953125 0.013671875 0.365234375 0 0.150390625 0
15 0.9359156531249999 0.05745051718750001 1 0.206849121875 0.9965277390624999 0 0.9359156531249999 0.05745051718750001
15 0.0050367484375 0 0.0015633734375 0.32845265625 0.03803434375 0.19121445312500002 0.0883990828125 0.1616820859375 0.126275546875 0.0070526171875000005 0.0050367484375 0
7 0.09140625 0.696875 0.15625 0.3546875
7 0.3 0.88046875 0.525 0.2109375
7 0.2375 0.25625 0.34453125 0.40859375
7 0.50859375 0.553125 0.34765625 0.3875
7 0.85546875 0.82109375 0.17421875 0.28671875
7 0.4859375 0.0453125 0.18125 0.0421875
7 0.75703125 0.12109375 0.24375 0.171875
7 0.92421875 0.5046875 0.13984375 0.28984375
2 0.29609375 0.209375 0.16171875 0.109375
2 0.684375 0.6609375 0.26015625 0.196875
2 0.21328125 0.52421875 0.17421875 0.13359375
2 0.2640625 0.69921875 0.1109375 0.2
2 0.59765625 0.9375 0.2140625 0.1171875
2 0.31640625 0.05 0.14140625 0.065625
2 0.65703125 0.26875 0.3671875 0.1328125
2 0.77890625 0.40859375 0.15078125 0.13125
2 0.56484375 0.10078125 0.11328125 0.08984375