15 0.03433945625 0 0.0255905515625 0.0098425203125 0 0.013498312500000002 0 0.427795275 0.04724409375 0.4901574796875 0.0177165359375 0.5944881890625 0.035433070312499995 0.673228346875 0.0314960625 0.7755905515625 0.0492125984375 0.8090551187499999 0.061023621875 0.9212598421875 0.0728346453125 0.9507874015625 0.1181102359375 0.97834645625 0.16535433125000001 0.9724409453125 0.21653543281249998 0.9822834640625 0.24803149531250002 1 0.33464566875 0.9940944875 0.3385826765625 1 0.41141732343750004 1 0.417322834375 0.98425196875 0.43307086562499997 0.98425196875 0.44685039375 0.9940944875 0.486220471875 1 0.592519684375 0.9724409453125 0.6259842515625 0.9862204718750001 0.637795275 1 0.854330709375 1 0.8937007875 0.9173228343750001 0.901574803125 0.8700787406250001 0.91535433125 0.8444881890625 0.933070865625 0.8228346453125001 0.976377953125 0.7992125984375 0.9744094484374999 0.7519685046875 1 0.6544045281249999 1 0.49881889687500003 0.9960629921875 0.47834645625 1 0.46968503906250003 1 0.2379429140625 0.9901574796875 0.1850393703125 0.9881889765625 0.12598425156249998 1 0.13104612031250001 1 0.052433787499999995 0.98425196875 0.061023621875 0.97834645625 0.08267716562500001 0.976549128125 0 0.03433945625 0
15 0.9372289984375 0.1456016609375 0.9962694265625001 0.2015625 0.996875 0.2015625 0.996875 0.0065500890625 0.9372289984375 0.1456016609375
15 0.00038300156250000003 0.3072770421875 0.090168828125 0.3125 0.1203125 0.3125 0.1203125 0.005038390625 0.0893190171875 0.1216651140625 0.038557706250000004 0.1514300171875 0.00038300156250000003 0.3072770421875
7 0.08671875 0.70234375 0.1578125 0.3578125
7 0.29609375 0.8875 0.5296875 0.2125
7 0.23359375 0.25859375 0.346875 0.4111328125
7 0.50625 0.5578125 0.3501953125 0.390625
7 0.85625 0.82734375 0.175390625 0.288671875
7 0.48359375 0.0453125 0.1828125 0.04140625
7 0.7578125 0.121875 0.2466796875 0.174609375
7 0.92578125 0.50859375 0.141796875 0.2921875
2 0.2921875 0.2109375 0.1625 0.1095703125
2 0.68359375 0.66640625 0.2625 0.1984375
2 0.209375 0.528125 0.175 0.134375
2 0.26015625 0.7046875 0.111328125 0.20234375
2 0.5953125 0.94296875 0.2154296875 0.1140625
2 0.31328125 0.05078125 0.1421875 0.065625
2 0.65625 0.27109375 0.3689453125 0.134375
2 0.77890625 0.41171875 0.1515625 0.1326171875
2 0.56328125 0.1015625 0.1140625 0.090625