15 0 0 0 0.51112033125 0.004149378125 0.5165975109375001 0 0.5312586453125 0 0.840940525 0.006224065625 0.8526970953124999 0.018672198437500002 0.97095435625 0.030290456249999997 1 0.88045840625 1 0.8962655609375 0.9668049796875 0.904564315625 0.9170124484375 0.9190871375 0.8900414937500001 0.9377593359375 0.8672199171875 0.9834024890625 0.8423236515625 0.9813278015625 0.7925311203125001 1 0.7213433609375001 1 0.2061721984375 0.9979253109374999 0.19502074687499998 0.995850621875 0.1327800828125 1 0.1345583875 1 0.059788759375 0.9917012453125 0.064315353125 0.9854771781249999 0.0871369296875 0.9835828984375 0 0 0
15 0.1078125 0.24375 0.1078125 0.0008988671874999999 0.08221085 0.09723643125 0.0287113765625 0.1286069125 0.0005070953125 0.24375 0.1078125 0.24375
7 0.0828125 0.684375 0.165625 0.3779296875
7 0.30390625 0.88125 0.5578125 0.2248046875
7 0.2375 0.21875 0.365625 0.4341796875
7 0.52578125 0.53359375 0.3701171875 0.4111328125
7 0.89453125 0.81796875 0.1857421875 0.3044921875
7 0.5 0.00703125 0.19375 0.0140625
7 0.7890625 0.08203125 0.259375 0.1640625
7 0.94609375 0.48125 0.1078125 0.3064453125
2 0.3 0.16875 0.1716796875 0.1158203125
2 0.7125 0.6484375 0.27578125 0.209375
2 0.21171875 0.50234375 0.185546875 0.1421875
2 0.265625 0.6890625 0.118359375 0.2125
2 0.61953125 0.93984375 0.226171875 0.1203125
2 0.3203125 0.01640625 0.152734375 0.0328125
2 0.68359375 0.23125 0.3892578125 0.1408203125
2 0.8125 0.38046875 0.1595703125 0.1390625
2 0.58515625 0.053125 0.1203125 0.0966796875