15 1 0.3859438515625 0.9796747968749999 0.32700076093749997 0.9817073171875 0.3046430375 0.9634146343750001 0.2904153953125 0.9613821140625 0.2721227125 0.94308943125 0.2578950703125 0.902439025 0.1887893796875 0.8130081296875 0.089195884375 0.7906504062499999 0.07903328125 0.7642276421875 0.07903328125 0.7337398375 0.0566755578125 0.7012195125 0.052610517187500004 0.640243903125 0.0221227140625 0.55095989375 0.00625 0.5297954375 0.00625 0.44918699218749997 0.007895070312499999 0.3495934953125 0.0200901921875 0.23983739843750002 0.0627731203125 0.1686991875 0.1074885671875 0.0711382109375 0.194886940625 0.024390243750000002 0.2741552328125 0.0020325203125 0.3371633625 0 0.3395654328125 0 0.691951078125 0.0162601625 0.7335048265624999 0.0711382109375 0.79651295625 0.20325203281249998 0.9164316578125 0.254065040625 0.9448869421874999 0.34552845468750004 0.9753747468749999 0.3754350875 0.9953125 0.3938262171875 0.9953125 0.46544715468750003 0.9774072671875 0.520325203125 0.9794397859374999 0.560975609375 0.993667428125 0.5833333328125 0.9774072671875 0.6585365859375 0.9591145828125001 0.7520325203125 0.9184641765625001 0.8252032515625001 0.873748728125 0.8821138218750001 0.8249682406250001 0.9715447156250001 0.678626778125 0.9776422765625 0.5952934437499999 1 0.466736534375 1 0.3859438515625
13 0.25390625 0.18203125 0.0826171875 0.0578125
13 0.13359375 0.2859375 0.0765625 0.0658203125
13 0.09140625 0.3984375 0.0640625 0.096875
13 0.08125 0.5140625 0.08125 0.0626953125
13 0.071875 0.6078125 0.0876953125 0.0841796875
13 0.15390625 0.71484375 0.0765625 0.0669921875
13 0.228125 0.803125 0.0814453125 0.105859375
13 0.38046875 0.84453125 0.096875 0.0861328125
13 0.53125 0.840625 0.094140625 0.1060546875
13 0.65546875 0.7796875 0.0798828125 0.0654296875
13 0.71484375 0.72109375 0.0921875 0.084375
13 0.81015625 0.6875 0.092578125 0.093359375
13 0.3234375 0.69375 0.066015625 0.0966796875
13 0.21796875 0.59765625 0.1015625 0.1140625
13 0.17109375 0.40859375 0.0640625 0.0857421875
13 0.24765625 0.29921875 0.0794921875 0.0578125
13 0.31796875 0.2125 0.0763671875 0.0748046875
13 0.3609375 0.2859375 0.065625 0.058984375
13 0.29453125 0.3796875 0.0982421875 0.0841796875
13 0.2875 0.46640625 0.087890625 0.0826171875
13 0.34453125 0.5578125 0.0736328125 0.053515625
13 0.34296875 0.115625 0.0857421875 0.0466796875
13 0.77734375 0.99140625 0.4421875 0.0171875
13 0.40078125 0.171875 0.0611328125 0.0623046875
13 0.425 0.084375 0.071484375 0.05703125
13 0.51875 0.06796875 0.078125 0.053125
13 0.5171875 0.1328125 0.087890625 0.071484375
13 0.61875 0.13671875 0.08125 0.0642578125
13 0.61015625 0.04765625 0.0734375 0.0640625
13 0.68203125 0.07265625 0.0609375 0.0640625
13 0.4765625 0.665625 0.078515625 0.084375
13 0.4859375 0.5640625 0.0810546875 0.077734375
13 0.41328125 0.48671875 0.0890625 0.0638671875
13 0.40546875 0.4109375 0.0859375 0.0779296875
13 0.4375 0.3421875 0.065625 0.08125
13 0.51953125 0.33125 0.0861328125 0.0875
13 0.45078125 0.22890625 0.0888671875 0.0607421875
13 0.57421875 0.24765625 0.083203125 0.059375
13 0.64140625 0.29296875 0.067578125 0.05625
13 0.60234375 0.3765625 0.0830078125 0.0720703125
13 0.546875 0.4125 0.0560546875 0.0626953125
13 0.534375 0.4734375 0.0841796875 0.0751953125
13 0.56953125 0.6828125 0.0830078125 0.0904296875
13 0.6421875 0.6328125 0.075 0.080859375
13 0.63125 0.5234375 0.0814453125 0.078515625
13 0.7203125 0.58125 0.08125 0.0654296875
13 0.87265625 0.58671875 0.0892578125 0.071875
13 0.7921875 0.5015625 0.094140625 0.081640625
13 0.6734375 0.4453125 0.090234375 0.090625
13 0.92578125 0.5171875 0.0984375 0.09375
13 0.9296875 0.38671875 0.0810546875 0.0736328125
13 0.8046875 0.409375 0.07734375 0.080859375
13 0.68984375 0.35078125 0.078125 0.084375
13 0.67421875 0.23046875 0.075 0.0625
13 0.78515625 0.16484375 0.0642578125 0.0732421875
13 0.85234375 0.21171875 0.0798828125 0.0703125
13 0.73984375 0.259375 0.0857421875 0.0841796875
13 0.80078125 0.31015625 0.0796875 0.059375
13 0.90625 0.30703125 0.090625 0.0765625