15 1 0.37890625 0.96484375 0.2890625 0.912109375 0.228515625 0.78515625 0.11328125 0.736328125 0.0859375 0.6484375 0.056640625 0.619140625 0.037109375 0.603515625 0.037109375 0.533203125 0.0546875 0.48046875 0.052734375 0.44140625 0.0390625 0.419921875 0.0546875 0.34765625 0.072265625 0.2578125 0.111328125 0.1875 0.154296875 0.1328125 0.201171875 0.046875 0.341796875 0.041015625 0.421875 0.017578125 0.556640625 0.01953125 0.623046875 0.0390625 0.6796875 0.037109375 0.701171875 0.0546875 0.71484375 0.056640625 0.732421875 0.07421875 0.74609375 0.11328125 0.8125 0.19921875 0.908203125 0.220703125 0.91796875 0.24609375 0.91796875 0.275390625 0.939453125 0.306640625 0.943359375 0.365234375 0.97265625 0.453125 0.98828125 0.548828125 0.986328125 0.64453125 0.974609375 0.75 0.93359375 0.818359375 0.890625 0.912109375 0.806640625 0.95703125 0.73046875 0.978515625 0.669921875 1 0.64453125 1 0.37890625
13 0.26328125 0.20625 0.07890625 0.05546875
13 0.14765625 0.30625 0.0734375 0.0640625
13 0.10703125 0.4140625 0.06171875 0.09296875
13 0.09765625 0.52578125 0.078125 0.06015625
13 0.08828125 0.615625 0.08515625 0.0796875
13 0.16796875 0.71796875 0.07421875 0.0640625
13 0.2390625 0.803125 0.07890625 0.10078125
13 0.38515625 0.84296875 0.09296875 0.08359375
13 0.53046875 0.8390625 0.09140625 0.1015625
13 0.64921875 0.78046875 0.07734375 0.0625
13 0.70703125 0.72421875 0.0890625 0.08046875
13 0.7984375 0.69140625 0.08984375 0.0890625
13 0.33046875 0.69765625 0.06484375 0.09296875
13 0.22890625 0.60546875 0.09765625 0.109375
13 0.184375 0.42421875 0.06171875 0.08203125
13 0.2578125 0.31875 0.07578125 0.05546875
13 0.325 0.2359375 0.07265625 0.07109375
13 0.36640625 0.30625 0.06328125 0.05546875
13 0.303125 0.39609375 0.09375 0.08046875
13 0.29609375 0.4796875 0.0859375 0.07890625
13 0.35078125 0.5671875 0.071875 0.05234375
13 0.34921875 0.1421875 0.08203125 0.04453125
13 0.77734375 0.98828125 0.4453125 0.0234375
13 0.4046875 0.196875 0.059375 0.059375
13 0.428125 0.1125 0.06875 0.05546875
13 0.51796875 0.096875 0.075 0.05078125
13 0.51640625 0.159375 0.084375 0.06796875
13 0.6140625 0.1625 0.078125 0.0625
13 0.60625 0.07734375 0.07109375 0.06171875
13 0.675 0.10078125 0.05859375 0.06171875
13 0.47734375 0.67109375 0.07578125 0.08125
13 0.48671875 0.5734375 0.07734375 0.0734375
13 0.41640625 0.4984375 0.08515625 0.0609375
13 0.409375 0.4265625 0.08203125 0.075
13 0.440625 0.359375 0.0625 0.07734375
13 0.51875 0.34921875 0.08359375 0.08359375
13 0.45234375 0.2515625 0.084375 0.0578125
13 0.57109375 0.26875 0.08046875 0.05703125
13 0.63515625 0.3125 0.06484375 0.0546875
13 0.5984375 0.39296875 0.08046875 0.06953125
13 0.5453125 0.428125 0.053125 0.0609375
13 0.53359375 0.4859375 0.08046875 0.0734375
13 0.5671875 0.6875 0.0796875 0.08671875
13 0.63671875 0.63984375 0.071875 0.07734375
13 0.62578125 0.534375 0.07890625 0.0765625
13 0.71171875 0.58984375 0.078125 0.0625
13 0.8578125 0.59453125 0.0859375 0.06875
13 0.78046875 0.51328125 0.090625 0.07890625
13 0.66640625 0.459375 0.08671875 0.0875
13 0.909375 0.528125 0.09453125 0.08984375
13 0.91328125 0.403125 0.07734375 0.07109375
13 0.79296875 0.425 0.0734375 0.07734375
13 0.6828125 0.36796875 0.075 0.08125
13 0.6671875 0.253125 0.071875 0.06015625
13 0.77421875 0.18984375 0.0625 0.06953125
13 0.83828125 0.23515625 0.07734375 0.06796875
13 0.73046875 0.28046875 0.08125 0.08046875
13 0.7890625 0.3296875 0.0765625 0.05703125
13 0.890625 0.3265625 0.08671875 0.0734375