15 1 0.3509624296875 0.98979591875 0.338903059375 0.9673469390625 0.275637753125 0.9204081625 0.1960459171875 0.8224489796875 0.1082908140625 0.7510204078125 0.06339285624999999 0.651311953125 0.0246173453125 0.344897959375 0.0246173453125 0.2877551015625 0.0531887734375 0.255102040625 0.05727040625 0.22448979531250002 0.0797193859375 0.19795918437499999 0.0797193859375 0.1755102046875 0.08992346875 0.0857142859375 0.18992346875 0.044897959375000004 0.259311225 0.026530612500000002 0.27359693749999997 0.0244897953125 0.291964284375 0.0061224484375 0.3062499984375 0.008163265625 0.328698978125 0 0.35237244687499997 0 0.5394132640625 0.01020408125 0.5980867328125 0.01632653125 0.681760203125 0.1061224484375 0.828698978125 0.16326530625 0.8776785703125001 0.23673469374999997 0.9225765296875 0.3306122453125 0.9633928562499999 0.4061224484375 0.9817602046875 0.42690529374999997 0.996875 0.43203352656250005 0.996875 0.4693877546875 0.98380101875 0.5244897953125001 0.9817602046875 0.584948978125 0.996875 0.619164540625 0.996875 0.6448979593749999 0.9797193859375 0.73673469375 0.949107140625 0.7877551015625001 0.9205357125000001 0.9204081625 0.80012755 0.9755102046875 0.73686224375 1 0.6742772078125 1 0.3509624296875
13 0.2421875 0.20078125 0.0814453125 0.0578125
13 0.121875 0.30546875 0.075390625 0.0671875
13 0.07890625 0.41796875 0.0640625 0.098046875
13 0.06953125 0.53515625 0.08125 0.0638671875
13 0.059375 0.62890625 0.0876953125 0.0830078125
13 0.1421875 0.7359375 0.0779296875 0.066015625
13 0.2171875 0.825 0.083984375 0.105859375
13 0.3703125 0.86640625 0.096875 0.0875
13 0.52109375 0.8625 0.0953125 0.10625
13 0.6453125 0.8015625 0.08125 0.065625
13 0.70546875 0.74296875 0.0923828125 0.084375
13 0.8015625 0.70859375 0.09375 0.0923828125
13 0.3125 0.71484375 0.0685546875 0.096875
13 0.20703125 0.61796875 0.1017578125 0.1142578125
13 0.16015625 0.42890625 0.0642578125 0.0857421875
13 0.23671875 0.31875 0.0796875 0.056640625
13 0.30703125 0.23203125 0.0763671875 0.0736328125
13 0.35 0.30546875 0.0658203125 0.0578125
13 0.28359375 0.4 0.0984375 0.084375
13 0.2765625 0.48671875 0.090234375 0.082421875
13 0.334375 0.578125 0.075 0.055859375
13 0.3328125 0.134375 0.0845703125 0.046875
13 0.38984375 0.19140625 0.0625 0.0611328125
13 0.41484375 0.103125 0.071875 0.058984375
13 0.50859375 0.08671875 0.078125 0.053125
13 0.50703125 0.15234375 0.0888671875 0.0705078125
13 0.609375 0.15625 0.08125 0.065625
13 0.60078125 0.06640625 0.073828125 0.0640625
13 0.67265625 0.09140625 0.0609375 0.0642578125
13 0.465625 0.68671875 0.080859375 0.0857421875
13 0.47578125 0.58515625 0.0798828125 0.0765625
13 0.40234375 0.50703125 0.0890625 0.0638671875
13 0.3953125 0.43125 0.084765625 0.078125
13 0.42734375 0.36171875 0.065625 0.08125
13 0.509375 0.35078125 0.0875 0.0875
13 0.440625 0.2484375 0.0876953125 0.0595703125
13 0.5640625 0.2671875 0.0841796875 0.059375
13 0.63125 0.3125 0.0685546875 0.0564453125
13 0.59296875 0.39609375 0.084375 0.0732421875
13 0.53671875 0.4328125 0.0548828125 0.0626953125
13 0.52421875 0.49375 0.0830078125 0.075390625
13 0.56015625 0.70390625 0.0830078125 0.090625
13 0.6328125 0.65390625 0.075 0.0798828125
13 0.621875 0.54375 0.0814453125 0.0810546875
13 0.71171875 0.6015625 0.0826171875 0.0654296875
13 0.8640625 0.60703125 0.0904296875 0.071875
13 0.7828125 0.521875 0.0939453125 0.081640625
13 0.6640625 0.465625 0.0904296875 0.0908203125
13 0.9171875 0.53828125 0.097265625 0.09375
13 0.92109375 0.40703125 0.08125 0.075
13 0.79609375 0.4296875 0.0767578125 0.0810546875
13 0.68046875 0.3703125 0.078125 0.084375
13 0.66484375 0.25 0.075 0.0625
13 0.7765625 0.18359375 0.065625 0.0732421875
13 0.84296875 0.23125 0.0798828125 0.0716796875
13 0.73046875 0.27890625 0.0857421875 0.0830078125
13 0.79140625 0.3296875 0.0798828125 0.059375
13 0.89765625 0.3265625 0.090625 0.077734375