15 0.26171875 0 0.169921875 0.041015625 0.091796875 0.091796875 0.056640625 0.12890625 0.013671875 0.19921875 0 0.322265625 0 0.474609375 0.013671875 0.4765625 0.015625 0.484375 0 0.509765625 0 0.72265625 0.025390625 0.7734375 0.0625 0.80078125 0.123046875 0.818359375 0.1640625 0.81640625 0.21484375 0.84765625 0.306640625 0.875 0.388671875 0.912109375 0.626953125 0.962890625 0.6875 0.962890625 0.728515625 0.951171875 0.921875 0.837890625 1 0.75390625 0.998046875 0.21484375 0.90234375 0.13671875 0.771484375 0.072265625 0.6015625 0.025390625 0.517578125 0.015625 0.458984375 0 0.26171875 0
7 0.4671875 0.13125 0.128125 0.12421875
7 0.23984375 0.1296875 0.13515625 0.13515625
7 0.13359375 0.34609375 0.2484375 0.09609375
7 0.19140625 0.4765625 0.26328125 0.115625
7 0.22265625 0.603125 0.18125 0.071875
7 0.44453125 0.57265625 0.184375 0.11953125
7 0.590625 0.71875 0.20703125 0.175
7 0.3765625 0.26015625 0.16171875 0.0796875
7 0.3859375 0.40859375 0.175 0.06796875
7 0.5375 0.296875 0.109375 0.10546875
7 0.58046875 0.43046875 0.11640625 0.09609375
7 0.75 0.53125 0.1453125 0.23828125
7 0.7296875 0.2453125 0.121875 0.203125
11 0.16875 0.26953125 0.04921875 0.046875
11 0.13203125 0.5609375 0.046875 0.0453125
11 0.28828125 0.2875 0.0359375 0.040625
11 0.35859375 0.1390625 0.04609375 0.034375
11 0.49375 0.47265625 0.0609375 0.0578125
11 0.4375 0.6640625 0.05 0.0546875
11 0.6640625 0.5421875 0.04765625 0.04375
11 0.87734375 0.53671875 0.05625 0.065625
11 0.7 0.26796875 0.0328125 0.04921875
11 0.815625 0.2921875 0.06640625 0.05078125