15 1 0.203978809375 0.9102040812500001 0.130676021875 0.7734693874999999 0.0633290828125 0.5959183671875 0.014349490625 0.508163265625 0.004145409375 0.4928571421875 0.0000637765625 0.2134110796875 0.0000637765625 0.144897959375 0.030676021874999997 0.06326530625 0.0837372453125 0.026530612500000002 0.12251275625 0 0.165926484375 0 0.8004934218749999 0.0326530609375 0.8245535703125 0.09591836718749999 0.84292091875 0.1387755109375 0.8408801015625 0.19183673437499998 0.8735331625 0.2877551015625 0.902104590625 0.3734693875 0.9408801015625 0.621551209375 0.99375 0.686383934375 0.99375 0.728571428125 0.9816964296874999 0.9306122453125001 0.8633290812500001 1 0.78873724375 1 0.203978809375
7 0.45625 0.125 0.134375 0.130859375
7 0.21796875 0.12265625 0.140625 0.141796875
7 0.11875 0.34765625 0.2373046875 0.1
7 0.16796875 0.48515625 0.275 0.1205078125
7 0.2 0.61796875 0.1904296875 0.075
7 0.43203125 0.5859375 0.1923828125 0.125
7 0.584375 0.7390625 0.215625 0.183984375
7 0.3609375 0.26015625 0.16875 0.0830078125
7 0.37109375 0.41484375 0.1828125 0.0705078125
7 0.52890625 0.29765625 0.1140625 0.1107421875
7 0.5734375 0.4375 0.121875 0.1
7 0.7515625 0.54296875 0.152734375 0.2486328125
7 0.7296875 0.24453125 0.1279296875 0.2111328125
11 0.14375 0.26953125 0.050390625 0.0486328125
11 0.1046875 0.57421875 0.0498046875 0.0482421875
11 0.26796875 0.28828125 0.0375 0.0421875
11 0.3421875 0.1328125 0.047265625 0.03515625
11 0.48359375 0.48203125 0.0640625 0.0607421875
11 0.42421875 0.68203125 0.0517578125 0.0576171875
11 0.6609375 0.55390625 0.05 0.0453125
11 0.884375 0.5484375 0.0591796875 0.06875
11 0.6984375 0.2671875 0.034375 0.05234375
11 0.8203125 0.29296875 0.0689453125 0.053125