15 0.3153893859375 0 0.2738095234375 0.0118799609375 0.077380953125 0.126959325 0 0.2101438484375 0 0.7598958328125 0.097222221875 0.8392609125 0.2301587296875 0.904737103125 0.40277777812500004 0.95235615 0.48809523749999995 0.9622767859374999 0.547526040625 0.978125 0.7480713812500001 0.978125 0.841269840625 0.936483134375 0.9206349203125 0.8848958328125001 0.95634920625 0.8471974203125001 1 0.7757688484374999 1 0.49402281718749996 0.9980158734375 0.48608630937499997 1 0.482862103125 1 0.2162450390625 0.9880952375 0.192435515625 0.950396825 0.16465773749999998 0.8888888890625 0.1468005953125 0.847222221875 0.148784721875 0.7956349203124999 0.11703869062500001 0.702380953125 0.0892609125 0.61904761875 0.0515625 0.377100503125 0 0.3153893859375 0
7 0.4609375 0.13359375 0.1310546875 0.1265625
7 0.2296875 0.13125 0.1373046875 0.1375
7 0.12421875 0.35 0.2482421875 0.096875
7 0.18046875 0.48359375 0.2671875 0.1171875
7 0.2125 0.6125 0.184375 0.074609375
7 0.43828125 0.58125 0.1875 0.1216796875
7 0.5859375 0.73046875 0.209765625 0.178125
7 0.36875 0.26484375 0.162890625 0.08125
7 0.378125 0.415625 0.178125 0.06875
7 0.53203125 0.3015625 0.1109375 0.106640625
7 0.57578125 0.4375 0.11875 0.0970703125
7 0.7484375 0.53984375 0.1470703125 0.2421875
7 0.72734375 0.24921875 0.1234375 0.20625
11 0.1578125 0.27421875 0.05 0.0482421875
11 0.1203125 0.56953125 0.047265625 0.045703125
11 0.27890625 0.2921875 0.0359375 0.040625
11 0.35078125 0.140625 0.046875 0.034375
11 0.48828125 0.48046875 0.0611328125 0.0580078125
11 0.43046875 0.675 0.051171875 0.055859375
11 0.6609375 0.55078125 0.047265625 0.0451171875
11 0.87734375 0.5453125 0.0576171875 0.066015625
11 0.696875 0.271875 0.03203125 0.05
11 0.81484375 0.296875 0.0673828125 0.050390625