15 0 0 0.0006249984375 1 0.5429519203125001 1 1 0.7970008453124999 1 0 0 0
13 0.209375 0.825 0.2296875 0.1875
13 0.7265625 0.53828125 0.21484375 0.13046875
13 0.9234375 0.68515625 0.153125 0.1234375
13 0.08359375 0.22421875 0.1671875 0.10859375
13 0.3078125 0.3234375 0.19765625 0.0984375
13 0.46171875 0.4203125 0.17265625 0.159375
19 0.4953125 0.67578125 0.14765625 0.1765625
19 0.10546875 0.59140625 0.2109375 0.059375
19 0.0515625 0.0890625 0.10234375 0.0796875
19 0.61640625 0.37890625 0.1203125 0.10625
19 0.4359375 0.2 0.2328125 0.08203125
19 0.84453125 0.43984375 0.11328125 0.1375
19 0.9109375 0.3484375 0.08515625 0.0765625
11 0.80234375 0.0703125 0.0546875 0.05703125
11 0.02734375 0.5265625 0.0546875 0.06328125
11 0.9296875 0.13203125 0.13984375 0.17578125
1 0.14296875 0.703125 0.1765625 0.14453125
1 0.63984375 0.24609375 0.059375 0.08359375
1 0.88125 0.559375 0.0765625 0.053125