15 0.3811734046875 0 0 0.1692992109375 0 1 1 1 1 0 0.3811734046875 0
13 0.20078125 0.84375 0.242578125 0.19921875
13 0.74765625 0.540625 0.2267578125 0.1376953125
13 0.93671875 0.6953125 0.1263671875 0.1310546875
13 0.07734375 0.20625 0.1546875 0.115625
13 0.3046875 0.31328125 0.209375 0.1046875
13 0.46796875 0.415625 0.182421875 0.168359375
19 0.503125 0.6859375 0.15625 0.1873046875
19 0.1015625 0.59609375 0.202734375 0.0640625
19 0.04375 0.0640625 0.0873046875 0.083984375
19 0.63125 0.371875 0.1279296875 0.1125
19 0.440625 0.1828125 0.246875 0.0873046875
19 0.87265625 0.43671875 0.119921875 0.1453125
19 0.94296875 0.33984375 0.089453125 0.08125
11 0.828125 0.0453125 0.056640625 0.0595703125
11 0.01875 0.5265625 0.0375 0.0658203125
11 0.94375 0.10859375 0.1125 0.1859375
1 0.13046875 0.71484375 0.1861328125 0.1517578125
1 0.65625 0.23125 0.0625 0.0876953125
1 0.91171875 0.56328125 0.08125 0.05625