15 0 0 0 1 1 1 1 0.149368465625 0.663700221875 0 0 0
13 0.2203125 0.84609375 0.2498046875 0.203125
13 0.78125 0.53515625 0.23203125 0.141796875
13 0.95546875 0.69375 0.0890625 0.1341796875
13 0.08671875 0.19296875 0.1734375 0.11875
13 0.32734375 0.3015625 0.2142578125 0.1064453125
13 0.49453125 0.40703125 0.1861328125 0.1732421875
19 0.53046875 0.684375 0.160546875 0.191015625
19 0.1109375 0.5921875 0.221875 0.065625
19 0.0515625 0.046875 0.103125 0.084375
19 0.6625 0.3625 0.130859375 0.115625
19 0.46640625 0.16796875 0.253125 0.0890625
19 0.91015625 0.42890625 0.1232421875 0.1486328125
19 0.9671875 0.328125 0.065625 0.084375
11 0.86328125 0.02890625 0.0611328125 0.0576171875
11 0.0265625 0.52109375 0.053125 0.0673828125
11 0.9625 0.09375 0.075 0.1875
1 0.14921875 0.7140625 0.1919921875 0.15625
1 0.6875 0.21796875 0.062890625 0.090625
1 0.95 0.55859375 0.0841796875 0.0576171875