15 0.25610556562500003 0.1088905359375 0.1867778359375 0.1759296421875 0.1405593484375 0.259728525 0.098542540625 0.26810841406249997 0.08593749843750001 0.2988346703125 0.0775341375 0.360287184375 0.0775341375 0.5725776890625001 0.0901391796875 0.6675497546875 0.1783744734375 0.829560928125 0.22039128125000002 0.8491140015624999 0.237198003125 0.9021866265625 0.27711397031249996 0.9496726609374999 0.3487196453125 0.9984375 0.6304096609375 0.9984375 0.65106355 0.991572103125 0.6825761546875 0.9608458453125 0.7245929609374999 0.963639140625 0.8275341375 0.868667075 0.8863576671875 0.7792816 0.9346769968749999 0.6703430499999999 0.9850971640624999 0.511125175 0.9956013640625001 0.49715869375 0.9984375 0.49645163906249995 0.9984375 0.4294910953125 0.9577862390625 0.43849947499999997 0.9472820390625 0.34073411249999996 0.8968618703125 0.23738215624999998 0.8422400218749999 0.1675497546875 0.7687106078125 0.1088905359375 0.6573660703125 0.05023131875 0.4977022046875 0.016711765625 0.4199711125 0.01391846875 0.39686186874999996 0.0195050609375 0.25610556562500003 0.1088905359375
1 0.16015625 0.3390625 0.0609375 0.0783203125
1 0.1734375 0.5078125 0.065234375 0.096484375
1 0.29296875 0.64921875 0.0923828125 0.1111328125
1 0.4265625 0.7734375 0.08515625 0.083984375
1 0.65859375 0.73984375 0.0640625 0.0875
1 0.80234375 0.61640625 0.06875 0.129296875
1 0.89921875 0.4625 0.0701171875 0.0623046875
1 0.8546875 0.3265625 0.0564453125 0.083984375
1 0.56640625 0.09140625 0.0705078125 0.0705078125
1 0.4453125 0.06328125 0.0595703125 0.04375
1 0.35390625 0.12265625 0.051953125 0.032421875
1 0.2453125 0.21796875 0.05859375 0.079296875
1 0.3734375 0.20390625 0.0685546875 0.04375
1 0.42109375 0.2796875 0.0580078125 0.071875
1 0.55390625 0.21328125 0.0515625 0.0671875
1 0.66171875 0.28828125 0.063671875 0.0765625
1 0.7453125 0.328125 0.071875 0.0873046875
1 0.80390625 0.4453125 0.073828125 0.097265625
1 0.690625 0.41640625 0.080859375 0.059375
1 0.565625 0.41328125 0.081640625 0.0671875
1 0.4453125 0.434375 0.06875 0.08046875
1 0.33828125 0.4296875 0.0861328125 0.090234375
1 0.5421875 0.62109375 0.12109375 0.0765625
1 0.64453125 0.5671875 0.0576171875 0.078515625