15 0.54296875 1 0.61328125 0.9765625 0.642578125 0.9479166671874999 0.681640625 0.9505208328125001 0.77734375 0.8619791671874999 0.83203125 0.7786458328125 0.876953125 0.6770833328125 0.923828125 0.5286458328125 0.93359375 0.515625 0.96484375 0.5078125 0.95703125 0.4583333328125 0.9453125 0.4505208328125 0.8984375 0.4609375 0.888671875 0.3697916671875 0.841796875 0.2734375 0.791015625 0.20833333281250002 0.72265625 0.1536458328125 0.619140625 0.09895833281250001 0.470703125 0.06770833281250001 0.3984375 0.06510416718749999 0.376953125 0.0703125 0.24609375 0.1536458328125 0.181640625 0.21614583281250002 0.138671875 0.2942708328125 0.099609375 0.3020833328125 0.087890625 0.3307291671875 0.080078125 0.3880208328125 0.080078125 0.5859375 0.091796875 0.6744791671875 0.173828125 0.8255208328125001 0.212890625 0.84375 0.228515625 0.8932291671874999 0.265625 0.9375 0.345703125 0.9921875 0.365234375 1 0.54296875 1
1 0.15703125 0.36875 0.05625 0.0734375
1 0.16875 0.52578125 0.06015625 0.08984375
1 0.28046875 0.65703125 0.0859375 0.1046875
1 0.4046875 0.77265625 0.08046875 0.078125
1 0.6203125 0.74140625 0.059375 0.08125
1 0.75390625 0.62734375 0.06328125 0.1203125
1 0.84375 0.48359375 0.06484375 0.05703125
1 0.80234375 0.35625 0.05234375 0.07734375
1 0.534375 0.1375 0.065625 0.06640625
1 0.421875 0.11171875 0.05625 0.040625
1 0.33671875 0.16640625 0.04921875 0.0296875
1 0.2359375 0.2546875 0.05390625 0.0734375
1 0.35546875 0.2421875 0.06328125 0.040625
1 0.39921875 0.31328125 0.0546875 0.0671875
1 0.52265625 0.25078125 0.04765625 0.0625
1 0.62265625 0.32109375 0.05859375 0.071875
1 0.70078125 0.35859375 0.0671875 0.08125
1 0.75546875 0.4671875 0.06875 0.090625
1 0.65 0.440625 0.07421875 0.05546875
1 0.53359375 0.43671875 0.0765625 0.0625
1 0.421875 0.45703125 0.0640625 0.07421875
1 0.321875 0.453125 0.08046875 0.0828125
1 0.51171875 0.63125 0.11171875 0.07109375
1 0.60703125 0.58046875 0.053125 0.07421875