15 0.888788728125 0.2257142859375 0.8182759078125 0.15714285781249998 0.675113515625 0.0657142859375 0.6516092421875 0.06 0.5725494125 0.0628571421875 0.41015625 0.09714285781250001 0.2969083859375 0.15714285781249998 0.2221220609375 0.2171428578125 0.16656650625 0.288571428125 0.1152844546875 0.3942857140625 0.1046006953125 0.4942857140625 0.07041265937499999 0.48666666562499994 0.07041265937499999 0.5599999999999999 0.07682291718749999 0.5685714281250001 0.12810496875 0.731428571875 0.1772502671875 0.8428571421875001 0.23707932656250003 0.9342857140625 0.30622230781250004 0.9984375 0.8125432046875 0.9984375 0.8375066765625 0.968571428125 0.8546006953124999 0.9142857140625 0.8973357359374999 0.8942857140625 0.9870793265625 0.728571428125 0.9998998406249999 0.631428571875 0.9998998406249999 0.4142857140625 0.9913528296875 0.351428571875 0.9785323187499999 0.32 0.935797275 0.311428571875 0.888788728125 0.2257142859375
1 0.1546875 0.39296875 0.0623046875 0.08125
1 0.16796875 0.565625 0.0669921875 0.099609375
1 0.28984375 0.71015625 0.094921875 0.114453125
1 0.42578125 0.83671875 0.0875 0.0859375
1 0.66171875 0.80234375 0.064453125 0.0890625
1 0.80703125 0.6765625 0.0701171875 0.1314453125
1 0.90546875 0.51875 0.0705078125 0.0625
1 0.8609375 0.3796875 0.058984375 0.084375
1 0.5671875 0.1390625 0.071875 0.0720703125
1 0.44453125 0.1109375 0.0609375 0.0439453125
1 0.3515625 0.17109375 0.0533203125 0.0328125
1 0.24140625 0.26796875 0.0580078125 0.0798828125
1 0.371875 0.2546875 0.0689453125 0.0439453125
1 0.41953125 0.33203125 0.059375 0.0734375
1 0.55546875 0.26328125 0.051953125 0.06875
1 0.6640625 0.340625 0.065234375 0.0783203125
1 0.75 0.38125 0.074609375 0.087890625
1 0.809375 0.50078125 0.0751953125 0.0986328125
1 0.69375 0.471875 0.08125 0.062109375
1 0.56640625 0.46796875 0.0830078125 0.06875
1 0.44453125 0.48984375 0.0703125 0.08125
1 0.33515625 0.48515625 0.0888671875 0.0919921875
1 0.54296875 0.68125 0.1232421875 0.078125
1 0.646875 0.62578125 0.0591796875 0.08125