15 1 0.267774246875 0.9861878453124999 0.257400803125 0.9281767953125 0.234579228125 0.7044198890625 0.19723482812499998 0.2872928171875 0.205533584375 0.20165745781250002 0.215907028125 0 0.2684104875 0 0.519760021875 0.187845303125 0.5520066140625 0.347190103125 0.5609375 0.461948503125 0.5609375 0.6685082875 0.5354091015625 0.7679558015625 0.516736903125 0.9060773484375 0.4773178171875 1 0.419902009375 1 0.267774246875
19 0.2328125 0.4328125 0.191015625 0.0748046875
19 0.225 0.35546875 0.1751953125 0.0453125
19 0.5296875 0.46484375 0.171484375 0.0578125
19 0.52734375 0.37890625 0.1296875 0.0515625
19 0.740625 0.434375 0.175390625 0.05703125
11 0.4078125 0.228125 0.066015625 0.037109375
11 0.19765625 0.3046875 0.0578125 0.05
11 0.43125 0.359375 0.0779296875 0.04375
11 0.7078125 0.30625 0.06640625 0.040234375
11 0.75390625 0.37578125 0.0798828125 0.040625
2 0.36484375 0.4140625 0.053125 0.13125
2 0.41640625 0.4421875 0.051953125 0.09375
2 0.08046875 0.36484375 0.0951171875 0.06875
2 0.6296875 0.41640625 0.0591796875 0.1142578125
7 0.0390625 0.28828125 0.0751953125 0.053125
7 0.11953125 0.26796875 0.0794921875 0.0375
7 0.23984375 0.27734375 0.0640625 0.026171875
7 0.41328125 0.25703125 0.0734375 0.021875