15 0 0.515625 0.1953125 0.56640625 0.2760416671875 0.576171875 0.6692708328125 0.583984375 0.8802083328125001 0.548828125 0.9348958328125001 0.52734375 0.9791666671874999 0.494140625 0.9947916671874999 0.44921875 0.9713541671874999 0.388671875 0.859375 0.3203125 0.7291666671875 0.283203125 0.6354166671875 0.265625 0.4296875 0.240234375 0.3567708328125 0.240234375 0.1822916671875 0.25 0 0.28125 0 0.515625
19 0.22421875 0.46171875 0.18125 0.0703125
19 0.2171875 0.3890625 0.165625 0.0421875
19 0.5046875 0.4921875 0.16015625 0.0546875
19 0.50234375 0.41171875 0.121875 0.0484375
19 0.70390625 0.4640625 0.165625 0.05390625
11 0.38984375 0.26953125 0.06328125 0.03359375
11 0.19140625 0.34140625 0.0546875 0.04765625
11 0.41171875 0.39296875 0.07265625 0.040625
11 0.67265625 0.34296875 0.06328125 0.0375
11 0.715625 0.40859375 0.07578125 0.03828125
2 0.34921875 0.44453125 0.05 0.1234375
2 0.39765625 0.4703125 0.04921875 0.08828125
2 0.08046875 0.3984375 0.0890625 0.06484375
2 0.59921875 0.44609375 0.05546875 0.10859375
7 0.0421875 0.32578125 0.071875 0.05
7 0.11796875 0.30703125 0.075 0.03515625
7 0.23125 0.315625 0.06015625 0.02421875
7 0.3953125 0.29609375 0.06953125 0.02109375