15 1 0.273748946875 0.8371428578125 0.245910121875 0.6457142859375 0.235226359375 0.5657142859375 0.235226359375 0.33999999999999997 0.26300413749999996 0.23714285781250002 0.2822349078125 0.0942857140625 0.322833196875 0 0.380227353125 0 0.5407819171875 0.011428571875 0.5493289234375001 0.071428571875 0.572833196875 0.2913058171875 0.609375 0.399759953125 0.609375 0.7342857140625 0.6027477296875 0.8228571421875 0.59206396875 1 0.5461380421875 1 0.273748946875
19 0.209375 0.47734375 0.19921875 0.0765625
19 0.20078125 0.39765625 0.1826171875 0.046875
19 0.5171875 0.51015625 0.175390625 0.059375
19 0.51328125 0.42265625 0.134375 0.053125
19 0.73515625 0.4796875 0.1826171875 0.059375
11 0.38984375 0.26640625 0.0701171875 0.0361328125
11 0.17265625 0.3453125 0.0607421875 0.052734375
11 0.4140625 0.40234375 0.078515625 0.0451171875
11 0.70078125 0.34765625 0.0701171875 0.0419921875
11 0.7484375 0.41875 0.08359375 0.04296875
2 0.34609375 0.45859375 0.0548828125 0.1357421875
2 0.39921875 0.4875 0.0546875 0.0966796875
2 0.0515625 0.4078125 0.0970703125 0.071484375
2 0.6203125 0.4609375 0.059765625 0.11875
7 0.02265625 0.328125 0.0453125 0.053125
7 0.09296875 0.30859375 0.0826171875 0.0388671875
7 0.2171875 0.31796875 0.066015625 0.0265625
7 0.39609375 0.296875 0.0763671875 0.0220703125