15 0.8700787406250001 0 0.854330709375 0.007874015625 0.773622046875 0.0098425203125 0.7303149609374999 0.023622046875 0.6692913390624999 0.0787401578125 0.6476377953125 0.07480315 0.6338582671874999 0.05905511875 0.6161417328125001 0.08267716562500001 0.58464566875 0.0964566921875 0.55905511875 0.07480315 0.5196850390625001 0.07086614218750001 0.4901574796875 0.08858267656249999 0.48228346406249994 0.1161417328125 0.44685039375 0.12598425156249998 0.3503937015625 0.1240157484375 0.2440944875 0.151574803125 0 0.1711023625 0 0.7714303109375 0.188976378125 0.938976378125 0.2303149609375 0.9645669296875001 0.2992125984375 0.9822834640625 0.4736523328125 1 0.890419946875 1 0.9035433078124999 0.9901574796875 0.9173228343750001 0.962598425 0.948818896875 0.962598425 0.9645669296875001 0.954724409375 1 0.9597862781250001 1 0.5073818890624999 0.9980314953124999 0.5019685046875 1 0.4980314953125 1 0 0.8700787406250001 0
13 0.42578125 0.2765625 0.132421875 0.153515625
13 0.42734375 0.4578125 0.1609375 0.1751953125
13 0.84296875 0.44921875 0.1392578125 0.0921875
13 0.63671875 0.615625 0.1546875 0.2375
13 0.44609375 0.70078125 0.2861328125 0.25
2 0.09453125 0.61953125 0.1330078125 0.2982421875
2 0.54453125 0.41640625 0.115625 0.1544921875
0 0.7046875 0.3265625 0.068359375 0.074609375
0 0.9390625 0.20625 0.0595703125 0.0748046875
0 0.646875 0.17265625 0.056640625 0.0388671875
7 0.203125 0.3578125 0.1123046875 0.1029296875