15 0.00390625 0 0 0.482421875 0.0078125 0.498046875 0 0.51953125 0 0.953125 0.041015625 0.947265625 0.056640625 0.955078125 0.087890625 0.955078125 0.1015625 0.982421875 0.125 1 0.451171875 1 0.701171875 0.974609375 0.76953125 0.95703125 0.810546875 0.931640625 1 0.763671875 1 0.169921875 0.755859375 0.150390625 0.650390625 0.123046875 0.5546875 0.125 0.51953125 0.115234375 0.51171875 0.087890625 0.482421875 0.0703125 0.443359375 0.07421875 0.41796875 0.095703125 0.38671875 0.08203125 0.369140625 0.05859375 0.35546875 0.07421875 0.333984375 0.078125 0.2734375 0.0234375 0.23046875 0.009765625 0.150390625 0.0078125 0.134765625 0 0.00390625 0
13 0.428125 0.27421875 0.13125 0.15234375
13 0.4296875 0.4546875 0.159375 0.17421875
13 0.8421875 0.4453125 0.1390625 0.09140625
13 0.6375 0.6109375 0.15390625 0.2359375
13 0.4484375 0.6953125 0.284375 0.2484375
2 0.09921875 0.61484375 0.1328125 0.2953125
2 0.54609375 0.41328125 0.1140625 0.15234375
0 0.7046875 0.32421875 0.0671875 0.07421875
0 0.9375 0.20390625 0.06015625 0.0734375
0 0.64765625 0.171875 0.05703125 0.03828125
7 0.2078125 0.35546875 0.11015625 0.1015625