15 0.770051453125 0 0.7161016953125 0.0487288140625 0.6927966109375 0.044491525 0.6779661015625 0.0275423734375 0.6588983046875 0.0529661015625 0.625 0.0677966109375 0.5974576265625 0.044491525 0.5550847453125 0.0402542375 0.523305084375 0.059322034375 0.5148305078125001 0.0889830515625 0.476694915625 0.099576271875 0.37288135625 0.0974576265625 0.2584745765625 0.12711864374999998 0 0.14779661093750002 0 0.7980080375 0.1991525421875 0.9745762718750001 0.2402216421875 1 0.9830508468750001 1 1 1 1 0 0.770051453125 0
13 0.3859375 0.26171875 0.141015625 0.165625
13 0.3875 0.45703125 0.1720703125 0.1890625
13 0.83515625 0.446875 0.1513671875 0.0998046875
13 0.6125 0.6265625 0.168359375 0.25625
13 0.40859375 0.71796875 0.308203125 0.269921875
2 0.05 0.63046875 0.0998046875 0.3201171875
2 0.5140625 0.41171875 0.124609375 0.165625
0 0.6859375 0.315625 0.072265625 0.0810546875
0 0.93828125 0.1859375 0.064453125 0.07890625
0 0.62421875 0.15 0.0611328125 0.0408203125
7 0.146875 0.34921875 0.1189453125 0.1107421875