15 1 0.29911074531250004 0.9899193546875 0.29191028281250003 0.9818548390625 0.25360383125 0.9536290328125 0.2233618953125 0.8447580640625001 0.1648941546875 0.7762096781250001 0.1386844765625 0.7560483875 0.1185231859375 0.6935483875 0.11650705624999999 0.6512096781250001 0.0983618953125 0.5645161296875 0.080216734375 0.40322580625000004 0.0782006046875 0.395161290625 0.0862651203125 0.395161290625 0.10239415468749999 0.41532258125 0.18505544375 0.41733870937499995 0.2858618953125 0.4395161296875 0.36247479843749997 0.47177419374999996 0.6265877015625 0.4354838703125 0.6225554437499999 0.40927419374999996 0.5983618953125001 0.3366935484375 0.5983618953125001 0.2177419359375 0.5701360890625 0.1774193546875 0.5499747984375001 0.1129032265625 0.5419102828125 0.0786290328125 0.5237651203125 0 0.5187462468749999 0 0.830216734375 0.088709678125 0.88465221875 0.1411290328125 0.88465221875 0.1774193546875 0.9169102828125 0.21572580624999999 0.9330393140625001 0.3024193546875 0.9350554437499999 0.3790322578125 0.9572328625000001 0.5625 0.9733618953125 0.5987903218749999 0.9532006046875001 0.6754032265625 0.955216734375 0.7318548390624999 0.94715221875 0.8366935484375 0.9169102828125 0.9435483874999999 0.8705393156250001 1 0.8291414671874999 1 0.5251092078124999 0.9979838703125001 0.511668346875 1 0.5076360890625 1 0.29911074531250004
0 0.509375 0.86640625 0.118359375 0.0830078125
0 0.421875 0.7375 0.212109375 0.13046875
0 0.2640625 0.57109375 0.1216796875 0.1171875
0 0.203125 0.3734375 0.1564453125 0.1060546875
0 0.26171875 0.259375 0.0826171875 0.0716796875
0 0.51015625 0.29921875 0.0701171875 0.0607421875
0 0.5859375 0.2828125 0.047265625 0.034375
0 0.6109375 0.40859375 0.0845703125 0.084375
0 0.77890625 0.2578125 0.1640625 0.1033203125
0 0.85703125 0.36328125 0.0482421875 0.0328125
0 0.85859375 0.47109375 0.06875 0.0453125
2 0.12578125 0.58671875 0.1734375 0.136328125
2 0.07109375 0.38046875 0.1125 0.0984375
2 0.1484375 0.2875 0.125 0.080859375
2 0.36484375 0.2515625 0.1326171875 0.0845703125
2 0.50234375 0.19453125 0.0953125 0.0455078125
2 0.6671875 0.275 0.096484375 0.1720703125
2 0.85703125 0.40703125 0.1296875 0.0859375
2 0.91640625 0.31875 0.1486328125 0.0810546875
2 0.34609375 0.34765625 0.1169921875 0.0703125
2 0.36328125 0.4625 0.1078125 0.069140625
2 0.47265625 0.6078125 0.1294921875 0.1095703125
2 0.18203125 0.4640625 0.1953125 0.0779296875
2 0.5265625 0.78671875 0.07890625 0.057421875