15 1 0.234375 0.97265625 0.236328125 0.88671875 0.18359375 0.8359375 0.18359375 0.80078125 0.15234375 0.763671875 0.13671875 0.6796875 0.134765625 0.60546875 0.11328125 0.427734375 0.09765625 0.392578125 0.1171875 0.318359375 0.115234375 0.263671875 0.123046875 0.162109375 0.15234375 0.05859375 0.197265625 0 0.240234375 0 0.505859375 0.005859375 0.544921875 0 0.556640625 0 0.748046875 0.013671875 0.7578125 0.021484375 0.794921875 0.048828125 0.82421875 0.154296875 0.880859375 0.220703125 0.90625 0.240234375 0.92578125 0.30078125 0.927734375 0.341796875 0.9453125 0.42578125 0.962890625 0.58203125 0.96484375 0.58984375 0.95703125 0.58984375 0.94140625 0.5703125 0.861328125 0.568359375 0.763671875 0.546875 0.689453125 0.515625 0.43359375 0.55078125 0.4375 0.576171875 0.4609375 0.646484375 0.4609375 0.76171875 0.48828125 0.80078125 0.5078125 0.86328125 0.515625 0.896484375 0.533203125 0.98828125 0.5390625 1 0.53125 1 0.234375
0 0.49765625 0.8609375 0.1140625 0.08046875
0 0.4125 0.7359375 0.20546875 0.125
0 0.259375 0.57421875 0.1171875 0.11328125
0 0.20078125 0.38359375 0.15234375 0.10234375
0 0.25703125 0.2734375 0.0796875 0.06875
0 0.49765625 0.31171875 0.0671875 0.0578125
0 0.571875 0.2953125 0.046875 0.0328125
0 0.5953125 0.4171875 0.0828125 0.08203125
0 0.75859375 0.27109375 0.159375 0.10078125
0 0.834375 0.3734375 0.04609375 0.03125
0 0.8359375 0.478125 0.0671875 0.04375
2 0.12578125 0.58984375 0.16796875 0.13203125
2 0.07265625 0.38984375 0.109375 0.0953125
2 0.14765625 0.3 0.12109375 0.07734375
2 0.3578125 0.26484375 0.128125 0.0828125
2 0.48984375 0.21015625 0.0921875 0.04453125
2 0.65078125 0.28828125 0.0921875 0.1671875
2 0.834375 0.415625 0.125 0.0828125
2 0.89140625 0.3296875 0.14453125 0.078125
2 0.3390625 0.35859375 0.11328125 0.06875
2 0.35625 0.46953125 0.10390625 0.0671875
2 0.46171875 0.61015625 0.125 0.10625
2 0.18046875 0.47109375 0.18984375 0.075
2 0.5140625 0.78359375 0.07734375 0.05546875