15 1 0.1790084375 0.9826839828124999 0.1604555609375 0.865800865625 0.0976849984375 0.7922077921875 0.069546471875 0.7705627703125 0.04790145 0.703463203125 0.045736946875000004 0.6580086578125 0.026256428124999998 0.5649350656250001 0.006775909375 0.3917748921875 0.00461140625 0.3831168828125 0.013269415625 0.3831168828125 0.0305854328125 0.4047619046875 0.1193300203125 0.40692640625000004 0.22755512812499998 0.43073593125 0.309806209375 0.46536796562499994 0.5933559953125 0.4264069265625 0.5890269906250001 0.3982683984375 0.5630529656250001 0.3203463203125 0.5630529656250001 0.1926406921875 0.5327499328124999 0.14935065 0.5111049125 0.0800865796875 0.502446903125 0.04329004375 0.4829663828125 0 0.4802031890625 0 0.8372068421875 0.0541125546875 0.870412271875 0.1103896109375 0.870412271875 0.14935065 0.9050443046875 0.190476190625 0.9223603234375 0.2835497828125 0.924524825 0.36580086562499997 0.9483343484375 0.5269351515625 0.9625 0.568441221875 0.9625 0.6017316015625 0.9440053453124999 0.683982684375 0.946169846875 0.7445887453125 0.9375118375 0.8571428578125 0.9050443046875 0.971861471875 0.8552607562500001 1 0.8346258359375 1 0.1790084375
0 0.51484375 0.85 0.1263671875 0.087890625
0 0.4203125 0.71171875 0.2279296875 0.1390625
0 0.25078125 0.5328125 0.1296875 0.1251953125
0 0.1859375 0.32109375 0.16875 0.1138671875
0 0.2484375 0.1984375 0.087890625 0.075390625
0 0.51484375 0.24140625 0.073828125 0.0640625
0 0.596875 0.2234375 0.050390625 0.0373046875
0 0.6234375 0.35859375 0.0908203125 0.090625
0 0.80390625 0.196875 0.1765625 0.1123046875
0 0.8875 0.309375 0.05078125 0.034765625
0 0.88984375 0.42578125 0.073828125 0.0484375
2 0.10234375 0.55 0.1859375 0.1466796875
2 0.0515625 0.32578125 0.103125 0.1046875
2 0.1265625 0.228125 0.134375 0.087109375
2 0.359375 0.18984375 0.143359375 0.0919921875
2 0.50625 0.12890625 0.102734375 0.048828125
2 0.684375 0.215625 0.1029296875 0.1845703125
2 0.8875 0.35703125 0.137890625 0.0921875
2 0.93515625 0.259375 0.1296875 0.087109375
2 0.3390625 0.29296875 0.125 0.0763671875
2 0.3578125 0.41640625 0.115625 0.0736328125
2 0.475 0.571875 0.1376953125 0.1185546875
2 0.16328125 0.41796875 0.2107421875 0.0830078125
2 0.5328125 0.76484375 0.084765625 0.0609375