15 0.41015625 0.33203125 0.23046875 0.34765625 0.1328125 0.37890625 0.052734375 0.423828125 0.017578125 0.466796875 0.0078125 0.4921875 0.0078125 0.5390625 0.017578125 0.576171875 0.046875 0.625 0.087890625 0.662109375 0.201171875 0.7265625 0.435546875 0.763671875 0.49609375 0.763671875 0.5 0.75390625 0.451171875 0.673828125 0.421875 0.65625 0.5390625 0.619140625 0.583984375 0.623046875 0.64453125 0.67578125 0.705078125 0.71484375 0.74609375 0.70703125 0.8828125 0.646484375 0.90625 0.62109375 0.919921875 0.58203125 0.91796875 0.52734375 0.892578125 0.470703125 0.833984375 0.4140625 0.73046875 0.4140625 0.69921875 0.404296875 0.66015625 0.380859375 0.65234375 0.357421875 0.62890625 0.345703125 0.62890625 0.328125 0.69921875 0.326171875 0.716796875 0.33203125 0.75 0.326171875 0.78515625 0.333984375 0.7890625 0.279296875 0.77734375 0.25390625 0.646484375 0.1875 0.580078125 0.169921875 0.53515625 0.169921875 0.466796875 0.1796875 0.419921875 0.212890625 0.41015625 0.33203125
0 0.3546875 0.69765625 0.10234375 0.07890625
19 0.2328125 0.61875 0.1421875 0.08828125
19 0.16171875 0.525 0.1640625 0.06953125
19 0.1640625 0.44609375 0.13984375 0.05234375
19 0.31640625 0.50625 0.08828125 0.05859375
19 0.446875 0.5453125 0.1421875 0.07109375
19 0.3265625 0.39375 0.09453125 0.04921875
19 0.375 0.44296875 0.0625 0.03671875
2 0.6546875 0.5140625 0.1234375 0.0765625
2 0.54140625 0.490625 0.06328125 0.04296875
2 0.49375 0.42421875 0.08671875 0.0640625
2 0.2921875 0.4484375 0.08359375 0.03984375
2 0.35625 0.596875 0.08046875 0.08515625
2 0.215625 0.3953125 0.08203125 0.02578125