15 0.6830534140625 0.3504370859375 0.7028772015625 0.357045015625 0.7403221375 0.3504370859375 0.7799697140624999 0.359247659375 0.784375 0.29757365 0.771159140625 0.26893928906250003 0.6235820484375 0.1940494203125 0.5486921812500001 0.1742256328125 0.49803138750000003 0.1742256328125 0.42093887656250006 0.1852388484375 0.368075440625 0.22268378281249998 0.357062225 0.357045015625 0.15441905312499998 0.3746661609375 0.044286895312500005 0.4099084515625 0.00023403125 0.43462103281250003 0.00023403125 0.7330513984375 0.12137940625000002 0.8019789359375 0.3851966515625 0.84375 0.45401018750000005 0.84375 0.45838381093749997 0.832815940625 0.40331773125000003 0.7425075703124999 0.370278084375 0.7226837828125 0.502436675 0.6808335624999999 0.5530974671875 0.68523885 0.62137940625 0.7447102140624999 0.68966134375 0.788763078125 0.73591685 0.7799525046875 0.890101871875 0.711670565625 0.9165335906250001 0.6830362046875 0.93125 0.6409893203125 0.93125 0.6193247515625 0.9297494500000001 0.5773093328125001 0.9011150890625 0.5134326812500001 0.83503579375 0.4495560296875 0.718295703125 0.4495560296875 0.6830534140625 0.4385428125 0.63900055 0.4121110953125 0.630189978125 0.3856793765625 0.6037582609375 0.37246351718750004 0.6037582609375 0.3526397296875 0.6830534140625 0.3504370859375
0 0.29453125 0.76875 0.115625 0.087890625
19 0.15625 0.6796875 0.159765625 0.1
19 0.08359375 0.5734375 0.1671875 0.0779296875
19 0.0796875 0.4859375 0.15859375 0.058984375
19 0.2515625 0.553125 0.1 0.066015625
19 0.39765625 0.59765625 0.1607421875 0.0798828125
19 0.26328125 0.4265625 0.10625 0.0560546875
19 0.3171875 0.48203125 0.07109375 0.041796875
2 0.63203125 0.56171875 0.1390625 0.0859375
2 0.5046875 0.5359375 0.0716796875 0.047265625
2 0.45078125 0.4609375 0.0982421875 0.071875
2 0.2234375 0.48828125 0.09375 0.0453125
2 0.29609375 0.65546875 0.090625 0.095703125
2 0.1375 0.428125 0.0935546875 0.0283203125