15 0.5357011546875 0.1825827203125 0.5314994734375 0.17207851875 0.4663734234375 0.17207851875 0.2142725828125 0.21199448593749998 0.09242384375 0.2813222171875 0.048306196875 0.3212381828125 0.0167935921875 0.3737591921875 0.0062893890625 0.41367515781249997 0.0062893890625 0.46409532656249997 0.0167935921875 0.49140625 0.0546087171875 0.5376247375000001 0.14074317187500002 0.585944065625 0.24578518749999997 0.6195575109375 0.4390624984375 0.636364234375 0.4495667 0.76451549375 0.49998686875000004 0.8002297796875 0.57351628125 0.81073398125 0.6218356078125 0.81073398125 0.6932641796875 0.79182641875 0.8340204828125 0.720397846875 0.8466255234375 0.6930869234375 0.84242384375 0.63426339375 0.8046087171874999 0.6426667546875 0.76889443125 0.636364234375 0.74998686875 0.6426667546875 0.6743566171875 0.6405659140625 0.6743566171875 0.6216583515624999 0.6995667 0.609053309375 0.7079700625 0.5838432250000001 0.74998686875 0.558633140625 0.7836003140625001 0.5481289390625 0.8949448515625 0.5481289390625 0.9579700624999999 0.4872045703125 0.9852809859375 0.4262802 0.9859375 0.407897809375 0.9859375 0.363330021875 0.97267594375 0.3254398640625 0.9474658609375 0.29812893906250004 0.8004070375 0.2330028890625 0.7562893890625 0.224599528125 0.6911633390625 0.266616334375 0.6260372890625 0.3233390234375 0.5777179609374999 0.32754070468749996 0.45166754062500003 0.2876247375 0.48318014531250003 0.26871717500000003 0.5357011546875 0.1825827203125
0 0.3796875 0.73984375 0.1095703125 0.0857421875
19 0.2484375 0.6546875 0.1529296875 0.096484375
19 0.171875 0.5546875 0.175390625 0.0748046875
19 0.175 0.46953125 0.15 0.05625
19 0.33828125 0.534375 0.0953125 0.0626953125
19 0.478125 0.5765625 0.153125 0.077734375
19 0.34921875 0.41328125 0.1015625 0.053125
19 0.4015625 0.46640625 0.066015625 0.0392578125
2 0.7015625 0.5421875 0.133984375 0.0814453125
2 0.5796875 0.5171875 0.068359375 0.046484375
2 0.52890625 0.44609375 0.09375 0.06875
2 0.31171875 0.471875 0.0892578125 0.0435546875
2 0.38125 0.63203125 0.0873046875 0.0919921875
2 0.2296875 0.41484375 0.087890625 0.026953125