15 0 0.42214532812499994 0.005859375 0.5674740484374999 0.015625 0.595155709375 0.07421875 0.6401384078125 0.251953125 0.723183390625 0.44921875 0.7820069203125 0.751953125 0.7508650515624999 0.884765625 0.6955017296875 0.927734375 0.626297578125 0.921875 0.5432525953125 0.896484375 0.47404844218750003 0.841796875 0.404844290625 0.794921875 0.36678200625 0.62890625 0.3010380625 0.408203125 0.27335640156249996 0.185546875 0.294117646875 0.064453125 0.3460207609375 0 0.42214532812499994
13 0.11484375 0.37421875 0.071875 0.04140625
13 0.2171875 0.51484375 0.10234375 0.05625
13 0.12109375 0.46171875 0.0796875 0.05546875
13 0.1390625 0.415625 0.08828125 0.05390625
13 0.1625 0.35078125 0.0671875 0.04140625
13 0.22734375 0.33046875 0.06953125 0.03984375
13 0.2453125 0.3109375 0.06328125 0.03203125
13 0.3140625 0.30078125 0.04296875 0.01953125
13 0.303125 0.34609375 0.0578125 0.03203125
13 0.25625 0.3671875 0.06328125 0.034375
13 0.21015625 0.403125 0.0671875 0.0328125
13 0.2421875 0.4328125 0.0796875 0.04296875
13 0.2859375 0.48359375 0.090625 0.03984375
13 0.29375 0.55 0.0875 0.04375
13 0.390625 0.58671875 0.11875 0.06171875
13 0.4046875 0.51015625 0.09296875 0.0578125
13 0.41328125 0.459375 0.103125 0.04921875
13 0.33046875 0.4234375 0.0859375 0.06328125
13 0.3671875 0.3859375 0.0765625 0.0390625
13 0.3578125 0.33203125 0.05625 0.02890625
13 0.38671875 0.303125 0.05859375 0.03125
13 0.4234375 0.34375 0.0578125 0.065625
13 0.45078125 0.29375 0.05078125 0.03828125
13 0.5125 0.2953125 0.04765625 0.03359375
13 0.51171875 0.33203125 0.05703125 0.03046875
13 0.50546875 0.35859375 0.06796875 0.04921875
13 0.56484375 0.315625 0.05390625 0.03359375
13 0.56875 0.3421875 0.05703125 0.04296875
13 0.52265625 0.47109375 0.0859375 0.05546875
13 0.50859375 0.5421875 0.09296875 0.05703125
13 0.5421875 0.61484375 0.1125 0.06484375
13 0.5625 0.39453125 0.06953125 0.040625
13 0.62734375 0.36328125 0.06328125 0.0421875
13 0.62109375 0.31875 0.05078125 0.03203125
13 0.6859375 0.34765625 0.05234375 0.04609375
13 0.59453125 0.43359375 0.0703125 0.0578125
13 0.59609375 0.52421875 0.0875 0.05703125
13 0.6234375 0.58125 0.0984375 0.08125
13 0.66640625 0.40234375 0.06328125 0.0484375
13 0.721875 0.37578125 0.06171875 0.0296875
13 0.7703125 0.4 0.06328125 0.04453125
13 0.69921875 0.4484375 0.07890625 0.0546875
13 0.71484375 0.5078125 0.0875 0.0546875
13 0.72578125 0.58125 0.1015625 0.08359375
13 0.81015625 0.4375 0.08125 0.0484375
13 0.803125 0.4828125 0.08984375 0.05546875
13 0.82265625 0.5515625 0.1046875 0.08671875
2 0.46640625 0.40546875 0.08984375 0.0359375