15 0 0.64100841875 0.0448182390625 0.7133435218749999 0.18359375 0.7713145359375 0.47701956875 0.8015625 0.5078203765625 0.8015625 0.7060427296875 0.7423290296875 0.8917570140625 0.6553725078125 0.9529815062500001 0.6082710578125 0.9631855874999999 0.5792855515625 0.9671875 0.47981773125 0.9671875 0.42460182343749997 0.9019610984374999 0.34740149374999996 0.775430484375 0.29305366718750003 0.5427774234375 0.2713145359375 0.312165178125 0.30030004374999997 0.1386957921875 0.3691406234375 0.0897161984375 0.40899569687500004 0.0325733421875 0.48145946406249995 0.0060427296875 0.5539232328125 0 0.6397475171875 0 0.64100841875
13 0.11796875 0.37734375 0.075 0.042578125
13 0.225 0.525 0.10625 0.0591796875
13 0.12421875 0.46875 0.083203125 0.058984375
13 0.14296875 0.42109375 0.0921875 0.05625
13 0.16796875 0.353125 0.0703125 0.0435546875
13 0.2359375 0.33203125 0.0720703125 0.0419921875
13 0.2546875 0.31171875 0.065625 0.033203125
13 0.32578125 0.30078125 0.0453125 0.0203125
13 0.31484375 0.3484375 0.0607421875 0.0341796875
13 0.265625 0.36953125 0.065625 0.0359375
13 0.2171875 0.4078125 0.0689453125 0.034375
13 0.25078125 0.43828125 0.0828125 0.0453125
13 0.296875 0.4921875 0.0939453125 0.0408203125
13 0.3046875 0.56171875 0.091015625 0.0455078125
13 0.40546875 0.6 0.1236328125 0.0654296875
13 0.42109375 0.51953125 0.096875 0.0609375
13 0.4296875 0.46640625 0.108984375 0.0515625
13 0.34296875 0.42890625 0.0892578125 0.0669921875
13 0.38125 0.38984375 0.080859375 0.040625
13 0.371875 0.33359375 0.0591796875 0.0298828125
13 0.4015625 0.303125 0.0623046875 0.031640625
13 0.43984375 0.3453125 0.0607421875 0.06875
13 0.46953125 0.29375 0.053125 0.0404296875
13 0.53359375 0.2953125 0.0486328125 0.0345703125
13 0.5328125 0.33359375 0.059375 0.032421875
13 0.5265625 0.3609375 0.0716796875 0.052734375
13 0.58828125 0.31640625 0.0576171875 0.0357421875
13 0.59296875 0.34375 0.059375 0.04453125
13 0.54375 0.47890625 0.090234375 0.0578125
13 0.52890625 0.553125 0.096875 0.059375
13 0.56484375 0.6296875 0.1171875 0.068359375
13 0.5859375 0.3984375 0.0720703125 0.041015625
13 0.653125 0.365625 0.0658203125 0.04375
13 0.64765625 0.31953125 0.053125 0.033203125
13 0.71484375 0.34921875 0.0546875 0.0484375
13 0.61875 0.4390625 0.07421875 0.059765625
13 0.6203125 0.53515625 0.091015625 0.0607421875
13 0.64921875 0.59453125 0.103125 0.0857421875
13 0.69453125 0.40625 0.065625 0.050390625
13 0.7515625 0.37890625 0.0654296875 0.03125
13 0.80234375 0.4046875 0.066796875 0.046484375
13 0.72890625 0.4546875 0.082421875 0.056640625
13 0.74453125 0.5171875 0.0921875 0.05859375
13 0.75703125 0.59453125 0.10625 0.0875
13 0.84453125 0.44296875 0.0857421875 0.0513671875
13 0.83671875 0.490625 0.09375 0.056640625
13 0.85703125 0.56328125 0.109375 0.090625
2 0.48515625 0.41015625 0.09375 0.0375