15 1 0.407865765625 0.9603524234374999 0.3439453125 0.8105726875 0.2814453125 0.4691629953125 0.2462890625 0.24669603593749997 0.3126953125 0.04625550625 0.4064453125 0 0.4419921875 0 0.69680989375 0.035242290625 0.7384765625 0.1718061671875 0.7970703125 0.387334803125 0.8171875 0.44935297343749997 0.8171875 0.6718061671875 0.7892578125 0.8590308375 0.7150390625 0.9118942734375001 0.6720703125 0.9735682812500001 0.5939453125 1 0.5218299296875 1 0.407865765625
13 0.09140625 0.36015625 0.0798828125 0.046875
13 0.20703125 0.51875 0.1142578125 0.0626953125
13 0.09921875 0.45859375 0.0892578125 0.0638671875
13 0.11953125 0.40703125 0.1 0.0609375
13 0.1453125 0.33359375 0.0751953125 0.046875
13 0.21953125 0.3109375 0.078125 0.046484375
13 0.2390625 0.2890625 0.0716796875 0.034765625
13 0.31640625 0.27734375 0.0486328125 0.021875
13 0.3046875 0.328125 0.0654296875 0.037109375
13 0.25078125 0.3515625 0.070703125 0.03984375
13 0.19921875 0.39296875 0.0763671875 0.0375
13 0.2359375 0.42578125 0.08984375 0.0484375
13 0.28515625 0.48359375 0.1017578125 0.0451171875
13 0.29375 0.55859375 0.099609375 0.048828125
13 0.403125 0.6 0.1341796875 0.0689453125
13 0.41953125 0.51328125 0.1046875 0.065625
13 0.42890625 0.45625 0.1169921875 0.0560546875
13 0.33515625 0.415625 0.096875 0.071875
13 0.3765625 0.37265625 0.084765625 0.04375
13 0.36640625 0.3125 0.0638671875 0.031640625
13 0.3984375 0.2796875 0.0658203125 0.0345703125
13 0.43984375 0.325 0.0642578125 0.0748046875
13 0.47109375 0.26953125 0.0578125 0.0423828125
13 0.540625 0.27109375 0.053125 0.0388671875
13 0.53984375 0.3125 0.0640625 0.0345703125
13 0.5328125 0.3421875 0.07734375 0.055859375
13 0.59921875 0.29453125 0.0609375 0.0375
13 0.6046875 0.3234375 0.06484375 0.04765625
13 0.5515625 0.46953125 0.096875 0.0625
13 0.5359375 0.54921875 0.10390625 0.0640625
13 0.57421875 0.63203125 0.1265625 0.0734375
13 0.596875 0.3828125 0.0783203125 0.046484375
13 0.66953125 0.34765625 0.070703125 0.048046875
13 0.66328125 0.29765625 0.0578125 0.0359375
13 0.7359375 0.3296875 0.059375 0.0529296875
13 0.6328125 0.4265625 0.07890625 0.065234375
13 0.634375 0.5296875 0.0998046875 0.0654296875
13 0.665625 0.59375 0.112109375 0.0908203125
13 0.7140625 0.39140625 0.071484375 0.0546875
13 0.7765625 0.36171875 0.069140625 0.033203125
13 0.83125 0.3890625 0.0716796875 0.05
13 0.7515625 0.44375 0.0876953125 0.0623046875
13 0.76875 0.5109375 0.0998046875 0.0623046875
13 0.78125 0.59375 0.1154296875 0.0939453125
13 0.8765625 0.43125 0.0908203125 0.055859375
13 0.86796875 0.4828125 0.1015625 0.0625
13 0.88984375 0.5609375 0.1173828125 0.0970703125
2 0.48828125 0.3953125 0.1015625 0.040625