15 0.009765625 0 0 0.005859375 0 0.46875 0.01171875 0.4921875 0 0.509765625 0 1 1 1 1 0.14453125 0.900390625 0.080078125 0.736328125 0 0.009765625 0
11 0.134375 0.15546875 0.1078125 0.09765625
11 0.4328125 0.15546875 0.096875 0.09765625
11 0.371875 0.22109375 0.1046875 0.10234375
11 0.67578125 0.02734375 0.09375 0.0546875
11 0.84765625 0.3328125 0.11875 0.1046875
11 0.9609375 0.50234375 0.078125 0.1421875
11 0.52890625 0.72109375 0.14921875 0.1296875
11 0.19765625 0.53515625 0.1515625 0.13671875
11 0.2609375 0.7328125 0.18203125 0.14453125
2 0.50390625 0.43984375 0.44921875 0.2609375
2 0.1421875 0.36015625 0.23125 0.17734375
2 0.61953125 0.24609375 0.24453125 0.3296875
2 0.76796875 0.68828125 0.21171875 0.29921875
2 0.0546875 0.6734375 0.109375 0.3984375