15 0 0 0 1 1 1 1 0 0 0
11 0.13125 0.06015625 0.1248046875 0.1125
11 0.4765625 0.06015625 0.1125 0.1125
11 0.40625 0.1359375 0.1216796875 0.1185546875
11 0.94296875 0.2625 0.1140625 0.11875
11 0.5875 0.71484375 0.1720703125 0.1513671875
11 0.20390625 0.5 0.175 0.156640625
11 0.2765625 0.72890625 0.2095703125 0.1673828125
2 0.55859375 0.38984375 0.5203125 0.3015625
2 0.13984375 0.29765625 0.267578125 0.205078125
2 0.69140625 0.17734375 0.2828125 0.3546875
2 0.86484375 0.67734375 0.2453125 0.346875
2 0.05078125 0.6609375 0.1015625 0.462109375