15 0 0 0 0.8710863390625001 0.0745967734375 0.9193548390625 0.2398210078125 1 0.9973118281250001 1 1 0.998387096875 1 0.5100806453125 0.991935484375 0.49395161249999997 1 0.4818548390625 1 0 0 0
11 0.13515625 0.15859375 0.1109375 0.1013671875
11 0.44296875 0.15859375 0.1 0.1013671875
11 0.3796875 0.22578125 0.1091796875 0.1048828125
11 0.69375 0.02734375 0.096875 0.0546875
11 0.87109375 0.34140625 0.1232421875 0.1078125
11 0.9734375 0.51640625 0.052734375 0.1453125
11 0.54140625 0.7421875 0.1544921875 0.134375
11 0.2 0.55078125 0.15625 0.140625
11 0.26484375 0.75390625 0.1875 0.148828125
2 0.515625 0.45234375 0.4626953125 0.26875
2 0.14296875 0.3703125 0.2388671875 0.183984375
2 0.6359375 0.2515625 0.2529296875 0.340625
2 0.7890625 0.70859375 0.2185546875 0.309375
2 0.0546875 0.69375 0.1091796875 0.412109375