15 0.3248847921875 0 0.1866359453125 0.086419753125 0.076036865625 0.19444444375 0.0299539171875 0.2746913578125 0 0.301917990625 0 0.9083719140625 0.002304146875 0.9104938265625 0.0645161296875 0.9351851859375 0.13032258125 1 1 1 1 0.0485743671875 0.9700460828124999 0.024691357812500002 0.9308755765625 0.027777778125000003 0.8963133640625 0 0.8225806453125 0.0030864203125 0.8148303312499999 0 0.3248847921875 0
18 0.3625 0.47734375 0.1060546875 0.1388671875
18 0.490625 0.6234375 0.119140625 0.2126953125
18 0.471875 0.19453125 0.0783203125 0.1328125
18 0.8546875 0.90390625 0.153515625 0.1701171875
18 0.68828125 0.75234375 0.1201171875 0.146875
18 0.67890625 0.22734375 0.0955078125 0.0984375
18 0.8671875 0.35703125 0.078515625 0.1265625
18 0.25390625 0.32109375 0.0763671875 0.1298828125
2 0.8859375 0.65546875 0.1408203125 0.1142578125
2 0.24375 0.58046875 0.1375 0.159375
2 0.6078125 0.10546875 0.0720703125 0.0794921875
2 0.56484375 0.4234375 0.153125 0.078125