15 1 0.1946790546875 0.9817073171875 0.18657094531250001 0.9369918703125 0.13521959374999998 0.8516260156250001 0.0676520265625 0.8170731703125 0.07035472968749999 0.7865853656249999 0.0460304046875 0.721544715625 0.048733107812499996 0.6463414640625 0.019003378125 0.45934959375 0.021706081250000002 0.37804878125 0.043327703125 0.282520325 0.0460304046875 0.16056910625 0.12170608125 0.0630081296875 0.216300675 0.022357723437499998 0.2865709453125 0 0.3067446921875 0 0.8441285031250001 0.052845528125 0.8649493250000001 0.12195121874999999 0.9325168921874999 0.172764228125 0.9541385140624999 0.2123630875 1 1 1 1 0.1946790546875
18 0.315625 0.4640625 0.0935546875 0.1216796875
18 0.42890625 0.5921875 0.10625 0.187109375
18 0.41171875 0.21640625 0.069921875 0.116796875
18 0.75 0.8375 0.137109375 0.14921875
18 0.603125 0.7046875 0.1060546875 0.128125
18 0.59453125 0.24453125 0.0857421875 0.0859375
18 0.7609375 0.35859375 0.071484375 0.1109375
18 0.21953125 0.32734375 0.0671875 0.1140625
2 0.77734375 0.6203125 0.125 0.100390625
2 0.2109375 0.55390625 0.121875 0.1392578125
2 0.5328125 0.13828125 0.065234375 0.06875
2 0.49453125 0.41640625 0.1357421875 0.06875