15 1 0.20052083281250002 0.9765625 0.1901041671875 0.93359375 0.140625 0.8515625 0.07552083281250001 0.818359375 0.078125 0.7890625 0.0546875 0.7265625 0.05729166718749999 0.654296875 0.0286458328125 0.474609375 0.03125 0.396484375 0.05208333281250001 0.3046875 0.0546875 0.1875 0.1276041671875 0.09375 0.21875 0.0546875 0.2864583328125 0 0.3359375 0 0.7942708328125 0.03125 0.8229166671874999 0.083984375 0.84375 0.150390625 0.9088541671874999 0.19921875 0.9296875 0.259765625 1 1 1 1 0.20052083281250002
18 0.3359375 0.45703125 0.0890625 0.11640625
18 0.4453125 0.58125 0.10234375 0.1796875
18 0.42890625 0.21875 0.0671875 0.1125
18 0.75390625 0.8171875 0.13125 0.14296875
18 0.6125 0.6890625 0.10078125 0.1234375
18 0.6046875 0.24609375 0.08125 0.0828125
18 0.7640625 0.35625 0.0671875 0.10703125
18 0.24453125 0.32578125 0.0640625 0.11015625
2 0.7796875 0.6078125 0.1203125 0.096875
2 0.2359375 0.54453125 0.11640625 0.134375
2 0.54453125 0.14375 0.06171875 0.06640625
2 0.50859375 0.41171875 0.1296875 0.065625