15 0.0787401578125 0 0 0.0390625 0 0.484375 0.007874015625 0.4921875 0.007874015625 0.5078125 0 0.513671875 0 0.99609375 0.4311023625 1 0.417322834375 0.97265625 0.4192913390625 0.94921875 0.4311023625 0.9375 0.460629921875 0.93359375 0.4803149609375 0.943359375 0.4881889765625 0.986328125 0.5255905515625 1 1 1 1 0.12109375 0.9114173234375 0.060546875 0.8287401578125 0.03515625 0.7618110234375 0 0.5216535437500001 0 0.5 0.0078125 0.476377953125 0 0.0787401578125 0
1 0.49765625 0.834375 0.1375 0.12265625
1 0.62421875 0.4734375 0.1234375 0.21796875
1 0.80625 0.65703125 0.1109375 0.10703125
1 0.95078125 0.52421875 0.0984375 0.14140625
1 0.1296875 0.3328125 0.21875 0.09921875
1 0.45625 0.08046875 0.07109375 0.08359375
1 0.6859375 0.18046875 0.07578125 0.0734375
1 0.81953125 0.14296875 0.134375 0.08984375
1 0.1765625 0.07578125 0.07265625 0.0515625
1 0.0828125 0.2265625 0.0765625 0.05625
1 0.4984375 0.2328125 0.14375 0.07421875