15 0.222000884375 0 0.169322709375 0.027667984375 0.08565737031250001 0.05335968437500001 0 0.111901625 0 1 0.48690950468749994 1 0.5139442234375 0.9901185765625 0.52191235 0.946640315625 0.5418326687499999 0.9367588937500001 0.571713146875 0.9407114625 0.5836653390625 0.9525691703125 0.5856573703125 0.976284584375 0.5737051796875 1 1 1 1 0.505928853125 1 0.49011857656249996 1 0.027667984375 0.9442231078125 0 0.50199203125 0 0.222000884375 0
1 0.49609375 0.83671875 0.1390625 0.1236328125
1 0.6234375 0.471875 0.125 0.21953125
1 0.8078125 0.65703125 0.1125 0.1080078125
1 0.95234375 0.521875 0.0953125 0.143359375
1 0.1234375 0.32890625 0.221484375 0.1
1 0.45390625 0.0734375 0.071875 0.084375
1 0.6859375 0.175 0.077734375 0.0748046875
1 0.821875 0.13671875 0.137109375 0.090625
1 0.1703125 0.06875 0.072265625 0.0529296875
1 0.07578125 0.22109375 0.076953125 0.057421875
1 0.496875 0.22734375 0.144140625 0.075