15 0 0 0 0.9077777781249999 0.07456140312500001 0.9586956515624999 0.1666666671875 0.9869565218749999 0.1915204671875 1 1 1 1 0 0 0
1 0.46484375 0.90234375 0.153125 0.1361328125
1 0.60546875 0.5015625 0.1375 0.241015625
1 0.8078125 0.70546875 0.12265625 0.119921875
1 0.95703125 0.55625 0.0857421875 0.15625
1 0.0875 0.34296875 0.175 0.1078125
1 0.41796875 0.06328125 0.0796875 0.092578125
1 0.67421875 0.175 0.084375 0.0814453125
1 0.8234375 0.1328125 0.1498046875 0.1
1 0.10703125 0.05859375 0.0798828125 0.0576171875
1 0.021875 0.225 0.04375 0.0626953125
1 0.465625 0.2328125 0.159765625 0.081640625