15 0.287109375 0.1145833328125 0.224609375 0.1276041671875 0.216796875 0.140625 0.216796875 0.1927083328125 0.1796875 0.265625 0.162109375 0.28125 0.138671875 0.3723958328125 0.134765625 0.5494791671875 0.16015625 0.59375 0.16796875 0.6484375 0.18359375 0.6796875 0.1796875 0.7135416671875 0.201171875 0.7291666671875 0.216796875 0.7578125 0.208984375 0.7994791671875 0.177734375 0.8177083328125001 0.17578125 0.828125 0.22265625 0.8307291671874999 0.2421875 0.8958333328125001 0.251953125 0.9088541671874999 0.29296875 0.9114583328125001 0.328125 0.9895833328125001 0.3515625 0.9713541671874999 0.365234375 0.984375 0.490234375 0.984375 0.58984375 0.9713541671874999 0.662109375 0.9479166671874999 0.80859375 0.8203125 0.8515625 0.7552083328125 0.859375 0.7265625 0.904296875 0.6458333328125 0.890625 0.4244791671875 0.86328125 0.2890625 0.841796875 0.23697916718749998 0.77734375 0.15625 0.73828125 0.06770833281250001 0.705078125 0.03125 0.671875 0.015625 0.5859375 0.0234375 0.501953125 0.015625 0.41015625 0.0364583328125 0.337890625 0.06770833281250001 0.287109375 0.1145833328125
19 0.371875 0.8296875 0.121875 0.17578125
19 0.1859375 0.51875 0.10234375 0.13984375
19 0.7734375 0.7671875 0.0875 0.115625
19 0.82734375 0.3515625 0.0515625 0.11171875
19 0.48515625 0.35390625 0.0875 0.10625
19 0.36875 0.10703125 0.08046875 0.0984375
3 0.28125 0.42890625 0.06953125 0.109375
3 0.43671875 0.571875 0.06875 0.1421875
3 0.47109375 0.8046875 0.05859375 0.1078125
3 0.72265625 0.690625 0.06484375 0.12421875
3 0.5125 0.43203125 0.16171875 0.1359375
3 0.6921875 0.22265625 0.08359375 0.1203125
3 0.59375 0.1015625 0.09453125 0.08671875
3 0.3359375 0.2875 0.1140625 0.09609375
12 0.43125 0.65859375 0.12265625 0.1015625
12 0.5921875 0.84375 0.1796875 0.0875
12 0.68671875 0.303125 0.09453125 0.18515625
12 0.6 0.2015625 0.08671875 0.09453125