15 0.20435088124999998 0 0.19283014375000002 0.0154320984375 0.16978866875 0.0925925921875 0.1144891296875 0.09567901250000001 0.1167932765625 0.108024690625 0.1536596359375 0.1296296296875 0.1628762265625 0.17901234531250002 0.144443046875 0.21296296250000002 0.119097425 0.23148148124999998 0.12370571875 0.2716049375 0.1052725390625 0.308641975 0.09605595 0.37345679062500003 0.0661020328125 0.42592592656250006 0.070710328125 0.63580246875 0.098360096875 0.7438271609375 0.119097425 0.7623456796875 0.1628762265625 0.8487654328125 0.1628762265625 0.9104938265625 0.172092815625 0.9259259265625 0.245825534375 0.9413580250000001 0.30573336875 0.9969135796874999 0.3128378234375 1 0.77528570625 1 0.7780835984375 0.9969135796874999 0.8241665484375 0.891975309375 0.900203415625 0.796296296875 0.9255490359375 0.7345679015625 0.9578071015624999 0.5740740734374999 0.971875 0.34525363593749997 0.971875 0.3080071796875 0.9209407421875 0.2160493828125 0.9117241515625001 0.182098765625 0.8610329078125 0.104938271875 0.74112319375 0 0.20435088124999998 0
19 0.34453125 0.89921875 0.1421875 0.2015625
19 0.12734375 0.5375 0.1203125 0.165625
19 0.8203125 0.83203125 0.103125 0.1361328125
19 0.884375 0.3390625 0.062109375 0.1314453125
19 0.4796875 0.3421875 0.1033203125 0.127734375
19 0.3421875 0.05390625 0.0939453125 0.1078125
3 0.2390625 0.43125 0.0814453125 0.130859375
3 0.42265625 0.60078125 0.08125 0.16875
3 0.46328125 0.8765625 0.06875 0.128125
3 0.76015625 0.74140625 0.0765625 0.146875
3 0.5125 0.434375 0.190625 0.1623046875
3 0.72421875 0.18671875 0.0984375 0.1421875
3 0.60625 0.04609375 0.1125 0.0921875
3 0.3046875 0.2640625 0.134375 0.115234375
12 0.41640625 0.703125 0.1453125 0.11953125
12 0.60625 0.92265625 0.2125 0.1044921875
12 0.71796875 0.28203125 0.1111328125 0.2201171875
12 0.615625 0.16171875 0.1029296875 0.1125