15 0.83828125 1 0.8588169625000001 0.93154761875 0.9123883921875 0.9285714281249999 0.91015625 0.9166666671874999 0.8744419625000001 0.8958333328125001 0.8655133921875 0.8482142859374999 0.8833705359374999 0.815476190625 0.9079241078125 0.797619046875 0.9034598203125 0.7589285718750001 0.9213169625000001 0.7232142859375 0.9302455359374999 0.6607142859375 0.9592633921875 0.610119046875 0.9547991078125 0.4077380953125 0.9280133921875 0.30357142812500004 0.9079241078125 0.28571428593750003 0.8655133921875 0.20238095312499998 0.8655133921875 0.1428571421875 0.8565848203125 0.127976190625 0.78515625 0.11309523749999999 0.7271205359375 0.059523809375 0.64453125 0.0238095234375 0.5396205359375 0 0.44363839374999997 0.008928571875000001 0.3454241078125 0 0.30747767656249997 0.0178571421875 0.26953125 0.059523809375 0.2248883921875 0.16071428593749998 0.151227678125 0.252976190625 0.1266741078125 0.3125 0.0954241078125 0.4672619046875 0.0797991078125 0.7202380953125 0.1311383921875 0.8125 0.1400669625 0.8452380953124999 0.1891741078125 0.9196428578125 0.281420828125 1 0.83828125 1
19 0.35 0.91328125 0.1375 0.1734375
19 0.1390625 0.575 0.1158203125 0.159375
19 0.81015625 0.85859375 0.1 0.1326171875
19 0.871875 0.38359375 0.059375 0.1267578125
19 0.48046875 0.38671875 0.1013671875 0.121875
19 0.3484375 0.1046875 0.091015625 0.1125
3 0.24765625 0.471875 0.0796875 0.125
3 0.42578125 0.6359375 0.0794921875 0.1625
3 0.4640625 0.9015625 0.0658203125 0.122265625
3 0.7515625 0.77109375 0.074609375 0.1421875
3 0.51171875 0.47578125 0.184375 0.1548828125
3 0.7171875 0.23671875 0.096484375 0.1375
3 0.6046875 0.0984375 0.108984375 0.0998046875
3 0.3109375 0.3109375 0.128515625 0.1095703125
12 0.41875 0.73515625 0.140625 0.1169921875
12 0.603125 0.94609375 0.205859375 0.1
12 0.7109375 0.328125 0.108984375 0.2123046875
12 0.6125 0.2125 0.099609375 0.1091796875