15 0.20703125 0 0.11328125 0.0390625 0.08203125 0.044921875 0.076171875 0.05078125 0.080078125 0.11328125 0.115234375 0.12109375 0.126953125 0.138671875 0.181640625 0.169921875 0.18359375 0.19140625 0.203125 0.201171875 0.1953125 0.240234375 0.248046875 0.224609375 0.263671875 0.2265625 0.30859375 0.26171875 0.32421875 0.283203125 0.2734375 0.306640625 0.17578125 0.287109375 0.16015625 0.291015625 0.154296875 0.306640625 0.140625 0.3125 0.072265625 0.314453125 0.0546875 0.29296875 0.04296875 0.29296875 0 0.3125 0 0.490234375 0.02734375 0.5078125 0 0.517578125 0 0.998046875 0.3671875 1 0.4355712609375 1 0.4989150015625 1 0.5327773171875 1 0.54839975 1 0.5779086859375 1 0.5848520046875 1 0.587890625 1 0.5900593921875 1 0.5987385078125 1 0.6039460296875 1 1 1 1 0.51953125 0.990234375 0.50390625 0.990234375 0.48046875 1 0.4765625 1 0.044921875 0.796875 0 0.51171875 0 0.505859375 0.009765625 0.49609375 0.009765625 0.4765625 0 0.20703125 0
7 0.72109375 0.66640625 0.31640625 0.35078125
18 0.4109375 0.67265625 0.2484375 0.259375
18 0.3109375 0.1921875 0.121875 0.11875
18 0.2375 0.43359375 0.175 0.1109375
18 0.63671875 0.4171875 0.134375 0.134375
6 0.4890625 0.91328125 0.31328125 0.17265625
6 0.95 0.75390625 0.1 0.140625
6 0.83984375 0.2828125 0.18125 0.165625
6 0.49453125 0.3484375 0.17265625 0.096875
6 0.40703125 0.13984375 0.10546875 0.08359375
6 0.16953125 0.3375 0.24140625 0.09765625
7 0.46875 0.26796875 0.225 0.10546875
7 0.2765625 0.08671875 0.16953125 0.09921875