15 0 0 0 0.4884920640625 0.00595238125 0.49801587343750003 0.00595238125 0.521825396875 0 0.5242063484374999 0 0.9651633093750001 0.157522428125 1 0.49801587343750003 1 0.5079365078125 1 0.825396825 1 0.896825396875 0.9702380953124999 0.9285714281249999 0.9642857140625001 0.934523809375 0.9583333328125001 0.9305555562500001 0.8948412703124999 0.8948412703124999 0.8869047625 0.8829365078125001 0.86904761875 0.827380953125 0.8373015875 0.825396825 0.815476190625 0.8055555562500001 0.8055555562500001 0.8134920640625 0.765873015625 0.759920634375 0.78174603125 0.74404761875 0.7797619046875 0.6984126984375 0.74404761875 0.6825396828125 0.722222221875 0.734126984375 0.6984126984375 0.8333333328125001 0.71825396875 0.8492063484375001 0.7142857140625 0.8551587296875001 0.6984126984375 0.86904761875 0.6924603171875 0.9384920640625 0.690476190625 0.95634920625 0.7123015875 0.96825396875 0.7123015875 1 0.6978715734375001 1 0.5042517 0.984126984375 0.49404761875 1 0.48837868437500004 1 0 0 0
7 0.7203125 0.6671875 0.321875 0.35625
18 0.40546875 0.6734375 0.2517578125 0.2626953125
18 0.30390625 0.18515625 0.1236328125 0.1203125
18 0.2296875 0.43046875 0.178125 0.113671875
18 0.634375 0.4140625 0.137109375 0.137109375
6 0.484375 0.91484375 0.31796875 0.1703125
6 0.9515625 0.75625 0.096875 0.1435546875
6 0.84140625 0.27734375 0.184375 0.167578125
6 0.490625 0.34375 0.1751953125 0.099609375
6 0.4015625 0.13203125 0.1064453125 0.0857421875
6 0.16015625 0.33359375 0.2453125 0.0986328125
7 0.4640625 0.2625 0.2283203125 0.1064453125
7 0.26875 0.078125 0.171875 0.1001953125