15 0 0 0 0.48531746093750006 0.0079365078125 0.49801587343750003 0.0079365078125 0.521825396875 0 0.525 0 0.9647245124999999 0.15950655625000001 1 0.5 1 0.509920634375 1 0.827380953125 1 0.8988095234375001 0.9702380953124999 0.9305555562500001 0.9642857140625001 0.9365079359375 0.9583333328125001 0.9325396828124999 0.8948412703124999 0.896825396875 0.8869047625 0.884920634375 0.86904761875 0.8293650796875 0.8373015875 0.827380953125 0.815476190625 0.8075396828124999 0.8055555562500001 0.815476190625 0.765873015625 0.7619047625 0.78174603125 0.7460317453124999 0.7797619046875 0.700396825 0.74404761875 0.684523809375 0.722222221875 0.7361111109375 0.6984126984375 0.8353174609374999 0.71825396875 0.8511904765624999 0.7142857140625 0.8571428578125 0.6984126984375 0.8710317453125 0.6924603171875 0.940476190625 0.690476190625 0.9583333328125001 0.7123015875 0.9702380953124999 0.7123015875 1 0.6987734484375 1 0.502976190625 0.9861111109375 0.49404761875 1 0.4890873015625 1 0 0 0
7 0.71796875 0.6671875 0.321875 0.35625
18 0.40390625 0.6734375 0.251953125 0.262890625
18 0.30234375 0.18515625 0.1236328125 0.1203125
18 0.22734375 0.43046875 0.178125 0.113671875
18 0.6328125 0.4140625 0.137109375 0.137109375
6 0.48203125 0.91484375 0.3171875 0.1703125
6 0.95 0.75546875 0.1 0.1421875
6 0.8390625 0.27734375 0.184375 0.1673828125
6 0.4890625 0.34375 0.1751953125 0.099609375
6 0.39921875 0.13203125 0.107421875 0.085546875
6 0.1578125 0.33359375 0.246484375 0.0986328125
7 0.4625 0.2625 0.2283203125 0.1064453125
7 0.26640625 0.078125 0.171875 0.1001953125