15 1 0.5025555171875 0.971428571875 0.487293003125 0.8828571421875001 0.41678018281250007 0.7 0.3291733453125 0.5714285718750001 0.331310096875 0.417477665625 0.31875 0.413032146875 0.31875 0.311428571875 0.33985710468749997 0.2542857140625 0.3334468484375 0.22857142812500003 0.3419938578125 0.1942857140625 0.3676348828125 0.0942857140625 0.3975494125 0 0.450434028125 0 0.8404902171874999 0.02 0.8526776187499999 0.21142857187500003 0.9231904390624999 0.4171428578125 0.9573784734374999 0.5147008859375 0.9609375 0.5428839296875 0.9609375 0.6371428578125 0.95310496875 0.7828571421875 0.91678018125 0.8857142859374999 0.8719083859375001 1 0.80736975 1 0.5025555171875
0 0.07578125 0.60625 0.1109375 0.087109375
0 0.31796875 0.59140625 0.1826171875 0.0548828125
0 0.3015625 0.71640625 0.2279296875 0.0578125
0 0.63359375 0.5484375 0.1828125 0.052734375
0 0.7 0.628125 0.219140625 0.093359375
0 0.5125 0.6546875 0.096484375 0.084375
0 0.4921875 0.734375 0.1064453125 0.031640625
0 0.54453125 0.7859375 0.1205078125 0.0533203125
0 0.26875 0.509375 0.1466796875 0.0998046875
0 0.4171875 0.4453125 0.2875 0.06875
0 0.2109375 0.55625 0.066015625 0.0251953125
2 0.9203125 0.55859375 0.1533203125 0.0923828125
2 0.73828125 0.7078125 0.2265625 0.083984375