15 0 0.765625 0.0078125 0.775390625 0.078125 0.818359375 0.2526041671875 0.8828125 0.4401041671875 0.9140625 0.546875 0.91796875 0.640625 0.91015625 0.7734375 0.876953125 0.8671875 0.8359375 0.9947916671874999 0.763671875 1 0.513671875 0.9453125 0.484375 0.8645833328125001 0.419921875 0.6979166671875 0.33984375 0.5807291671875 0.341796875 0.4375 0.330078125 0.34375 0.349609375 0.2916666671875 0.34375 0.2682291671875 0.3515625 0.23697916718749998 0.375 0.1458333328125 0.40234375 0 0.484375 0 0.765625
0 0.12890625 0.59375 0.10078125 0.078125
0 0.35 0.5796875 0.16640625 0.05078125
0 0.334375 0.69375 0.20703125 0.053125
0 0.6375 0.540625 0.16640625 0.046875
0 0.6984375 0.61328125 0.2 0.08515625
0 0.52734375 0.6375 0.0875 0.0765625
0 0.50859375 0.7109375 0.09765625 0.03046875
0 0.55625 0.7578125 0.11015625 0.04921875
0 0.30546875 0.5046875 0.1328125 0.090625
0 0.43984375 0.44609375 0.26171875 0.0625
0 0.25234375 0.54765625 0.0609375 0.0234375
2 0.8984375 0.55 0.140625 0.08515625
2 0.7328125 0.6859375 0.20625 0.07578125