15 1 0.3918102296875 0.9257142859374999 0.3501435625 0.8257142859375 0.32022903281250004 0.791428571875 0.2945880078125 0.7657142859375 0.28604099843749997 0.708571428125 0.2924512546875 0.6057142859375 0.271083734375 0.448571428125 0.28390424687500004 0.32 0.2817674953125 0.1371428578125 0.3693743328125 0.048571428124999996 0.43988715312500004 0 0.465833428125 0 0.748669640625 0.1342857140625 0.8245025375000001 0.23714285781250002 0.8693743312500001 0.3828571421875 0.90569911875 0.44589732499999996 0.9109375 0.5764085234375 0.9109375 0.6028571421875 0.909972625 0.808571428125 0.8757845890624999 1 0.80527176875 1 0.3918102296875
0 0.05625 0.559375 0.11171875 0.08671875
0 0.2984375 0.54453125 0.181640625 0.055078125
0 0.28125 0.66953125 0.2279296875 0.0578125
0 0.61328125 0.5015625 0.1828125 0.05234375
0 0.68046875 0.58125 0.2201171875 0.0935546875
0 0.49296875 0.6078125 0.095703125 0.084375
0 0.47265625 0.6875 0.1076171875 0.031640625
0 0.52421875 0.7390625 0.1205078125 0.0533203125
0 0.24921875 0.46171875 0.1455078125 0.0986328125
0 0.396875 0.39765625 0.2875 0.06875
0 0.190625 0.509375 0.06796875 0.025390625
2 0.9 0.51171875 0.1533203125 0.0923828125
2 0.71796875 0.6609375 0.2265625 0.083984375