15 1 0.259765625 0.76171875 0.109375 0.572265625 0.048828125 0.498046875 0.0390625 0.29296875 0.080078125 0.234375 0.080078125 0.201171875 0.087890625 0.111328125 0.12109375 0 0.20703125 0 0.779296875 0.09375 0.87109375 0.17578125 0.93359375 0.248046875 0.966796875 0.365234375 1 0.48046875 1 0.578125 0.990234375 0.751953125 0.958984375 0.904296875 0.896484375 0.95703125 0.853515625 1 0.80078125 1 0.259765625
13 0.1671875 0.2875 0.14296875 0.1109375
13 0.0625 0.4359375 0.125 0.12109375
13 0.0765625 0.325 0.153125 0.10625
13 0.3171875 0.20390625 0.16015625 0.10859375
13 0.3546875 0.1265625 0.1375 0.075
13 0.375 0.26171875 0.13828125 0.1140625
13 0.21484375 0.4015625 0.203125 0.1140625
13 0.346875 0.35078125 0.18125 0.11015625
13 0.41015625 0.4546875 0.16640625 0.103125
13 0.43203125 0.55078125 0.14609375 0.12578125
13 0.209375 0.54609375 0.18125 0.14296875
13 0.103125 0.61953125 0.20625 0.13984375
13 0.2578125 0.71328125 0.18046875 0.15859375
13 0.33671875 0.58125 0.15703125 0.12265625
13 0.40234375 0.69609375 0.15 0.171875
13 0.44765625 0.17109375 0.125 0.1171875
13 0.6234375 0.2234375 0.22265625 0.10703125
13 0.58125 0.3421875 0.184375 0.16328125
13 0.72265625 0.29296875 0.1234375 0.0890625
13 0.815625 0.353125 0.1765625 0.1171875
13 0.54765625 0.45234375 0.1828125 0.0765625
13 0.7046875 0.46640625 0.1546875 0.078125
13 0.80078125 0.428125 0.22890625 0.1765625
13 0.5140625 0.57109375 0.04921875 0.1734375
13 0.63984375 0.5359375 0.17578125 0.13125
13 0.76640625 0.56875 0.12421875 0.121875
13 0.86640625 0.63359375 0.13359375 0.1734375
13 0.71484375 0.65859375 0.1828125 0.13984375
13 0.59921875 0.69453125 0.1921875 0.1671875