15 0.373826 0 0.2626050421875 0.0315126046875 0.18487395 0.06722689062500001 0.0966386546875 0.13445378125000002 0 0.2290791328125 0 0.8519828984375 0.11554621875 0.9411764703125 0.21218487343749998 0.9768907562500001 0.247899159375 0.9852941171875 0.31092437031250003 0.9852941171875 0.38445378125 1 0.6705069124999999 1 0.8151260499999999 0.9537815125 1 0.8370987734374999 1 0.13281979375 0.9684873953125 0.10714285781249999 0.8046218484375001 0.039915965625 0.6176470593750001 0.0063025203125 0.5546218484375001 0 0.373826 0
13 0.17578125 0.2375 0.153125 0.1189453125
13 0.06484375 0.39609375 0.1296875 0.1296875
13 0.0796875 0.27734375 0.159375 0.1138671875
13 0.33671875 0.14765625 0.171875 0.1169921875
13 0.37734375 0.06484375 0.1482421875 0.0798828125
13 0.39921875 0.21015625 0.1484375 0.123046875
13 0.2265625 0.36015625 0.21875 0.1232421875
13 0.36875 0.30546875 0.19453125 0.11875
13 0.4375 0.4171875 0.180859375 0.109765625
13 0.46015625 0.5203125 0.1578125 0.134765625
13 0.22109375 0.51640625 0.1951171875 0.153125
13 0.1078125 0.59296875 0.215625 0.1484375
13 0.27265625 0.69609375 0.1951171875 0.1703125
13 0.3578125 0.55390625 0.169140625 0.132421875
13 0.42890625 0.67734375 0.1609375 0.184375
13 0.47734375 0.1125 0.134375 0.1251953125
13 0.66640625 0.16875 0.2392578125 0.115625
13 0.62109375 0.29609375 0.1984375 0.175
13 0.7734375 0.24375 0.133984375 0.0966796875
13 0.8734375 0.30859375 0.1904296875 0.1265625
13 0.584375 0.41484375 0.196875 0.0828125
13 0.753125 0.43046875 0.1658203125 0.0830078125
13 0.85703125 0.3890625 0.245703125 0.190234375
13 0.5484375 0.54296875 0.053125 0.186328125
13 0.68359375 0.5046875 0.1890625 0.1408203125
13 0.8203125 0.53984375 0.1341796875 0.13125
13 0.92734375 0.61015625 0.14375 0.1859375
13 0.76484375 0.6375 0.196875 0.1501953125
13 0.63984375 0.67578125 0.2076171875 0.1796875