15 1 0.23828125 0.95703125 0.185546875 0.904296875 0.142578125 0.751953125 0.080078125 0.578125 0.048828125 0.48046875 0.0390625 0.365234375 0.0390625 0.248046875 0.072265625 0.17578125 0.10546875 0.09375 0.16796875 0 0.259765625 0 0.83203125 0.111328125 0.91796875 0.201171875 0.951171875 0.234375 0.958984375 0.29296875 0.958984375 0.498046875 1 0.572265625 0.990234375 0.76171875 0.9296875 1 0.779296875 1 0.23828125
13 0.1671875 0.2875 0.1435546875 0.112109375
13 0.0625 0.4359375 0.125 0.121484375
13 0.0765625 0.325 0.153125 0.10625
13 0.3171875 0.20390625 0.1595703125 0.1080078125
13 0.3546875 0.1265625 0.1375 0.075
13 0.375 0.26171875 0.1376953125 0.1140625
13 0.21484375 0.4015625 0.203125 0.115234375
13 0.346875 0.35078125 0.18125 0.1107421875
13 0.41015625 0.4546875 0.1669921875 0.103125
13 0.43203125 0.55078125 0.1455078125 0.1263671875
13 0.209375 0.54609375 0.18125 0.1423828125
13 0.103125 0.61953125 0.20625 0.1392578125
13 0.2578125 0.71328125 0.1810546875 0.1580078125
13 0.33671875 0.58125 0.157421875 0.122265625
13 0.40234375 0.69609375 0.15 0.171875
13 0.44765625 0.17109375 0.125 0.1171875
13 0.6234375 0.2234375 0.2220703125 0.1064453125
13 0.58125 0.3421875 0.184375 0.1626953125
13 0.72265625 0.29296875 0.1234375 0.0890625
13 0.815625 0.353125 0.17578125 0.11796875
13 0.54765625 0.45234375 0.1828125 0.0765625
13 0.7046875 0.46640625 0.153515625 0.078125
13 0.80078125 0.428125 0.229296875 0.17578125
13 0.5140625 0.57109375 0.0498046875 0.1734375
13 0.63984375 0.5359375 0.176171875 0.13125
13 0.76640625 0.56875 0.1236328125 0.121875
13 0.86640625 0.63359375 0.1330078125 0.1734375
13 0.71484375 0.65859375 0.1828125 0.1392578125
13 0.59921875 0.69453125 0.1921875 0.1671875