15 0.472384509375 0.3314407703125 0.4310801625 0.3721384453125 0.30281929218750003 0.4099291421875 0.283254075 0.4564407703125 0.21151494375 0.5262082125 0.1876019015625 0.625045421875 0.1876019015625 0.6948128640625 0.2028192921875 0.7587663515624999 0.2310801625 0.8052779796875 0.2310801625 0.8285337937499999 0.2419497265625 0.8488826296875001 0.4180366828125 0.9302779796875 0.49258966875 0.94375 0.503152175 0.94375 0.6136888578125 0.918650071875 0.7071671187499999 0.8634175140625 0.7680366828125 0.7936500734374999 0.7723845093749999 0.7587663515624999 0.8028192921875 0.729696584375 0.8078125 0.7141170046875 0.8078125 0.691633359375 0.8028192921875 0.6337663515624999 0.748471465625 0.46806867656250006 0.7376019015625 0.45353379374999997 0.694123640625 0.4389989109375 0.6528192921875 0.3837663515625 0.6289062484375 0.375045421875 0.5810801624999999 0.38958030625 0.5506453796875 0.3837663515625 0.5049932046875 0.32853379375 0.472384509375 0.3314407703125
13 0.503125 0.36953125 0.11875 0.1017578125
13 0.36875 0.41796875 0.1125 0.1017578125
13 0.28125 0.50234375 0.1216796875 0.1236328125
13 0.36484375 0.55390625 0.1140625 0.119921875
13 0.23671875 0.68046875 0.1486328125 0.1294921875
13 0.359375 0.73515625 0.14296875 0.126953125
13 0.48125 0.65546875 0.1341796875 0.1294921875
13 0.52109375 0.8359375 0.144921875 0.20234375
13 0.55703125 0.51953125 0.1107421875 0.1142578125
13 0.653125 0.44296875 0.087890625 0.1265625
13 0.73125 0.52109375 0.1248046875 0.115625
13 0.721875 0.609375 0.1376953125 0.130859375
13 0.6015625 0.62578125 0.1373046875 0.140625
13 0.6703125 0.715625 0.133984375 0.14453125