15 0.38671875 0.375 0.365234375 0.3828125 0.328125 0.4322916671875 0.2890625 0.4453125 0.279296875 0.4583333328125 0.23046875 0.6067708328125 0.224609375 0.6744791671875 0.23046875 0.6927083328125 0.2578125 0.71875 0.26171875 0.75 0.31640625 0.8125 0.400390625 0.8619791671874999 0.50390625 0.8854166671874999 0.576171875 0.8723958328125001 0.734375 0.7994791671875 0.744140625 0.78125 0.744140625 0.7604166671875 0.76953125 0.71875 0.783203125 0.6614583328125 0.783203125 0.5989583328125 0.76171875 0.5104166671875 0.697265625 0.4479166671875 0.6796875 0.40625 0.564453125 0.3723958328125 0.52734375 0.3359375 0.498046875 0.3333333328125 0.45703125 0.3828125 0.4296875 0.3880208328125 0.38671875 0.375
13 0.50859375 0.3703125 0.10703125 0.09140625
13 0.3875 0.41328125 0.1015625 0.09140625
13 0.309375 0.4890625 0.10859375 0.1109375
13 0.384375 0.53515625 0.103125 0.10703125
13 0.26953125 0.6484375 0.134375 0.115625
13 0.3796875 0.69765625 0.12734375 0.1140625
13 0.4890625 0.62578125 0.11953125 0.115625
13 0.525 0.78828125 0.1296875 0.18046875
13 0.55703125 0.50390625 0.09921875 0.103125
13 0.64375 0.4359375 0.0796875 0.11328125
13 0.71328125 0.50546875 0.11171875 0.10390625
13 0.70546875 0.58515625 0.12421875 0.115625
13 0.596875 0.6 0.12265625 0.12578125
13 0.65859375 0.6796875 0.1203125 0.13046875