15 0.7761407640625 0.5090675859375 0.7451673125 0.47948178593749996 0.7407425328125 0.4439788296875 0.6787956312500001 0.3729729109375 0.5836628875 0.31675989531250004 0.46640625 0.2901326734375 0.38454784375 0.304925571875 0.20534430312500002 0.3877658109375 0.19428235625 0.40847586874999997 0.19428235625 0.43214450937500004 0.16552129375 0.47948178593749996 0.15003456875 0.5445705453125 0.15003456875 0.6155764609375 0.1743708515625 0.7161681765625 0.24737970156250003 0.7871740953125 0.26729120625 0.8345113718749999 0.3978221796875 0.8729729109375001 0.43952213906250004 0.9140625 0.4757618734375 0.9140625 0.5195035953125 0.861138590625 0.550477046875 0.85522143125 0.5991496125 0.8700143312499999 0.623485896875 0.861138590625 0.66552129375 0.8049255734375 0.7097690812499999 0.7901326734375 0.720831028125 0.7753397765625001 0.7761407640625 0.606700721875 0.78277793125 0.5297776468750001 0.7761407640625 0.5090675859375
13 0.47265625 0.33125 0.1205078125 0.1033203125
13 0.33515625 0.38046875 0.1142578125 0.1044921875
13 0.246875 0.46640625 0.1220703125 0.1265625
13 0.33125 0.51953125 0.1158203125 0.1205078125
13 0.2015625 0.64765625 0.152734375 0.13125
13 0.3265625 0.70390625 0.1439453125 0.1296875
13 0.45 0.62265625 0.13671875 0.13125
13 0.490625 0.80625 0.146875 0.205859375
13 0.52734375 0.484375 0.1111328125 0.118359375
13 0.625 0.40625 0.090625 0.1283203125
13 0.7046875 0.4859375 0.12734375 0.118359375
13 0.6953125 0.57578125 0.140625 0.1326171875
13 0.571875 0.59296875 0.137890625 0.1423828125
13 0.6421875 0.68359375 0.13515625 0.1484375