15 0.162890625 0.20872395781250003 0.09622395781250001 0.273307290625 0.052473957812500006 0.34622395781250004 0.0337239578125 0.42330729062500005 0.000390625 0.5087239578125 0.000390625 0.585807290625 0.014973957812499999 0.662890625 0.0024739578125 0.710807290625 0.035807290625 0.7712239578125 0.112890625 0.8149739578125 0.1816406234375 0.887890625 0.19205729062500002 0.912890625 0.2316406234375 0.912890625 0.367057290625 0.9587239578125001 0.506744796875 0.978125 0.5767447875 0.978125 0.648307290625 0.9483072921875 0.719140625 0.9420572921874999 0.819140625 0.9024739578125001 0.9587239578125001 0.8233072921875 0.965625 0.8169174359375001 0.965625 0.1414444171875 0.894140625 0.098307290625 0.7649739578125 0.062890625 0.612890625 0.060807290624999996 0.40247395781249995 0.0899739578125 0.37747395781250004 0.056640625 0.3253906234375 0.058723957812500005 0.18789062343750002 0.1149739578125 0.1524739578125 0.16705729062500002 0.16705729062500002 0.19205729062500002 0.162890625 0.20872395781250003
13 0.26484375 0.16171875 0.1109375 0.1013671875
13 0.1453125 0.22578125 0.1158203125 0.1
13 0.059375 0.34375 0.11875 0.0908203125
13 0.0125 0.48984375 0.025 0.1205078125
13 0.03046875 0.59296875 0.0607421875 0.1107421875
13 0.078125 0.71484375 0.15625 0.154296875
13 0.1953125 0.78515625 0.15625 0.165625
13 0.43125 0.74765625 0.180859375 0.1796875
13 0.6390625 0.80859375 0.1595703125 0.15625
13 0.7609375 0.65234375 0.144140625 0.1375
13 0.84453125 0.47265625 0.1326171875 0.1078125
13 0.8328125 0.37890625 0.1404296875 0.096875
13 0.125 0.47734375 0.094140625 0.0794921875
13 0.1765625 0.5453125 0.1435546875 0.116015625
13 0.2578125 0.57734375 0.1341796875 0.1232421875
13 0.43046875 0.57734375 0.1326171875 0.1375
13 0.19140625 0.40234375 0.1125 0.096875
13 0.2140625 0.31484375 0.1029296875 0.1015625
13 0.31328125 0.2625 0.095703125 0.09375
13 0.403125 0.178125 0.0998046875 0.0783203125
13 0.39609375 0.26171875 0.1171875 0.078125
13 0.3421875 0.34375 0.08984375 0.084765625
13 0.28125 0.45 0.1248046875 0.1091796875
13 0.42890625 0.4390625 0.138671875 0.090234375
13 0.48984375 0.3328125 0.1109375 0.0779296875
13 0.5828125 0.4015625 0.1216796875 0.0779296875
13 0.56875 0.50703125 0.14296875 0.1296875
13 0.69921875 0.4453125 0.103125 0.109375
13 0.51875 0.1859375 0.0998046875 0.071484375
13 0.55234375 0.246875 0.1201171875 0.0810546875
13 0.66328125 0.1515625 0.1201171875 0.0779296875
13 0.690625 0.2375 0.087109375 0.103125
13 0.75859375 0.1890625 0.119921875 0.090625
13 0.7859375 0.284375 0.1404296875 0.099609375
13 0.9046875 0.2921875 0.1091796875 0.083984375