15 1 0.2957461453125 0.9669603531250001 0.23586178281249998 0.8854625546875001 0.1896062765625 0.8127753296875 0.112513765625 0.8017621140625 0.0860820484375 0.75991189375 0.0860820484375 0.6167400875 0.0376238984375 0.4583480265625 0.015625 0.39861233125 0.015625 0.319383259375 0.0486371140625 0.24449339218750002 0.05524504375 0.1387665203125 0.09709526406249999 0 0.1757986625 0 0.9114276359375 0.059471365624999994 0.947315528125 0.1960352421875 0.9847604625 0.35682819375 0.9869631046875 0.5792951546875 0.9561261 0.6051693296875 0.990625 0.6243116453125 0.990625 0.6607929515625 0.9891657484374999 0.8061674015625 0.9296943828125 0.8436123343749999 0.874628303125 0.8281938328124999 0.8481965859375 0.8325991187499999 0.8305754390625 0.9030837 0.7622935015625 0.9493392078125 0.6852009906250001 0.9691629953125 0.60370319375 1 0.52468336875 1 0.4086119390625 0.988986784375 0.350399228125 1 0.3081819 1 0.2957461453125
13 0.2625 0.1265625 0.118359375 0.10625
13 0.1359375 0.19453125 0.122265625 0.1048828125
13 0.05390625 0.31953125 0.1078125 0.096875
13 0.0234375 0.5828125 0.0466796875 0.1158203125
13 0.0734375 0.7109375 0.146875 0.1625
13 0.18828125 0.7859375 0.1642578125 0.175
13 0.43828125 0.746875 0.189453125 0.190234375
13 0.6578125 0.8109375 0.169140625 0.165625
13 0.78671875 0.6453125 0.1517578125 0.146484375
13 0.87578125 0.45546875 0.1390625 0.1140625
13 0.8625 0.35703125 0.1470703125 0.1017578125
13 0.11484375 0.46015625 0.1013671875 0.0830078125
13 0.16953125 0.5328125 0.1513671875 0.1248046875
13 0.2546875 0.56640625 0.1408203125 0.1296875
13 0.4375 0.565625 0.1404296875 0.144140625
13 0.18515625 0.38125 0.11875 0.1029296875
13 0.209375 0.2890625 0.1091796875 0.108984375
13 0.31328125 0.2328125 0.1015625 0.099609375
13 0.40859375 0.14453125 0.1048828125 0.0828125
13 0.4015625 0.2328125 0.12265625 0.081640625
13 0.34375 0.31953125 0.0939453125 0.0892578125
13 0.2796875 0.43203125 0.13125 0.1142578125
13 0.4359375 0.4203125 0.1466796875 0.0939453125
13 0.5 0.3078125 0.118359375 0.08125
13 0.5984375 0.38046875 0.128125 0.08125
13 0.58359375 0.4921875 0.15 0.1373046875
13 0.721875 0.4265625 0.109375 0.115625
13 0.53046875 0.15234375 0.1048828125 0.075
13 0.56640625 0.21640625 0.1265625 0.085546875
13 0.68359375 0.115625 0.1265625 0.08125
13 0.7125 0.20703125 0.093359375 0.109375
13 0.784375 0.15546875 0.125390625 0.0955078125
13 0.8140625 0.25625 0.1470703125 0.1033203125
13 0.9390625 0.26484375 0.1154296875 0.0875