15 0 0.845703125 0.11328125 0.9140625 0.234375 0.947265625 0.376953125 0.94921875 0.57421875 0.921875 0.59765625 0.953125 0.646484375 0.951171875 0.775390625 0.8984375 0.80859375 0.849609375 0.794921875 0.826171875 0.798828125 0.810546875 0.861328125 0.75 0.90234375 0.681640625 0.919921875 0.609375 0.951171875 0.529296875 0.951171875 0.45703125 0.9375 0.384765625 0.94921875 0.33984375 0.91796875 0.283203125 0.845703125 0.2421875 0.78125 0.173828125 0.771484375 0.150390625 0.734375 0.150390625 0.607421875 0.107421875 0.466796875 0.087890625 0.4140625 0.087890625 0.34375 0.1171875 0.27734375 0.123046875 0.18359375 0.16015625 0.052734375 0.234375 0 0.283203125 0 0.845703125
13 0.29296875 0.18671875 0.10390625 0.09453125
13 0.18125 0.246875 0.109375 0.09375
13 0.09296875 0.3578125 0.128125 0.08515625
13 0.03515625 0.4953125 0.06953125 0.11328125
13 0.0515625 0.5921875 0.10234375 0.1015625
13 0.1140625 0.70625 0.15703125 0.14296875
13 0.22734375 0.77109375 0.14609375 0.15546875
13 0.44921875 0.73671875 0.16875 0.16875
13 0.64375 0.79296875 0.15 0.146875
13 0.7578125 0.646875 0.13515625 0.12890625
13 0.83671875 0.478125 0.1234375 0.10078125
13 0.82578125 0.390625 0.13125 0.090625
13 0.1625 0.48203125 0.08984375 0.07421875
13 0.2109375 0.546875 0.13359375 0.11015625
13 0.28671875 0.5765625 0.12578125 0.11484375
13 0.4484375 0.57578125 0.12421875 0.12890625
13 0.225 0.4125 0.10546875 0.090625
13 0.24609375 0.33046875 0.09609375 0.0953125
13 0.33828125 0.28125 0.08984375 0.08828125
13 0.42265625 0.20234375 0.09296875 0.0734375
13 0.41640625 0.28046875 0.109375 0.07265625
13 0.365625 0.3578125 0.08359375 0.0796875
13 0.30859375 0.45703125 0.11640625 0.1015625
13 0.446875 0.446875 0.1296875 0.08359375
13 0.50390625 0.346875 0.10390625 0.07265625
13 0.59140625 0.41171875 0.11328125 0.071875
13 0.578125 0.51015625 0.13359375 0.12109375
13 0.70078125 0.45234375 0.096875 0.10234375
13 0.53125 0.209375 0.09296875 0.06640625
13 0.5625 0.26640625 0.1125 0.07578125
13 0.66640625 0.17734375 0.1125 0.071875
13 0.6921875 0.2578125 0.08125 0.096875
13 0.75625 0.2125 0.11171875 0.08515625
13 0.78203125 0.3015625 0.13125 0.0921875
13 0.89375 0.30859375 0.10234375 0.07734375