15 0.1941129609375 1 0.252069628125 0.8500919124999999 0.335402959375 0.7147977953125 0.40119243437499996 0.5412683828125 0.469174890625 0.41479779531250005 0.525 0.24777714999999997 0.525 0.24154411874999998 0.5196134859375 0.22950367656249998 0.43847313593750004 0.1765625 0.366104715625 0.1647977953125 0.2805784 0.1206801484375 0.0415433125 0.0971507359375 0 0.1171516796875 0 0.347573528125 0.0196134875 0.41479779531250005 0.0218064703125 0.4706801484375 0.034964364062499996 0.5000919125000001 0.0283854171875 0.555974265625 0.048122259375 0.5795036765625 0.06347313593750001 0.6353860296875 0.08759594375 0.8677389718749999 0.10294682031249999 0.9236213234375 0.09949536249999999 1 0.1941129609375 1
15 0.5921258218750001 0.4404788609375 0.5921258218750001 0.7878906265625 0.6184416109375 0.8114200374999999 0.7829152953125 0.9114200374999999 0.8735470968750001 0.9140625 0.98520650625 0.9140625 0.989055646875 0.8908318015625 0.9715117875000001 0.640831803125 0.991248628125 0.4761259203125 0.989055646875 0.352596509375 0.996875 0.2555905328125 0.996875 0.2344041109375 0.991248628125 0.179067096875 0.996875 0.15642922812499999 0.996875 0.13111673125 0.991248628125 0.10847886250000001 0.9408100328125 0.11436121562499998 0.9057223125 0.14083180312500002 0.9013363484375001 0.164361215625 0.842125821875 0.20847886249999997 0.8245819624999999 0.240831803125 0.7587924890625 0.27906709687500003 0.684231084375 0.3496553328125 0.65352933125 0.36142003906250003 0.5921258218750001 0.4404788609375
13 0.05546875 0.32734375 0.0703125 0.0984375
13 0.1125 0.86171875 0.03125 0.0671875
13 0.18671875 0.91171875 0.0294921875 0.0798828125
13 0.30625 0.7171875 0.043359375 0.0966796875
13 0.290625 0.31484375 0.0689453125 0.0830078125
13 0.078125 0.62890625 0.043359375 0.1263671875
13 0.2953125 0.42890625 0.047265625 0.0705078125
13 0.4390625 0.346875 0.065625 0.0595703125
13 0.403125 0.43984375 0.062109375 0.0484375
11 0.140625 0.25703125 0.080859375 0.0513671875
11 0.0890625 0.42109375 0.0685546875 0.0419921875
11 0.18203125 0.3921875 0.0607421875 0.05
11 0.15546875 0.5921875 0.0482421875 0.053515625
11 0.27890625 0.54140625 0.0375 0.045703125
11 0.35234375 0.521875 0.0859375 0.121484375
11 0.20859375 0.81484375 0.0546875 0.059375
11 0.13671875 0.903125 0.048828125 0.128125
11 0.125 0.35625 0.043359375 0.030859375
11 0.03671875 0.38203125 0.0451171875 0.0419921875
11 0.234375 0.37265625 0.03046875 0.055078125
11 0.23515625 0.67109375 0.0388671875 0.05625
11 0.19609375 0.70546875 0.030078125 0.055078125
13 0.11484375 0.71328125 0.048828125 0.105078125
13 0.1515625 0.7671875 0.0779296875 0.1248046875
6 0.15 0.72890625 0.0220703125 0.0640625
12 0.16171875 0.60234375 0.1328125 0.16875
12 0.19296875 0.4890625 0.0607421875 0.0779296875
12 0.3046875 0.403125 0.0376953125 0.1279296875
12 0.4046875 0.33046875 0.1314453125 0.0705078125
12 0.28828125 0.63203125 0.0859375 0.0859375
1 0.0578125 0.47109375 0.059765625 0.0794921875
1 0.20859375 0.31875 0.0294921875 0.05
1 0.4375 0.3890625 0.0626953125 0.046875
6 0.175 0.296875 0.034375 0.059375
6 0.2484375 0.5234375 0.0216796875 0.040234375
6 0.24921875 0.46015625 0.0453125 0.0328125
6 0.33515625 0.475 0.0296875 0.03203125
6 0.26640625 0.37890625 0.034375 0.01875
6 0.13984375 0.5625 0.0515625 0.0626953125
6 0.19453125 0.790625 0.0328125 0.0564453125
6 0.3546875 0.52265625 0.0310546875 0.034375
19 0.95625 0.525 0.0875 0.119140625
19 0.8140625 0.60234375 0.1189453125 0.15
19 0.63203125 0.4953125 0.05625 0.0716796875
19 0.63828125 0.38125 0.04375 0.0873046875
19 0.72578125 0.3890625 0.0986328125 0.090625
19 0.8078125 0.296875 0.0966796875 0.0783203125
11 0.79765625 0.7 0.042578125 0.022265625
11 0.72734375 0.5703125 0.2138671875 0.1595703125
11 0.6546875 0.42890625 0.053515625 0.0361328125
11 0.86640625 0.44921875 0.04375 0.0451171875
11 0.94921875 0.42734375 0.029296875 0.0390625
19 0.93984375 0.4203125 0.095703125 0.08359375
11 0.840625 0.36953125 0.125 0.0671875
11 0.68203125 0.27890625 0.1392578125 0.0611328125
11 0.67109375 0.17890625 0.1423828125 0.109375
11 0.75703125 0.6703125 0.0515625 0.034375
11 0.8265625 0.4390625 0.028515625 0.03125
11 0.75234375 0.328125 0.0169921875 0.0279296875
11 0.703125 0.37890625 0.03125 0.0484375