15 0.3125 0.041015625 0.1875 0.060546875 0.08203125 0.09765625 0.015625 0.142578125 0.0234375 0.17578125 0.06640625 0.2421875 0.09765625 0.33203125 0.228515625 0.55078125 0.283203125 0.650390625 0.302734375 0.701171875 0.35546875 0.763671875 0.40234375 0.8671875 0.447265625 0.923828125 0.46484375 0.96875 0.4921875 0.9921875 0.50390625 0.990234375 0.521484375 0.970703125 0.546875 0.9296875 0.60546875 0.791015625 0.625 0.767578125 0.67578125 0.666015625 0.74609375 0.568359375 0.771484375 0.505859375 0.814453125 0.439453125 0.8828125 0.251953125 0.91015625 0.203125 0.951171875 0.15625 0.966796875 0.123046875 0.962890625 0.109375 0.92578125 0.087890625 0.787109375 0.046875 0.60546875 0.041015625 0.58203125 0.03125 0.5625 0.037109375 0.455078125 0.033203125 0.3125 0.041015625
13 0.22578125 0.2375 0.16015625 0.1546875
13 0.26015625 0.15625 0.11953125 0.03984375
13 0.4 0.175 0.09609375 0.1109375
13 0.5359375 0.17109375 0.14375 0.1328125
13 0.6703125 0.23515625 0.15078125 0.13828125
13 0.2953125 0.36015625 0.146875 0.14296875
13 0.4765625 0.37421875 0.1453125 0.13359375
13 0.61484375 0.39765625 0.1515625 0.14375
13 0.34296875 0.5078125 0.16015625 0.1390625
13 0.45859375 0.6078125 0.15078125 0.1046875
13 0.696875 0.5921875 0.07265625 0.109375
13 0.57109375 0.5296875 0.1515625 0.13125