15 0.41352459062499997 0 0.3013319671875 0.0061475406250000005 0.1701844265625 0.02663934375 0.059528689062499994 0.0655737703125 0.000102459375 0.1057738671875 0.000102459375 0.1507079 0.043135246875 0.2172131140625 0.07592213125 0.31147540937499996 0.2132172140625 0.54098360625 0.2705942625 0.645491803125 0.291086065625 0.6987704921875 0.346413934375 0.7643442625 0.3955942625 0.8729508203125 0.4427254109375 0.9323770484375 0.46116803281249996 0.9795081968750001 0.4850751375 1 0.5039959015625 1 0.5205942625 0.9815573765625001 0.5472336062500001 0.938524590625 0.6087090171875 0.7930327875 0.6292008203125 0.7684426234374999 0.6824795078125 0.6618852453125 0.75625 0.5594262296875 0.7828893453125 0.49385245937500005 0.8279713125000001 0.424180328125 0.8996926234375 0.22745901562499998 0.9283811484375001 0.1762295078125 0.971413934375 0.1270491796875 0.9875 0.0928662921875 0.9875 0.091137290625 0.9837090171874999 0.077868853125 0.944774590625 0.055327868749999995 0.7992827874999999 0.012295081250000001 0.6087090171875 0.0061475406250000005 0.59395491875 0 0.57045765 0 0.56362705 0.0020491796875 0.507274590625 0 0.41352459062499997 0
13 0.21015625 0.2125 0.1673828125 0.1625
13 0.24609375 0.12734375 0.125 0.041796875
13 0.39296875 0.146875 0.1013671875 0.1158203125
13 0.5359375 0.1421875 0.1501953125 0.140234375
13 0.6765625 0.21015625 0.1591796875 0.1453125
13 0.2828125 0.34140625 0.1533203125 0.15
13 0.4734375 0.35546875 0.1529296875 0.1392578125
13 0.61796875 0.38046875 0.159375 0.1513671875
13 0.33359375 0.49609375 0.1673828125 0.1455078125
13 0.4546875 0.60078125 0.1591796875 0.109375
13 0.70390625 0.584375 0.0765625 0.1154296875
13 0.57265625 0.51875 0.159375 0.1375