15 0 0.2539267015625 0.017578125 0.34031413593750004 0.0390625 0.3717277484375 0.056640625 0.43193717343750004 0.05859375 0.4816753921875 0.0703125 0.507853403125 0.064453125 0.5575916234375 0.08203125 0.57853403125 0.095703125 0.6282722515625 0.1171875 0.8350785343749999 0.130859375 0.8848167546875001 0.126953125 0.9712041890625001 0.13671875 0.9895287953125 0.169921875 0.9869109953124999 0.208984375 0.960732984375 0.263671875 0.819371728125 0.337890625 0.6989528796875 0.396484375 0.5445026171875 0.45703125 0.43193717343750004 0.5078125 0.2801047125 0.501953125 0.26701570625 0.4296875 0.21989528749999998 0.365234375 0.209424084375 0.2890625 0.17015706875 0.076171875 0.149214659375 0 0.18586387499999998 0 0.2539267015625
15 1 0.5209424078125 0.97265625 0.5104712046875 0.875 0.3848167546875 0.84765625 0.37434555 0.78125 0.311518325 0.72265625 0.2774869109375 0.70703125 0.2486911 0.654296875 0.209424084375 0.650390625 0.188481675 0.619140625 0.164921465625 0.57421875 0.15968586406250002 0.56640625 0.19109947656249998 0.57421875 0.2225130890625 0.568359375 0.2801047125 0.576171875 0.3769633515625 0.57421875 0.48691099531250004 0.591796875 0.633507853125 0.576171875 0.8560209421874999 0.580078125 0.8795811515624999 0.759765625 0.8743455499999999 0.90625 0.7853403140624999 1 0.70157068125 1 0.5209424078125
13 0.08828125 0.35390625 0.0625 0.0875
13 0.13984375 0.8296875 0.02734375 0.06015625
13 0.20546875 0.87421875 0.02578125 0.071875
13 0.31171875 0.7015625 0.0375 0.0859375
13 0.2984375 0.34296875 0.06171875 0.07421875
13 0.10859375 0.62265625 0.0375 0.11171875
13 0.3015625 0.44453125 0.04296875 0.06328125
13 0.4296875 0.371875 0.05859375 0.053125
13 0.3984375 0.4546875 0.05390625 0.04375
11 0.1640625 0.29140625 0.07109375 0.0453125
11 0.11796875 0.43828125 0.06015625 0.03671875
11 0.2015625 0.4125 0.053125 0.04453125
11 0.17734375 0.58984375 0.0421875 0.0484375
11 0.2875 0.54453125 0.03359375 0.04140625
11 0.35234375 0.52734375 0.0765625 0.1078125
11 0.225 0.78828125 0.0484375 0.053125
11 0.1609375 0.86640625 0.04375 0.1140625
11 0.15078125 0.3796875 0.03828125 0.0265625
11 0.071875 0.403125 0.03984375 0.03671875
11 0.24765625 0.39453125 0.0265625 0.04921875
11 0.2484375 0.66015625 0.034375 0.05
11 0.2140625 0.690625 0.0265625 0.04921875
13 0.14140625 0.69765625 0.04375 0.09375
13 0.17421875 0.74609375 0.06875 0.11015625
6 0.17265625 0.71171875 0.0203125 0.05703125
12 0.1828125 0.59921875 0.11796875 0.15
12 0.2109375 0.4984375 0.05390625 0.06875
12 0.31015625 0.42109375 0.034375 0.11328125
12 0.39921875 0.35703125 0.11796875 0.06328125
12 0.29609375 0.625 0.0765625 0.0765625
1 0.090625 0.4828125 0.05390625 0.0703125
1 0.225 0.346875 0.02578125 0.04453125
1 0.42890625 0.409375 0.05625 0.0421875
6 0.1953125 0.32734375 0.03046875 0.053125
6 0.26015625 0.528125 0.01875 0.034375
6 0.2609375 0.47265625 0.03984375 0.02890625
6 0.3375 0.48515625 0.02578125 0.02890625
6 0.2765625 0.4 0.03046875 0.01640625
6 0.16328125 0.56328125 0.04609375 0.05625
6 0.21171875 0.7671875 0.02890625 0.05078125
6 0.3546875 0.528125 0.02734375 0.03046875
19 0.9109375 0.53203125 0.11484375 0.1078125
19 0.7640625 0.59921875 0.10625 0.13359375
19 0.6015625 0.503125 0.05 0.06328125
19 0.60703125 0.40234375 0.0390625 0.07734375
19 0.68515625 0.409375 0.08828125 0.08125
19 0.75859375 0.32734375 0.0859375 0.0703125
11 0.74921875 0.6859375 0.03828125 0.0203125
11 0.68671875 0.5703125 0.18984375 0.14296875
11 0.621875 0.44453125 0.04921875 0.0328125
11 0.8109375 0.4625 0.0390625 0.03984375
11 0.884375 0.44296875 0.02578125 0.03515625
19 0.8765625 0.43671875 0.08515625 0.07421875
11 0.7875 0.39140625 0.1109375 0.059375
11 0.64609375 0.3109375 0.12421875 0.05546875
11 0.63671875 0.221875 0.12734375 0.09765625
11 0.71328125 0.659375 0.04609375 0.03046875
11 0.775 0.453125 0.02578125 0.02734375
11 0.709375 0.3546875 0.01484375 0.02421875
11 0.66484375 0.4 0.028125 0.04296875