15 0 0.8542489046874999 0.0063179343750000005 0.8684119156250001 0.0867527171875 0.92104349375 0.1584918484375 0.9327394 0.24327445625 0.9765990499999999 0.480230978125 0.9999908625 0.484375 0.99799 0.484375 0.5332104828124999 0.47370923906250006 0.5204586984375 0.45849184843749996 0.46490314374999997 0.4345788046875 0.23390899062499998 0.4193614140625 0.1783534359375 0.4233139828125 0.0906341375 0.3367527171875 0.0906341375 0.33240489218749997 0.0935581140625 0.2715353265625 0.25145285156249997 0.18892663125 0.385955775 0.1237092390625 0.5584703953125 0.056317934375 0.6842013890625 0 0.8531805265625 0 0.8542489046874999
15 1 0.8708653140625 0.9913043484375 0.8357775953125 0.9978260875 0.7714501109375 0.989130434375 0.6632629750000001 0.9913043484375 0.54045595625 0.9717391296875 0.3767132671875 0.989130434375 0.1281752546875 0.984782609375 0.10185946718750001 0.784782609375 0.10770741875 0.6217391296875 0.20712262343750001 0.55 0.271450109375 0.55 0.516947184375 0.6565217390625 0.65449104375 0.686956521875 0.6661869515625 0.760869565625 0.7363623890625 0.82608695625 0.7743740859375 0.8434782609375 0.8065378296875 0.9021739125 0.8503974765625 0.9065217390625 0.873789290625 0.9413043484375001 0.9001050796875001 0.9913043484375 0.9059530328125 1 0.8708653140625
13 0.02578125 0.3171875 0.0515625 0.096875
13 0.075 0.85078125 0.0310546875 0.0671875
13 0.1484375 0.90078125 0.0283203125 0.0798828125
13 0.2671875 0.7078125 0.041015625 0.096484375
13 0.2515625 0.30703125 0.06875 0.0828125
13 0.040625 0.61953125 0.0408203125 0.125
13 0.25546875 0.4203125 0.0484375 0.0716796875
13 0.39765625 0.3390625 0.0642578125 0.059375
13 0.3625 0.43125 0.0595703125 0.049609375
11 0.10234375 0.24921875 0.0794921875 0.0513671875
11 0.0515625 0.41328125 0.06640625 0.041796875
11 0.14375 0.384375 0.059375 0.05
11 0.1171875 0.5828125 0.046875 0.053515625
11 0.2390625 0.53203125 0.0375 0.0455078125
11 0.31171875 0.5125 0.0857421875 0.119140625
11 0.1703125 0.8046875 0.0533203125 0.059375
11 0.0984375 0.8921875 0.047265625 0.1279296875
11 0.0875 0.3484375 0.04296875 0.02890625
11 0.01015625 0.37265625 0.019921875 0.04375
11 0.1953125 0.36484375 0.0283203125 0.0548828125
11 0.19609375 0.66171875 0.0388671875 0.05625
11 0.1578125 0.6953125 0.028515625 0.0560546875
13 0.0765625 0.703125 0.047265625 0.105859375
13 0.1140625 0.75703125 0.077734375 0.1234375
6 0.11171875 0.71875 0.023046875 0.062890625
12 0.1234375 0.59296875 0.13125 0.1673828125
12 0.1546875 0.48046875 0.059375 0.0765625
12 0.26484375 0.39453125 0.0388671875 0.1265625
12 0.3640625 0.32265625 0.13125 0.0705078125
12 0.2484375 0.62265625 0.0845703125 0.0859375
1 0.025 0.46015625 0.05 0.0794921875
1 0.16953125 0.3109375 0.0294921875 0.05
1 0.396875 0.38125 0.0625 0.046875
6 0.13671875 0.28984375 0.034375 0.059375
6 0.209375 0.5140625 0.0216796875 0.040234375
6 0.21015625 0.4515625 0.044921875 0.031640625
6 0.2953125 0.46640625 0.0283203125 0.0326171875
6 0.22734375 0.37109375 0.0330078125 0.01875
6 0.1015625 0.553125 0.052734375 0.0625
6 0.15546875 0.78046875 0.0328125 0.0576171875
6 0.3140625 0.5140625 0.028515625 0.034375
19 0.9328125 0.51875 0.127734375 0.11953125
19 0.7703125 0.59296875 0.11875 0.1486328125
19 0.58984375 0.4859375 0.0548828125 0.071484375
19 0.5953125 0.3734375 0.04375 0.087109375
19 0.68203125 0.38125 0.0984375 0.090625
19 0.76328125 0.28984375 0.0953125 0.079296875
11 0.75390625 0.690625 0.0421875 0.0220703125
11 0.68359375 0.5609375 0.2109375 0.159375
11 0.61171875 0.4203125 0.0546875 0.034765625
11 0.821875 0.440625 0.0435546875 0.04375
11 0.90390625 0.41875 0.028125 0.037890625
19 0.8953125 0.41171875 0.09609375 0.0828125
11 0.796875 0.36171875 0.124609375 0.0669921875
11 0.6390625 0.27109375 0.1376953125 0.0611328125
11 0.628125 0.171875 0.1408203125 0.1091796875
11 0.71328125 0.66015625 0.0515625 0.034375
11 0.78203125 0.43046875 0.029296875 0.03125
11 0.709375 0.3203125 0.016015625 0.027734375
11 0.659375 0.37109375 0.03125 0.0482421875