15 0.46094402656250005 0 0.4473684203125 0.021929825 0.381578946875 0.1776315796875 0.3596491234375 0.20394736875000002 0.3026315796875 0.31798245625 0.2236842109375 0.4276315796875 0.19517543906249998 0.49780701718750003 0.14692982500000001 0.5723684203125 0.0701754390625 0.7828947375 0.039473684375 0.8377192984375 0 0.8828320812499999 0 0.9544090484375 0.021929825 0.9671052625 0.1331453640625 1 0.8368421046875 1 0.85087719375 0.9978070171875 0.9692982453125 0.9561403515625001 1 0.9353715171875001 1 0.8141945765624999 0.9868421046875 0.7938596484375 0.9517543859375 0.69298245625 0.8048245609375 0.4473684203125 0.743421053125 0.335526315625 0.721491228125 0.278508771875 0.6622807015625 0.20833333281250002 0.6096491234375 0.09210526249999999 0.5592105265625 0.028508771874999998 0.54805491875 0 0.46094402656250005 0
13 0.1921875 0.20078125 0.178515625 0.1736328125
13 0.23046875 0.11015625 0.1330078125 0.0451171875
13 0.38828125 0.13046875 0.1078125 0.125
13 0.540625 0.12578125 0.162109375 0.1484375
13 0.69140625 0.1984375 0.1701171875 0.1560546875
13 0.2703125 0.3390625 0.1654296875 0.1595703125
13 0.4734375 0.3546875 0.1625 0.15
13 0.62890625 0.38046875 0.1703125 0.1609375
13 0.32421875 0.5046875 0.1796875 0.15625
13 0.45390625 0.6171875 0.1701171875 0.116015625
13 0.7203125 0.59921875 0.0814453125 0.1234375
13 0.5796875 0.52890625 0.171484375 0.1482421875