15 0 0 0 0.47939560468750003 0.01239669375 0.48351648281250004 0.0268595046875 0.527472528125 0.0971074375 0.5824175828125 0.171487603125 0.6895604390625001 0.2809917359375 0.7197802203125 0.3471074375 0.7637362640625 0.38842975156250004 0.81868131875 0.51239669375 0.934065934375 0.5971074375 0.98076923125 0.6485307625 1 1 1 1 0 0 0
19 0.5421875 0.0703125 0.299609375 0.140234375
19 0.71875 0.27890625 0.2626953125 0.2044921875
19 0.6484375 0.659375 0.4498046875 0.43125
19 0.0765625 0.37109375 0.153125 0.2140625
0 0.346875 0.5765625 0.1654296875 0.2533203125
0 0.5609375 0.6546875 0.190234375 0.258984375
0 0.040625 0.13203125 0.080859375 0.1265625
0 0.546875 0.33359375 0.04375 0.1357421875
0 0.68359375 0.25625 0.1357421875 0.1341796875
0 0.47734375 0.05625 0.111328125 0.108984375
0 0.69765625 0.68046875 0.06875 0.167578125