15 0.009765625 0 0 0.015625 0 0.4635416671875 0.009765625 0.4661458328125 0.0234375 0.4921875 0.0625 0.5052083328125 0.076171875 0.546875 0.142578125 0.5989583328125 0.212890625 0.7005208328125 0.31640625 0.7291666671875 0.37890625 0.7708333328125 0.41796875 0.8229166671874999 0.53515625 0.9322916671874999 0.615234375 0.9765625 0.677734375 1 1 1 1 0 0.009765625 0
19 0.56328125 0.08984375 0.2828125 0.1796875
19 0.7296875 0.31171875 0.2484375 0.19296875
19 0.66328125 0.671875 0.425 0.40859375
19 0.11796875 0.40078125 0.1578125 0.20390625
0 0.37890625 0.59375 0.15546875 0.24140625
0 0.58125 0.6671875 0.17890625 0.24453125
0 0.07265625 0.17421875 0.11171875 0.11875
0 0.56796875 0.36328125 0.04140625 0.128125
0 0.696875 0.28984375 0.128125 0.1265625
0 0.50234375 0.1 0.10546875 0.103125
0 0.71015625 0.6921875 0.06484375 0.159375