15 0 0 0 1 0.4795454546875 1 0.59318181875 0.89393939375 0.6386363640625 0.8333333328125001 0.7113636359375 0.784848484375 0.8318181812500001 0.7515151515625 0.9136363640624999 0.6333333328124999 0.990909090625 0.5727272734375 1 0.5450216453125 1 0 0 0
19 0.57578125 0.07265625 0.3296875 0.1453125
19 0.7703125 0.2984375 0.290234375 0.225
19 0.6921875 0.71796875 0.4939453125 0.4763671875
19 0.07421875 0.4 0.1482421875 0.2373046875
0 0.3609375 0.62734375 0.18125 0.2798828125
0 0.596875 0.71328125 0.206640625 0.284375
0 0.034375 0.13671875 0.0685546875 0.1390625
0 0.58125 0.35859375 0.049609375 0.1486328125
0 0.73125 0.27421875 0.149609375 0.1482421875
0 0.5046875 0.05625 0.1220703125 0.1125
0 0.746875 0.7421875 0.075 0.1845703125