15 0.797619046875 0 0.7638888890625 0.015873015625 0.6706349203124999 0.0238095234375 0.603174603125 0.059523809375 0.46825396875 0.0952380953125 0.434523809375 0.11507936562500001 0.29365079375 0.15873015937499999 0.2460317453125 0.1984126984375 0.21626984062500001 0.2380952375 0.174603175 0.2539682546875 0.134920634375 0.28174603125000003 0.1111111109375 0.30555555624999997 0.0873015875 0.3492063484375 0.0297619046875 0.3988095234375 0 0.45658263281250006 0 0.484126984375 0.0019841265625 0.49404761875 0 0.4986772484375 0 0.9461665171875 0.10119047656249999 0.990079365625 0.1448412703125 1 0.33134920625 1 0.3710317453125 0.99404761875 0.527777778125 0.950396825 0.6865079359374999 0.875 0.71825396875 0.86904761875 0.734126984375 0.8551587296875001 0.8869047625 0.783730159375 1 0.7029478453125 1 0 0.797619046875 0
13 0.53203125 0.14453125 0.163671875 0.101953125
13 0.81015625 0.10234375 0.176171875 0.151171875
13 0.74921875 0.340625 0.1953125 0.106640625
13 0.640625 0.29140625 0.058984375 0.114453125
13 0.56875 0.31796875 0.06875 0.1142578125
13 0.284375 0.2796875 0.1935546875 0.109375
13 0.0890625 0.48671875 0.178125 0.1328125
13 0.15703125 0.72109375 0.2640625 0.126953125
13 0.38203125 0.4140625 0.154296875 0.103125
13 0.46484375 0.56328125 0.213671875 0.146875
13 0.91015625 0.41875 0.1796875 0.1625
13 0.94609375 0.1765625 0.1076171875 0.1064453125
13 0.55859375 0.69375 0.2515625 0.1654296875
2 0.71796875 0.51640625 0.2080078125 0.1419921875
2 0.45703125 0.28046875 0.1048828125 0.115625
2 0.175 0.6109375 0.3 0.065625
2 0.24453125 0.47265625 0.1296875 0.16875
2 0.81328125 0.6171875 0.1794921875 0.127734375
2 0.75703125 0.2125 0.171875 0.096875
0 0.21171875 0.38515625 0.0859375 0.0580078125
0 0.78984375 0.4984375 0.053125 0.1
0 0.5421875 0.25234375 0.0873046875 0.0625