15 0.7890625 0 0.755859375 0.015625 0.6640625 0.0234375 0.59765625 0.05859375 0.46484375 0.09375 0.431640625 0.11328125 0.29296875 0.15625 0.24609375 0.1953125 0.216796875 0.234375 0.17578125 0.25 0.13671875 0.27734375 0.11328125 0.30078125 0.08984375 0.34375 0.033203125 0.392578125 0 0.45703125 0.005859375 0.486328125 0 0.5 0 0.9296875 0.103515625 0.974609375 0.189453125 0.994140625 0.251953125 0.99609375 0.369140625 0.978515625 0.5234375 0.935546875 0.6796875 0.861328125 0.7109375 0.85546875 0.7265625 0.841796875 0.876953125 0.771484375 1 0.68359375 1 0 0.7890625 0
13 0.528125 0.1421875 0.1609375 0.10078125
13 0.80078125 0.10078125 0.1734375 0.1484375
13 0.74140625 0.3359375 0.1921875 0.10625
13 0.63515625 0.28671875 0.0578125 0.11328125
13 0.5640625 0.31328125 0.06796875 0.11328125
13 0.284375 0.27578125 0.18984375 0.1078125
13 0.090625 0.4796875 0.18125 0.1296875
13 0.15859375 0.71015625 0.26015625 0.125
13 0.3796875 0.40703125 0.1515625 0.1015625
13 0.46171875 0.5546875 0.21015625 0.14453125
13 0.90703125 0.4125 0.1859375 0.16015625
13 0.94140625 0.1734375 0.1171875 0.10625
13 0.55390625 0.6828125 0.24765625 0.1625
2 0.7109375 0.50859375 0.2046875 0.1390625
2 0.45390625 0.2765625 0.10390625 0.11328125
2 0.17578125 0.6015625 0.2953125 0.06484375
2 0.24453125 0.465625 0.12734375 0.16640625
2 0.8046875 0.6078125 0.1765625 0.125
2 0.74921875 0.20859375 0.16953125 0.0953125
0 0.21171875 0.37890625 0.084375 0.0578125
0 0.78203125 0.490625 0.05234375 0.0984375
0 0.5375 0.2484375 0.08515625 0.06171875