15 0.6851851859375 0 0.6320346328124999 0.028138528125 0.48484848437499994 0.0670995671875 0.44805194843749996 0.0887445890625 0.29437229375 0.1363636359375 0.24242424218749997 0.17965367968749998 0.20995670937500002 0.22294372343750002 0.1645021640625 0.240259740625 0.121212121875 0.2705627703125 0.0952380953125 0.296536796875 0.06926406874999999 0.34415584374999997 0.00649350625 0.3982683984375 0 0.4108734390625 0 1 0.54978355 1 0.7229437234375 0.9177489171875 0.7575757578125 0.9112554109375001 0.7748917750000001 0.8961038968749999 0.9415584421875 0.81818181875 1 0.7764378484375001 1 0 0.6851851859375 0
13 0.5546875 0.1203125 0.178125 0.1123046875
13 0.85625 0.078125 0.1935546875 0.1560546875
13 0.79140625 0.33515625 0.213671875 0.1171875
13 0.6734375 0.28125 0.065234375 0.125
13 0.59453125 0.31015625 0.075 0.125
13 0.284375 0.26875 0.2095703125 0.1189453125
13 0.084375 0.49453125 0.16875 0.1453125
13 0.1453125 0.75 0.2876953125 0.137890625
13 0.390625 0.41484375 0.1685546875 0.1125
13 0.48125 0.57734375 0.23203125 0.160546875
13 0.93515625 0.41953125 0.1296875 0.1767578125
13 0.97421875 0.15546875 0.0515625 0.1171875
13 0.58359375 0.71953125 0.273828125 0.1796875
2 0.75703125 0.5265625 0.2267578125 0.1533203125
2 0.47265625 0.26953125 0.1142578125 0.1263671875
2 0.16484375 0.6296875 0.3265625 0.0716796875
2 0.240625 0.47890625 0.1408203125 0.184375
2 0.86171875 0.63671875 0.1953125 0.1388671875
2 0.8 0.19453125 0.1875 0.10625
0 0.2046875 0.3828125 0.09375 0.06484375
0 0.8359375 0.50625 0.058984375 0.109375
0 0.565625 0.23828125 0.0939453125 0.06875