15 0.482421875 0.1770833328125 0.443359375 0.1354166671875 0.388671875 0.1223958328125 0.33984375 0.1536458328125 0.26953125 0.1614583328125 0.177734375 0.1953125 0.001953125 0.1979166671875 0 0.4505208328125 0.08203125 0.5494791671875 0.169921875 0.6276041671875 0.197265625 0.6770833328125 0.26953125 0.7057291671875 0.408203125 0.8385416671874999 0.546875 0.9322916671874999 0.66015625 0.9739583328125001 0.673828125 0.9635416671874999 0.736328125 0.8177083328125001 0.791015625 0.6458333328125 0.798828125 0.5963541671875 0.82421875 0.5703125 0.828125 0.5234375 0.86328125 0.4140625 0.875 0.3411458328125 0.9140625 0.22135416718749998 0.912109375 0.20052083281250002 0.896484375 0.1875 0.841796875 0.1666666671875 0.74609375 0.109375 0.724609375 0.1067708328125 0.6484375 0.1432291671875 0.54296875 0.171875 0.482421875 0.1770833328125
13 0.17109375 0.4265625 0.18203125 0.16796875
13 0.40625 0.3140625 0.15390625 0.14296875
13 0.396875 0.5671875 0.19609375 0.1953125
13 0.58515625 0.35703125 0.14765625 0.12109375
13 0.7796875 0.3828125 0.14921875 0.13671875
13 0.59609375 0.5140625 0.1609375 0.1734375
13 0.77421875 0.615625 0.04921875 0.16484375
13 0.5546875 0.82890625 0.25 0.25859375
2 0.6203125 0.240625 0.221875 0.10390625
2 0.39765625 0.43203125 0.2171875 0.08984375
2 0.63515625 0.65546875 0.19765625 0.08828125
2 0.253125 0.29140625 0.11796875 0.0890625