15 0.12458004062500001 0.4395764796875 0.1166749 0.48957647968750007 0.0909832 0.5158922703125 0.0870306328125 0.5632606906250001 0.05145751093749999 0.6737870078125 0.039599803125 0.74747121875 0.000074109375 0.8685238484375001 0.0020503953125 0.8895764796875 0.017860671875 0.9027343765625 0.073196640625 0.9237870062500001 0.1700345859375 0.98168174375 0.1793756171875 0.9828125 0.1949134921875 0.9828125 0.2688488140625 0.94747121875 0.37556818281250004 0.9185238484375 0.4368330046875 0.9132606921875001 0.4763586953125 0.95536595625 0.5316946640625 0.9685238484375001 0.5811017796875 0.9369449015625 0.6522480234375 0.9290501640625 0.7451334000000001 0.8948396390625 0.9229990109375 0.8922080593749999 0.9234375 0.8355714656250001 0.9234375 0.6350922234375 0.8419713421875 0.5369449015625001 0.7530385374999999 0.4579975328125 0.725370553125 0.4079975328125 0.6522480234375 0.379050165625 0.51193181875 0.2448396390625 0.37161561249999997 0.15010279843750002 0.2569911078125 0.107997534375 0.243157115625 0.1185238484375 0.1799160078125 0.265892271875 0.12458004062500001 0.4395764796875
13 0.17265625 0.43125 0.184375 0.1689453125
13 0.4109375 0.3171875 0.155859375 0.144140625
13 0.4015625 0.57265625 0.197265625 0.1982421875
13 0.59140625 0.3609375 0.1486328125 0.121875
13 0.7890625 0.3875 0.152734375 0.1375
13 0.603125 0.51875 0.1625 0.175
13 0.78359375 0.621875 0.05 0.1658203125
13 0.56171875 0.8375 0.253125 0.26171875
2 0.628125 0.24296875 0.225 0.1046875
2 0.40234375 0.43671875 0.2201171875 0.090625
2 0.64296875 0.6625 0.2 0.08828125
2 0.25625 0.29453125 0.1189453125 0.0892578125