15 0 0.8954184656249999 0.0547520078125 0.896227134375 0.162550171875 0.9358612796875001 0.24511897968750002 0.9450076203125001 0.30245842968750003 0.9815929859375 0.3666786125 0.9663490843749999 0.412550171875 0.9175685984375 0.483651090625 0.923666159375 0.6075043015625 0.9572027437499999 0.6969538421875 0.9998856703125 0.7221832 0.9968368906249999 0.8345685203125001 0.9297637203125 0.898788703125 0.905373475 0.917137328125 0.8901295734374999 0.91875 0.8729801859374999 0.91875 0.8636575828125 0.873559346875 0.725495425 0.8597978796874999 0.6401295734375 0.8185134749999999 0.51208079375 0.8139263187499999 0.45720274375000003 0.78410980625 0.4267149375 0.7749354937499999 0.368788109375 0.7107153109375 0.1675685984375 0.6884348375 0.1157393296875 0.36610521875 0.1157393296875 0.325394209375 0.143178353125 0.162550171875 0.298666159375 0.07768778750000001 0.33220274375000003 0.0455776953125 0.3901295734375 0 0.43051956249999995 0 0.8954184656249999
13 0.0765625 0.48828125 0.153125 0.1984375
13 0.3234375 0.35859375 0.1810546875 0.1671875
13 0.3125 0.6546875 0.230859375 0.2283203125
13 0.5328125 0.409375 0.172265625 0.1408203125
13 0.76171875 0.4390625 0.176171875 0.159375
13 0.54609375 0.5921875 0.1890625 0.203125
13 0.75625 0.71171875 0.056640625 0.1923828125
13 0.49765625 0.90390625 0.29375 0.1921875
2 0.575 0.27265625 0.262109375 0.121875
2 0.3125 0.496875 0.255859375 0.1060546875
2 0.5921875 0.75859375 0.2314453125 0.103125
2 0.14375 0.33203125 0.137890625 0.1046875