15 0.27393528749999996 0.555551959375 0.291634403125 0.5052561015625 0.3270326328125 0.4460845046875 0.3602184734375 0.47567030312499997 0.41331581875 0.490463203125 0.4597759953125 0.4105815453125 0.453138828125 0.3839543265625 0.4609375 0.36309634062499996 0.4609375 0.3594424921875 0.45092643906249996 0.3514099484375 0.3624308625 0.31590698906250003 0.29827157031249996 0.26561113125 0.2606609515625 0.259693971875 0.15667865 0.37803716718749997 0.0770326328125 0.49638036249999995 0.0880945796875 0.53780048125 0.1940890109375 0.6234375 0.1944786453125 0.6234375 0.27393528749999996 0.555551959375
15 0.8546875 0.9205690656250001 0.8546875 0.9086607750000001 0.8385370578125 0.8492672875 0.8227184734374999 0.816722909375 0.7327446203125 0.816722909375 0.6726078546875 0.8551844484375 0.6726078546875 0.917314625 0.7044797796875 0.996875 0.7303200953125 0.996875 0.7500414828124999 0.9942377015625 0.85181139375 0.9321075249999999 0.8546875 0.9205690656250001
15 0.7700013828125 0.44422383437499996 0.7943376671875 0.5122711718749999 0.8278768734374999 0.5375 0.8697816828124999 0.5375 0.9536297015624999 0.5122711718749999 0.996875 0.4874864625 0.996875 0.47464309374999997 0.924868640625 0.22824750468750002 0.9160190828125 0.1661173265625 0.8784084625 0.192744546875 0.8717712953125 0.21345460468750002 0.72354120625 0.2637504625 0.6925677546875 0.257833303125 0.690355365625 0.2652297515625 0.690355365625 0.2874191015625 0.7014173125000001 0.3613836 0.7700013828125 0.44422383437499996
11 0.73515625 0.33203125 0.0171875 0.0173828125
11 0.8578125 0.39921875 0.0154296875 0.0234375
11 0.759375 0.421875 0.009375 0.0283203125
11 0.77109375 0.2921875 0.020703125 0.034765625
11 0.7828125 0.240625 0.015625 0.0283203125
11 0.88125 0.31328125 0.012109375 0.0203125
11 0.875 0.42890625 0.012890625 0.0140625
11 0.88359375 0.39296875 0.0173828125 0.0203125
11 0.81875 0.24921875 0.0125 0.021875
11 0.88515625 0.2609375 0.011328125 0.01640625
11 0.88828125 0.20703125 0.0171875 0.0236328125
11 0.959375 0.3796875 0.0154296875 0.0248046875
6 0.82578125 0.4484375 0.021875 0.04375
6 0.7671875 0.31796875 0.0189453125 0.0201171875
6 0.79453125 0.22265625 0.0142578125 0.0205078125
6 0.825 0.3875 0.037109375 0.0091796875
19 0.85703125 0.2953125 0.033203125 0.02265625
19 0.75859375 0.22734375 0.025 0.0423828125
19 0.78203125 0.40234375 0.0265625 0.0390625
19 0.78671875 0.4703125 0.0263671875 0.0310546875
2 0.825 0.33515625 0.028125 0.0453125
2 0.90546875 0.25703125 0.015625 0.0453125
2 0.94921875 0.36171875 0.015625 0.0375
2 0.1734375 0.4515625 0.024609375 0.02265625
2 0.184375 0.48828125 0.028125 0.0267578125
13 0.21796875 0.5625 0.028125 0.0283203125
13 0.1984375 0.4578125 0.0158203125 0.028125
13 0.215625 0.484375 0.025390625 0.025
13 0.296875 0.45078125 0.0279296875 0.0361328125
13 0.334375 0.4015625 0.0248046875 0.0310546875
13 0.140625 0.44765625 0.021875 0.021875
13 0.10390625 0.53046875 0.0236328125 0.0234375
13 0.75546875 0.97890625 0.0294921875 0.0419921875
13 0.69609375 0.91015625 0.0234375 0.0361328125