15 0.08984375 0.53125 0.18359375 0.6067708328125 0.25390625 0.546875 0.26953125 0.5026041671875 0.30078125 0.4505208328125 0.330078125 0.4765625 0.376953125 0.4895833328125 0.41796875 0.4192708328125 0.412109375 0.3958333328125 0.419921875 0.375 0.41015625 0.3671875 0.33203125 0.3359375 0.275390625 0.2916666671875 0.2421875 0.2864583328125 0.150390625 0.390625 0.080078125 0.4947916671875 0.08984375 0.53125
15 0.6953125 0.9609375 0.7265625 0.9609375 0.751953125 0.9088541671874999 0.767578125 0.8515625 0.763671875 0.8359375 0.673828125 0.78125 0.634765625 0.7760416671875 0.60546875 0.8489583328125001 0.60546875 0.9036458328125001 0.6953125 0.9609375
15 0.6875 0.4765625 0.6953125 0.53125 0.728515625 0.5078125 0.734375 0.4895833328125 0.865234375 0.4453125 0.892578125 0.4505208328125 0.896484375 0.4375 0.884765625 0.359375 0.82421875 0.2864583328125 0.802734375 0.2265625 0.771484375 0.203125 0.740234375 0.203125 0.662109375 0.2265625 0.62109375 0.25 0.6875 0.4765625
11 0.6609375 0.35 0.01484375 0.01640625
11 0.76953125 0.40859375 0.01328125 0.0203125
11 0.68203125 0.42890625 0.00859375 0.02578125
11 0.6921875 0.31484375 0.01875 0.03125
11 0.703125 0.26953125 0.0140625 0.025
11 0.78984375 0.3328125 0.01015625 0.01796875
11 0.784375 0.434375 0.01171875 0.0125
11 0.7921875 0.403125 0.015625 0.01796875
11 0.734375 0.2765625 0.0109375 0.01875
11 0.79375 0.2875 0.01015625 0.01484375
11 0.7953125 0.23984375 0.01484375 0.02109375
11 0.85859375 0.39140625 0.0125 0.021875
6 0.740625 0.4515625 0.01953125 0.03828125
6 0.6890625 0.3375 0.0171875 0.0171875
6 0.71328125 0.253125 0.01328125 0.01875
6 0.73984375 0.3984375 0.03125 0.00703125
19 0.76796875 0.3171875 0.0296875 0.0203125
19 0.68203125 0.2578125 0.021875 0.0375
19 0.7015625 0.41171875 0.0234375 0.034375
19 0.70625 0.471875 0.02265625 0.02734375
2 0.73984375 0.35234375 0.02421875 0.03984375
2 0.8109375 0.28359375 0.0140625 0.03984375
2 0.85 0.375 0.0140625 0.03359375
2 0.16484375 0.45546875 0.02109375 0.02109375
2 0.17421875 0.4875 0.025 0.02421875
13 0.2046875 0.55234375 0.025 0.02578125
13 0.18671875 0.46015625 0.01484375 0.025
13 0.2015625 0.48359375 0.02265625 0.021875
13 0.2734375 0.45390625 0.02421875 0.03203125
13 0.30703125 0.41015625 0.02109375 0.0265625
13 0.1359375 0.4515625 0.01875 0.01875
13 0.103125 0.52421875 0.02109375 0.0203125
13 0.6796875 0.9203125 0.0265625 0.03671875
13 0.6265625 0.85859375 0.02109375 0.03203125