15 0.077021328125 0.47924107187500004 0.08297370937500001 0.5030505953125 0.0750372015625 0.5242146171875001 0.0849578359375 0.5321511250000001 0.164322915625 0.56389715625 0.2218626 0.6088707015625 0.23503844062499998 0.6109375 0.2584340890625 0.6109375 0.34884672499999997 0.5083416015625 0.42027529843749994 0.40252149531250003 0.4103546609375 0.3654844578125 0.315116565625 0.28876488125 0.24368799531250002 0.3496114421875 0.22781497968750003 0.3945849875 0.196068946875 0.44749504062499995 0.1663070421875 0.42104001406249997 0.1186879953125 0.4078125 0.077021328125 0.47924107187500004
15 0.7734375 0.858818340625 0.743985615625 0.7855158734375001 0.7043030765625 0.790806878125 0.613033234375 0.846362434375 0.609375 0.8609953750000001 0.609375 0.8633721859374999 0.624937996875 0.9204365078125001 0.6492525421875001 0.9703125 0.6872356390625 0.9703125 0.7734375 0.9153431968750001 0.7734375 0.858818340625
15 0.6567088296875 0.4499090609375 0.7896453375 0.49488260625 0.7955977187500001 0.5134011234375 0.8293278765625001 0.5372106484375 0.8372643859375 0.48165509218749997 0.9046875 0.2516232859375 0.9046875 0.2514751046875 0.8630580359375 0.22768683906249998 0.7836929578125 0.2038773140625 0.751946925 0.2038773140625 0.72020089375 0.22768683906249998 0.698375496875 0.2885334 0.636867559375 0.3626074734375 0.625 0.4417245328125 0.625 0.4420965640625 0.6289310515625 0.455200065625 0.6567088296875 0.4499090609375
11 0.665625 0.35234375 0.015625 0.0169921875
11 0.77578125 0.4125 0.0138671875 0.019140625
11 0.68671875 0.4328125 0.0080078125 0.0251953125
11 0.69765625 0.3171875 0.0201171875 0.03125
11 0.70859375 0.27109375 0.0140625 0.0263671875
11 0.79609375 0.33515625 0.0107421875 0.0173828125
11 0.790625 0.4390625 0.0123046875 0.0125
11 0.7984375 0.40703125 0.0158203125 0.0173828125
11 0.73984375 0.278125 0.0111328125 0.0189453125
11 0.8 0.2890625 0.0095703125 0.015625
11 0.80234375 0.240625 0.015625 0.021875
11 0.86640625 0.3953125 0.0138671875 0.021875
6 0.74609375 0.45625 0.0201171875 0.037890625
6 0.69375 0.33984375 0.0185546875 0.0171875
6 0.71875 0.2546875 0.012890625 0.01875
6 0.74609375 0.4015625 0.0326171875 0.008984375
19 0.77421875 0.3203125 0.0296875 0.0216796875
19 0.68671875 0.25859375 0.0232421875 0.0388671875
19 0.70703125 0.415625 0.0236328125 0.0345703125
19 0.71171875 0.4765625 0.0232421875 0.0279296875
2 0.7453125 0.3546875 0.025 0.040625
2 0.81796875 0.2859375 0.0140625 0.040625
2 0.85703125 0.37890625 0.0140625 0.0330078125
2 0.1609375 0.459375 0.021875 0.0216796875
2 0.17109375 0.4921875 0.025 0.0248046875
13 0.2015625 0.55859375 0.025390625 0.026171875
13 0.18359375 0.46484375 0.0142578125 0.025
13 0.19921875 0.4890625 0.0232421875 0.021875
13 0.271875 0.45859375 0.024609375 0.0328125
13 0.30546875 0.4140625 0.021875 0.0279296875
13 0.13203125 0.45546875 0.0201171875 0.0201171875
13 0.09921875 0.5296875 0.021875 0.0216796875
13 0.684375 0.93203125 0.025390625 0.0375
13 0.63046875 0.86953125 0.0205078125 0.0328125