15 0.3523622046875 0 0.3523622046875 0.0433070859375 0.3444881890625 0.0688976375 0.30708661406250004 0.0964566921875 0.28740157499999996 0.14370078749999998 0.2381889765625 0.1850393703125 0.19488188906249998 0.19488188906249998 0.1692913390625 0.23425196874999998 0.157480315625 0.27755905468750003 0.0964566921875 0.32480315000000004 0.08267716562500001 0.3287401578125 0.0334645671875 0.2854330703125 0.013779528125000001 0.27755905468750003 0 0.28062117343750004 0 0.468934546875 0.0570866140625 0.43503937031250006 0.08267716562500001 0.460629921875 0.12795275625 0.47047244062500004 0.12992125937500001 0.486220471875 0.0866141734375 0.5275590546875 0.092519684375 0.5885826765625 0.1712598421875 0.70275590625 0.183070865625 0.73425196875 0.183070865625 0.773622046875 0.198818896875 0.801181103125 0.226377953125 0.811023621875 0.236220471875 0.8799212593749999 0.263779528125 0.9133858265624999 0.279527559375 0.95275590625 0.31223500937500004 1 0.907324084375 1 0.962598425 0.8799212593749999 1 0.7677165359375 1 0.5492125984375 0.976377953125 0.44094488125 0.8976377953125001 0.301181103125 0.73425196875 0.12992125937500001 0.58464566875 0.02165354375 0.561023621875 0.0098425203125 0.5118110234375 0.0098425203125 0.4850956125 0 0.3523622046875 0
2 0.34921875 0.31953125 0.188671875 0.182421875
2 0.41875 0.9109375 0.090625 0.178125
13 0.6078125 0.87578125 0.1595703125 0.1890625
13 0.66796875 0.65078125 0.1234375 0.1359375
13 0.41328125 0.18671875 0.116796875 0.1046875
13 0.52578125 0.12265625 0.1107421875 0.1388671875
13 0.73046875 0.725 0.1294921875 0.1439453125
13 0.63359375 0.22421875 0.1111328125 0.0955078125
0 0.5421875 0.41953125 0.16875 0.2419921875
2 0.95546875 0.37109375 0.0888671875 0.1482421875