15 0.40040650468749994 0 0.3963414640625 0.0020325203125 0.24186991875000002 0.1138211375 0.07317073125 0.29065040625 0 0.4205284546875 0 0.8699186984375 0.0060975609375000005 0.8882113828125 0.057555812500000005 1 0.6860537843750001 1 0.7113821140625001 0.9634146343750001 0.7276422765625 0.922764228125 0.7560975609375 0.8882113828125 0.7662601625 0.8170731703125 0.794715446875 0.80691056875 0.810975609375 0.778455284375 0.810975609375 0.7378048781250001 0.82317073125 0.705284553125 0.9044715453125001 0.5873983734375 0.91056910625 0.52439024375 0.8658536578125 0.48170731718750004 0.8678861781249999 0.46544715468750003 0.914634146875 0.455284553125 0.9410569109375 0.4288617890625 1 0.4638592484375 1 0.2694218625 0.9857723578125 0.2662601625 0.9654471546875 0.27439024375 0.914634146875 0.319105690625 0.9004065046875 0.31504065 0.8373983734375001 0.2662601625 0.8252032515625001 0.22154471562500003 0.7987804875 0.180894309375 0.754065040625 0.1707317078125 0.7032520328125 0.12804878125000002 0.6829268296875 0.0792682921875 0.64430894375 0.0508130078125 0.6361788625 0.024390243750000002 0.6361788625 0 0.40040650468749994 0
2 0.328125 0.309375 0.1939453125 0.1876953125
2 0.4 0.9140625 0.09375 0.171875
13 0.5953125 0.884375 0.165625 0.19453125
13 0.6578125 0.6515625 0.127734375 0.140625
13 0.39375 0.17265625 0.1189453125 0.1078125
13 0.5109375 0.10625 0.115234375 0.1435546875
13 0.72109375 0.728125 0.1330078125 0.1498046875
13 0.621875 0.2109375 0.115625 0.0998046875
0 0.52734375 0.4125 0.1736328125 0.2498046875
2 0.95390625 0.3625 0.0919921875 0.1529296875