15 0.5234375 0 0.486328125 0.013671875 0.4375 0.013671875 0.4140625 0.025390625 0.265625 0.1328125 0.103515625 0.302734375 0.025390625 0.44140625 0.001953125 0.548828125 0 0.759765625 0.0390625 0.876953125 0.095703125 1 0.681640625 1 0.716796875 0.94921875 0.732421875 0.91015625 0.759765625 0.876953125 0.76953125 0.80859375 0.796875 0.798828125 0.8125 0.771484375 0.8125 0.732421875 0.82421875 0.701171875 0.90234375 0.587890625 0.908203125 0.52734375 0.865234375 0.486328125 0.8671875 0.470703125 0.912109375 0.4609375 0.9375 0.435546875 1 0.47265625 0.998046875 0.283203125 0.98046875 0.279296875 0.9609375 0.287109375 0.912109375 0.330078125 0.8984375 0.326171875 0.837890625 0.279296875 0.826171875 0.236328125 0.80078125 0.197265625 0.7578125 0.1875 0.708984375 0.146484375 0.689453125 0.099609375 0.65234375 0.072265625 0.64453125 0.046875 0.64453125 0 0.5234375 0
2 0.3484375 0.32109375 0.18671875 0.18046875
2 0.41875 0.91015625 0.090625 0.17890625
13 0.60546875 0.8734375 0.159375 0.1875
13 0.66484375 0.64921875 0.12265625 0.13515625
13 0.41171875 0.1890625 0.115625 0.10390625
13 0.52421875 0.12578125 0.109375 0.1375
13 0.7265625 0.7234375 0.128125 0.14375
13 0.63125 0.2265625 0.1109375 0.0953125
0 0.53984375 0.41953125 0.16796875 0.23984375
2 0.95390625 0.37265625 0.0921875 0.14609375