15 0.5425629062499999 0 0.40260755000000004 0.0113258671875 0.33767248437499997 0.0460079484375 0.24243438906249998 0.1182622828125 0.1645123125 0.150054190625 0.142867290625 0.2049674859375 0.0887547359375 0.2916726875 0.10174174843749999 0.3408056359375 0.077932225 0.41595014375000006 0.0649452125 0.5171062140625 0.0671097140625 0.5893605484375 0.12122226875 0.751210259375 0.22078936875 0.8697073703125 0.34633049374999997 0.9535223984375 0.43260373750000003 0.99375 0.6879944546875 0.99375 0.7034733515625 0.9593027453125 0.7489278953125 0.9275108375000001 0.7575859046875 0.866817196875 0.8203564671875 0.8003432078125 0.8701400171874999 0.7165281796875 0.9177590640625001 0.6731755781250001 0.9394040875 0.5373374281250001 0.9372395828125001 0.3986091046875 0.946875 0.3857433171875 0.946875 0.373809309375 0.9437330890625001 0.366817196875 0.9415685890625 0.2541004328125 0.8571530031249999 0.2165281796875 0.7705729171875 0.13560332343749998 0.679663825 0.10092124218750001 0.6320447796875001 0.06912933593750001 0.586590234375 0.0199963875 0.5459420421875001 0 0.5425629062499999 0
19 0.409375 0.14609375 0.0689453125 0.0859375
19 0.33125 0.3265625 0.0904296875 0.0966796875
19 0.32265625 0.63515625 0.101171875 0.128125
19 0.57578125 0.43125 0.0796875 0.0748046875
19 0.6359375 0.62421875 0.096484375 0.1171875
19 0.73984375 0.2921875 0.0640625 0.077734375
7 0.62421875 0.36015625 0.0673828125 0.0875
7 0.215625 0.465625 0.103125 0.087890625
11 0.35625 0.44375 0.0498046875 0.0626953125
11 0.246875 0.2734375 0.0439453125 0.0564453125
11 0.440625 0.2953125 0.04375 0.0654296875
11 0.57265625 0.16953125 0.0361328125 0.0544921875
11 0.615625 0.21484375 0.0470703125 0.059375
11 0.57109375 0.21953125 0.0392578125 0.0451171875
11 0.51640625 0.3671875 0.05 0.0595703125
11 0.4 0.63984375 0.0591796875 0.0732421875
11 0.45625 0.678125 0.056640625 0.0810546875
11 0.63515625 0.5 0.045703125 0.056640625
11 0.7859375 0.4421875 0.0533203125 0.053125
11 0.71015625 0.60234375 0.0546875 0.0859375
7 0.484375 0.20078125 0.053125 0.1296875
7 0.2296875 0.675 0.044140625 0.11796875
2 0.43515625 0.378125 0.0609375 0.0845703125
2 0.653125 0.2828125 0.08125 0.066015625