15 0.37331343906250003 0.0432291671875 0.3261031390625 0.0748383625 0.2359743828125 0.10932112187500001 0.1501374734375 0.189780890625 0.0664464859375 0.22713721250000002 0.0643005640625 0.339206178125 0.05786279531250001 0.3535739953125 0.07073833125 0.37081537343750004 0.068592409375 0.5087464078124999 0.0900516359375 0.6438038781250001 0.1372619375 0.686907328125 0.1866181609375 0.7702406625 0.2488499203125 0.836332615625 0.2574336109375 0.89667744375 0.30249798906250003 0.9282866390625 0.333230284375 0.996875 0.34803849375 0.996875 0.40550227968749997 0.9828843390625 0.521382109375 0.9857579046874999 0.6565752421875 0.9225395109375001 0.7810387609375 0.839206178125 0.8797512078124999 0.7213900859375 0.9333992765625 0.560470546875 0.934375 0.527806228125 0.934375 0.47949069062499994 0.9226696609375 0.3880567515625 0.8990645125000001 0.313344109375 0.9119400484375 0.264493534375 0.8582919796875 0.1782866390625 0.8368327531249999 0.12368893593750001 0.759579534375 0.09207974218750001 0.6651589328124999 0.020240659375 0.638334896875 0.0058728453125000005 0.407774434375 0.0058728453125000005 0.37331343906250003 0.0432291671875
19 0.39921875 0.18828125 0.0701171875 0.0857421875
19 0.32265625 0.36796875 0.0890625 0.0953125
19 0.31328125 0.67421875 0.1 0.1267578125
19 0.56484375 0.471875 0.0794921875 0.074609375
19 0.62421875 0.66328125 0.0951171875 0.1171875
19 0.72734375 0.33359375 0.063671875 0.076953125
7 0.61171875 0.4015625 0.0671875 0.0875
7 0.2078125 0.50625 0.1029296875 0.0876953125
11 0.346875 0.484375 0.04921875 0.0625
11 0.23828125 0.31484375 0.04375 0.0576171875
11 0.43046875 0.33671875 0.04375 0.0640625
11 0.5609375 0.21171875 0.0373046875 0.0544921875
11 0.60390625 0.25625 0.046875 0.059375
11 0.559375 0.2609375 0.037890625 0.04375
11 0.50546875 0.4078125 0.048828125 0.059375
11 0.390625 0.6796875 0.056640625 0.071875
11 0.44609375 0.7171875 0.0576171875 0.078515625
11 0.6234375 0.540625 0.0466796875 0.05625
11 0.77265625 0.4828125 0.053125 0.053125
11 0.69765625 0.6421875 0.0544921875 0.0845703125
7 0.4734375 0.24296875 0.053125 0.129296875
7 0.22109375 0.7140625 0.0451171875 0.1158203125
2 0.425 0.41953125 0.062109375 0.0857421875
2 0.64140625 0.32421875 0.080078125 0.066796875