15 0.26171875 0.1927083328125 0.205078125 0.2526041671875 0.16015625 0.328125 0.1171875 0.3671875 0.09765625 0.4895833328125 0.099609375 0.6145833328125 0.087890625 0.6302083328125 0.09375 0.6432291671875 0.095703125 0.7447916671875 0.171875 0.7786458328125 0.25 0.8515625 0.33203125 0.8828125 0.375 0.9114583328125001 0.416015625 0.9557291671874999 0.453125 0.9739583328125001 0.58203125 0.9635416671874999 0.640625 0.9322916671874999 0.7265625 0.8671875 0.796875 0.8385416671874999 0.81640625 0.7890625 0.865234375 0.7109375 0.853515625 0.6666666671875 0.875 0.5989583328125 0.88671875 0.5078125 0.884765625 0.4427083328125 0.8359375 0.296875 0.74609375 0.1901041671875 0.6328125 0.1145833328125 0.509765625 0.05729166718749999 0.404296875 0.05989583281250001 0.33984375 0.0442708328125 0.310546875 0.109375 0.26953125 0.1380208328125 0.26171875 0.1927083328125
19 0.3984375 0.209375 0.06328125 0.07734375
19 0.32890625 0.37265625 0.08125 0.08671875
19 0.3203125 0.65 0.090625 0.115625
19 0.54921875 0.46640625 0.071875 0.06640625
19 0.603125 0.640625 0.0859375 0.10625
19 0.696875 0.34140625 0.0578125 0.06953125
7 0.5921875 0.403125 0.0609375 0.07890625
7 0.22421875 0.49765625 0.09296875 0.0796875
11 0.35078125 0.478125 0.04453125 0.05703125
11 0.25234375 0.32421875 0.03984375 0.0515625
11 0.42734375 0.34375 0.03984375 0.05859375
11 0.54609375 0.23125 0.0328125 0.0484375
11 0.58515625 0.271875 0.04296875 0.05390625
11 0.54453125 0.27578125 0.0359375 0.03984375
11 0.4953125 0.40859375 0.0453125 0.05390625
11 0.390625 0.6546875 0.05234375 0.06484375
11 0.440625 0.6890625 0.0515625 0.071875
11 0.60234375 0.52890625 0.04140625 0.05078125
11 0.73828125 0.4765625 0.0484375 0.04765625
11 0.6703125 0.62109375 0.04921875 0.07734375
7 0.46640625 0.259375 0.0484375 0.1171875
7 0.2359375 0.68671875 0.03984375 0.10546875
2 0.421875 0.41875 0.05546875 0.0765625
2 0.61875 0.3328125 0.07265625 0.06015625