15 0.3444627171875 0.0609691734375 0.3313048234375 0.0609691734375 0.3313048234375 0.077861065625 0.3598135953125 0.1150232265625 0.3576206125 0.13191511875 0.2413925421875 0.128536740625 0.21946271718750002 0.138671875 0.217269734375 0.18259079375 0.2874451734375 0.253536740625 0.29841008593749996 0.3008340390625 0.3313048234375 0.34475295781250004 0.351041665625 0.398807009375 0.3795504375 0.429212415625 0.38393640156250003 0.4697529578125 0.44533991093749997 0.5170502546875 0.489199559375 0.5812394421875 0.50674341875 0.6251583609375 0.5484100875 0.6420502546875 0.5783695453125001 0.7046875 0.585156246875 0.7046875 0.63174341875 0.692725928125 0.684375 0.648807009375 0.7479714890625 0.5812394421875 0.8225328921875 0.4731313359375 0.8921875 0.3054661078125 0.8921875 0.21925148125 0.875164471875 0.202861065625 0.7479714890625 0.18934755 0.6887609625 0.1656989015625 0.6427083312499999 0.16907728125000002 0.612006578125 0.12177998281249999 0.576918859375 0.1352934984375 0.46507675312499996 0.1352934984375 0.408059209375 0.12177998281249999 0.36858552499999997 0.09475295781250001 0.3444627171875 0.0609691734375
11 0.44140625 0.53671875 0.0794921875 0.096875
11 0.45078125 0.3078125 0.096875 0.050390625
11 0.5625 0.24453125 0.06171875 0.080078125
11 0.53515625 0.34609375 0.0486328125 0.0763671875
11 0.6140625 0.33359375 0.0591796875 0.0732421875
11 0.51484375 0.53046875 0.0609375 0.0611328125
11 0.67421875 0.51328125 0.0515625 0.0767578125
11 0.665625 0.38515625 0.0779296875 0.0578125
8 0.6125 0.5796875 0.0466796875 0.0748046875
12 0.365625 0.41875 0.062890625 0.1216796875
12 0.49609375 0.39375 0.0767578125 0.0564453125
12 0.45 0.640625 0.2248046875 0.1185546875
12 0.67265625 0.4328125 0.196875 0.0439453125