15 0.37667263281249996 0.2547512765625 0.3722673453125 0.2955676015625 0.343632984375 0.326179846875 0.323809196875 0.3806016171875 0.2907695484375 0.42481930312499994 0.2797563328125 0.4724383515625 0.209375 0.5437622921874999 0.209375 0.5459396187500001 0.21147439375000002 0.5880846078124999 0.23350082656249999 0.5982886921875 0.3502409140625 0.5948873296875 0.3524435578125 0.6118941328124999 0.323809196875 0.6493090984375 0.323809196875 0.665625 0.33751720937499996 0.665625 0.3612541296875 0.6323022968750001 0.4009017078125 0.6050914125 0.45817042968750005 0.59148596875 0.5705052312500001 0.59148596875 0.6057475218749999 0.6050914125 0.6365845265625001 0.5574723640625 0.6828400328125 0.5608737234375 0.7423113984375 0.5370642015625 0.870064703125 0.5234587578125 0.8875 0.5066313250000001 0.8875 0.42096952187500003 0.8172012671875001 0.2513499140625 0.7423113984375 0.142506378125 0.678434746875 0.074479165625 0.6255713109375 0.0302614796875 0.5727078750000001 0.016656037500000002 0.5418708703124999 0.08128188750000001 0.50002065 0.098288690625 0.4823995046875 0.142506378125 0.438346640625 0.2071322296875 0.37667263281249996 0.2547512765625
11 0.43515625 0.49609375 0.0794921875 0.0982421875
11 0.44453125 0.265625 0.0982421875 0.0501953125
11 0.55546875 0.2015625 0.0611328125 0.0810546875
11 0.52890625 0.30390625 0.0486328125 0.0765625
11 0.6078125 0.29140625 0.059375 0.0734375
11 0.50859375 0.48984375 0.0609375 0.0611328125
11 0.66796875 0.47265625 0.0515625 0.078125
11 0.66015625 0.34375 0.0767578125 0.0591796875
8 0.60703125 0.5390625 0.0455078125 0.075
12 0.35859375 0.37734375 0.0640625 0.121875
12 0.48984375 0.35234375 0.0767578125 0.0578125
12 0.44375 0.60078125 0.225 0.11875
12 0.66640625 0.39140625 0.1982421875 0.0451171875