15 0.447265625 0.222222221875 0.408203125 0.2792792796875 0.353515625 0.321321321875 0.349609375 0.3573573578125 0.32421875 0.384384384375 0.306640625 0.4324324328125 0.27734375 0.471471471875 0.267578125 0.5135135140625 0.205078125 0.5765765765624999 0.20703125 0.615615615625 0.2265625 0.624624625 0.330078125 0.6216216218749999 0.33203125 0.6366366359375 0.306640625 0.6696696703125 0.306640625 0.684684684375 0.318359375 0.684684684375 0.33984375 0.6546546546875 0.375 0.6306306312500001 0.42578125 0.61861861875 0.525390625 0.61861861875 0.556640625 0.6306306312500001 0.583984375 0.5885885890625 0.625 0.5915915921875 0.677734375 0.5705705703125 0.791015625 0.5585585578125001 0.806640625 0.54354354375 0.806640625 0.46846846875 0.744140625 0.31831831875 0.677734375 0.222222221875 0.62109375 0.16216216249999998 0.57421875 0.12312312343750001 0.52734375 0.1111111109375 0.5 0.16816816875 0.462890625 0.18318318281249998 0.447265625 0.222222221875
11 0.40546875 0.534375 0.0703125 0.0859375
11 0.41328125 0.33046875 0.08671875 0.0453125
11 0.5125 0.27421875 0.0546875 0.07109375
11 0.48828125 0.3640625 0.04375 0.06796875
11 0.55859375 0.35390625 0.05234375 0.06484375
11 0.4703125 0.52890625 0.0546875 0.0546875
11 0.61171875 0.51328125 0.04609375 0.06875
11 0.6046875 0.39921875 0.06875 0.0515625
8 0.5578125 0.57265625 0.040625 0.065625
12 0.3375 0.4296875 0.05703125 0.1078125
12 0.45390625 0.40703125 0.06875 0.05078125
12 0.4125 0.6265625 0.2 0.10546875
12 0.6109375 0.44140625 0.175 0.0390625