15 1 0.3053986390625 0.9572649578125001 0.27121060625000004 0.8717948718749999 0.2605268421875 0.7478632484375 0.2242020578125 0.735042734375 0.21565504687499998 0.728632478125 0.1900140234375 0.715811965625 0.181467015625 0.6987179484375 0.145142228125 0.6709401703125 0.13232171718750002 0.647435896875 0.13445846875 0.6175213671875001 0.170783253125 0.59401709375 0.1793302625 0.5235042734375 0.15368923750000002 0.446581196875 0.0959969296875 0.39743589687499997 0.0981336828125 0.37820512812499996 0.087449921875 0.35042735 0.093860178125 0.324786325 0.087449921875 0.275641025 0.093860178125 0.141025640625 0.089586671875 0 0.11820056875 0 0.2094091578125 0.0042735046875000005 0.21138154375 0.053418803125000004 0.25839009218750003 0.1260683765625 0.309672140625 0.15811965781249998 0.3118088953125 0.1709401703125 0.343860178125 0.2072649578125 0.37377470625 0.284188034375 0.4143729984375 0.3482905984375 0.43360376718750004 0.4102564109375 0.4635182984375 0.4209401703125 0.4784755609375 0.4166666671875 0.5639456484375 0.43162393125 0.5746294078124999 0.4636752140625 0.5724926531250001 0.47222222187499996 0.5895866734374999 0.51923076875 0.613090946875 0.596153846875 0.6750567578125 0.8592792843750001 0.7109375 0.91433628125 0.7109375 0.9978632484375 0.7049712875 1 0.7045313671875 1 0.4143729984375 1 0.3053986390625
2 0.1078125 0.47109375 0.180859375 0.133203125
2 0.24375 0.33046875 0.205859375 0.0986328125
2 0.45546875 0.27734375 0.101171875 0.0875
2 0.62265625 0.20546875 0.13125 0.0673828125
2 0.7953125 0.14375 0.10859375 0.08125
19 0.18203125 0.56171875 0.1765625 0.0357421875
0 0.2625 0.30390625 0.0623046875 0.0455078125
0 0.39296875 0.30625 0.0953125 0.075
0 0.51328125 0.23671875 0.0796875 0.0580078125
0 0.6046875 0.2375 0.0564453125 0.0466796875
0 0.66875 0.18046875 0.034375 0.0642578125