15 1 0.13864430156250002 0.942 0.126703125 0.8300000000000001 0.11870312499999999 0.5660000000000001 0.154703125 0.49400000000000005 0.212703125 0.45 0.234703125 0.442 0.25070312499999997 0.41200000000000003 0.24870312499999997 0.398 0.258703125 0.40199999999999997 0.338703125 0.392 0.352703125 0.33399999999999996 0.38070312500000003 0.274 0.398703125 0.202 0.436703125 0.16799999999999998 0.46470312500000005 0.156 0.494703125 0.126 0.49670312499999997 0.057999999999999996 0.5447031250000001 0.012 0.588703125 0 0.5942415875 0 0.6739531249999999 0.002 0.674703125 0.13437834843750002 0.7015625 0.1759296875 0.7015625 0.266 0.698703125 0.287921875 0.7015625 0.3245625 0.7015625 0.33599999999999997 0.698703125 0.348390625 0.7015625 0.367653125 0.7015625 0.38 0.694703125 0.426 0.696703125 0.49800000000000005 0.6427031249999999 0.564 0.618703125 0.5860000000000001 0.6267031249999999 0.614 0.6607031250000001 0.636 0.662703125 0.662 0.6507031249999999 0.678 0.616703125 0.6900000000000001 0.608703125 0.696 0.584703125 0.708 0.576703125 0.8240000000000001 0.542703125 0.9039999999999999 0.532703125 0.944 0.500703125 1 0.4922182765625 1 0.435703125 0.95 0.41070312500000006 0.944 0.398703125 0.982 0.366703125 1 0.364131696875 1 0.13864430156250002
2 0.15703125 0.47734375 0.16875 0.125
2 0.284375 0.3453125 0.193359375 0.0935546875
2 0.48203125 0.2953125 0.0951171875 0.0814453125
2 0.63828125 0.22890625 0.1232421875 0.0638671875
2 0.80078125 0.1703125 0.1013671875 0.0751953125
19 0.2265625 0.5625 0.1654296875 0.031640625
0 0.3015625 0.3203125 0.058984375 0.0435546875
0 0.42421875 0.32265625 0.0892578125 0.0703125
0 0.53671875 0.2578125 0.073828125 0.05390625
0 0.621875 0.25859375 0.0533203125 0.0423828125
0 0.68203125 0.2046875 0.0326171875 0.059765625