15 1 0.158203125 0.984375 0.15234375 0.849609375 0.125 0.7265625 0.12890625 0.681640625 0.123046875 0.658203125 0.12890625 0.6328125 0.123046875 0.615234375 0.1328125 0.5703125 0.130859375 0.5 0.18359375 0.435546875 0.20703125 0.4140625 0.19921875 0.38671875 0.166015625 0.365234375 0.1640625 0.33984375 0.17578125 0.32421875 0.208984375 0.3125 0.216796875 0.306640625 0.240234375 0.294921875 0.248046875 0.181640625 0.28125 0.103515625 0.291015625 0.064453125 0.322265625 0 0.33203125 0 0.380859375 0.05859375 0.41015625 0.064453125 0.421875 0.02734375 0.453125 0 0.45703125 0 0.673828125 0.06640625 0.6875 0.17578125 0.6953125 0.43359375 0.66015625 0.50390625 0.603515625 0.546875 0.58203125 0.5546875 0.56640625 0.583984375 0.568359375 0.59765625 0.55859375 0.59375 0.48046875 0.603515625 0.466796875 0.66015625 0.439453125 0.71875 0.421875 0.7890625 0.384765625 0.822265625 0.357421875 0.833984375 0.328125 0.86328125 0.326171875 0.9296875 0.279296875 0.974609375 0.236328125 1 0.224609375 1 0.158203125
2 0.16328125 0.4734375 0.16484375 0.121875
2 0.2875 0.3453125 0.1875 0.090625
2 0.48046875 0.296875 0.0921875 0.0796875
2 0.63359375 0.23125 0.1203125 0.06171875
2 0.79140625 0.17421875 0.0984375 0.07421875
19 0.23046875 0.55703125 0.1609375 0.03203125
0 0.30390625 0.32109375 0.05625 0.0421875
0 0.42421875 0.3234375 0.0875 0.06796875
0 0.53359375 0.259375 0.07265625 0.05390625
0 0.6171875 0.26015625 0.05234375 0.0421875
0 0.67578125 0.2078125 0.03125 0.059375