15 1 0.52039221875 0.9776785718750001 0.49296875 0.9174107140625001 0.452790178125 0.8102678578125 0.4081473203125 0.7232142859375 0.390290178125 0.6941964281249999 0.3724330359375 0.6696428578125 0.3724330359375 0.33928571406249997 0.38359375 0.24330357187499999 0.41484375 0.1428571421875 0.4349330375 0.024553571875 0.4862723203125 0 0.501618303125 0 0.9984375 0.9228515640625 0.9984375 0.9799107140625001 0.9527901796875 1 0.9306919640625001 1 0.52039221875
0 0.103125 0.88828125 0.137109375 0.0888671875
0 0.146875 0.66171875 0.0810546875 0.0703125
0 0.2671875 0.6328125 0.0970703125 0.06875
0 0.22578125 0.45625 0.0921875 0.0716796875
0 0.45703125 0.415625 0.079296875 0.04921875
0 0.42265625 0.5375 0.0923828125 0.05625
0 0.4625 0.6828125 0.0845703125 0.071484375
0 0.37421875 0.80625 0.1138671875 0.124609375
0 0.528125 0.9515625 0.140625 0.096875
0 0.68828125 0.459375 0.084375 0.0810546875
0 0.8875 0.596875 0.131640625 0.056640625
0 0.81015625 0.72265625 0.1232421875 0.0640625
2 0.57578125 0.634375 0.1 0.08046875
2 0.446875 0.47109375 0.1158203125 0.053125
2 0.37265625 0.6953125 0.084375 0.09765625
2 0.47890625 0.79140625 0.065625 0.1017578125
2 0.67109375 0.95703125 0.1046875 0.0859375