15 0 0.91015625 0.2421875 1 0.4609375 0.99609375 0.5546875 0.98046875 0.671875 0.978515625 0.708984375 0.966796875 0.740234375 0.943359375 0.744140625 0.931640625 0.8203125 0.90234375 0.8984375 0.83984375 0.9375 0.796875 0.986328125 0.685546875 0.982421875 0.564453125 0.96484375 0.521484375 0.896484375 0.4375 0.84375 0.40234375 0.75 0.36328125 0.673828125 0.34765625 0.6484375 0.33203125 0.626953125 0.33203125 0.337890625 0.341796875 0.25390625 0.369140625 0.166015625 0.38671875 0.0625 0.431640625 0 0.470703125 0 0.65234375 0.005859375 0.671875 0 0.673828125 0 0.91015625
0 0.13125 0.78359375 0.11875 0.07734375
0 0.16953125 0.58515625 0.0703125 0.0609375
0 0.275 0.559375 0.0859375 0.06015625
0 0.23828125 0.4046875 0.08046875 0.0625
0 0.440625 0.36953125 0.06875 0.0421875
0 0.4109375 0.47578125 0.08125 0.04921875
0 0.4453125 0.603125 0.075 0.0609375
0 0.36875 0.71171875 0.09921875 0.10859375
0 0.5046875 0.84375 0.1234375 0.09296875
0 0.64296875 0.4078125 0.07421875 0.0703125
0 0.81796875 0.528125 0.11640625 0.05078125
0 0.75 0.63828125 0.10703125 0.05625
2 0.54453125 0.5609375 0.0875 0.06953125
2 0.43203125 0.41796875 0.10234375 0.04609375
2 0.3671875 0.6140625 0.0734375 0.0859375
2 0.46015625 0.6984375 0.0578125 0.08984375
2 0.62890625 0.8546875 0.08984375 0.0953125