15 0 0.6487499999999999 0.0036562499999999998 0.76209375 0.02165625 0.8060937499999999 0.09165625 0.8920937500000001 0.14565625 0.92809375 0.24165625 0.9680937500000001 0.31965625000000003 0.9840937500000001 0.34042578125 0.996875 0.46293125 0.996875 0.6636562500000001 0.99009375 0.7496562499999999 0.96209375 0.83965625 0.9440937500000001 0.9456562500000001 0.8980937499999999 0.9953125 0.86705859375 0.9953125 0.40277268125 0.810177990625 0.33409374999999997 0.45365625 0.33409374999999997 0.44165625000000003 0.33609374999999997 0.32165625000000003 0.33809374999999997 0.28365625 0.35009375 0.25165625 0.37409375 0.24765625 0.38609375 0.16965625 0.41609375000000004 0.08965625 0.48009375 0.04965625 0.52409375 0 0.63731 0 0.6487499999999999
0 0.1203125 0.79609375 0.121875 0.0794921875
0 0.159375 0.59296875 0.071875 0.0625
0 0.2671875 0.56640625 0.0875 0.0611328125
0 0.23046875 0.40859375 0.0826171875 0.0640625
0 0.4375 0.37265625 0.069140625 0.0423828125
0 0.40703125 0.48125 0.0830078125 0.0501953125
0 0.4421875 0.61171875 0.077734375 0.0625
0 0.36328125 0.72265625 0.1015625 0.1109375
0 0.503125 0.8578125 0.12578125 0.09609375
0 0.64453125 0.41171875 0.0763671875 0.071875
0 0.8234375 0.53515625 0.1189453125 0.0517578125
0 0.75390625 0.64765625 0.109375 0.0578125
2 0.54375 0.56875 0.0904296875 0.0716796875
2 0.428125 0.421875 0.105859375 0.0470703125
2 0.36171875 0.62265625 0.075 0.0888671875
2 0.45703125 0.70859375 0.0580078125 0.0921875
2 0.6296875 0.86875 0.091015625 0.0970703125