15 1 0.26509271874999996 0.9752066109375 0.2310954671875 0.8553719015624999 0.148677884375 0.838842975 0.148677884375 0.83471074375 0.16516139999999999 0.7851239671875 0.167908653125 0.752066115625 0.14593063125 0.7045454546875 0.1349416203125 0.5371900828125 0.129447115625 0.46694214843750004 0.10746909375 0.38842975156250004 0.10197458749999999 0.256198346875 0.11296359843749999 0.1962809921875 0.14043612656249999 0.1280991734375 0.1514251375 0.06611570312500001 0.2008756859375 0.00413223125 0.28329326875 0 0.289886675 0 0.5717548078125 0.010330578125 0.599227334375 0.0433884296875 0.6459306312499999 0.14256198281250002 0.7256009609375 0.320247934375 0.8190075546875001 0.43181818125 0.85746909375 0.59297520625 0.8904361265625 0.68832645625 0.8953125 0.70664255625 0.8953125 0.838842975 0.8821943671874999 0.9586776859375 0.8409855765625001 1 0.8135130484375 1 0.26509271874999996
0 0.22109375 0.41796875 0.0765625 0.15625
0 0.1453125 0.51484375 0.075 0.1111328125
0 0.034375 0.46015625 0.0685546875 0.090625
0 0.3921875 0.5796875 0.0875 0.134375
0 0.3203125 0.5921875 0.040234375 0.0685546875
0 0.76796875 0.7375 0.065625 0.049609375
0 0.57890625 0.4640625 0.0701171875 0.108984375
0 0.4 0.30390625 0.124609375 0.0296875
0 0.21171875 0.22421875 0.09375 0.0576171875
0 0.32421875 0.40703125 0.1236328125 0.0796875
0 0.26171875 0.63046875 0.0734375 0.109375
0 0.59140625 0.35234375 0.2048828125 0.0517578125
0 0.65546875 0.25 0.1078125 0.128125
0 0.578125 0.140625 0.0748046875 0.0408203125
0 0.83203125 0.26328125 0.134375 0.135546875
0 0.73046875 0.53046875 0.1171875 0.0986328125
0 0.91640625 0.425 0.069921875 0.071875
0 0.78828125 0.371875 0.145703125 0.08671875