15 1 0.3359375 0.98046875 0.3046875 0.921875 0.2265625 0.86328125 0.1796875 0.798828125 0.1692708328125 0.7421875 0.1432291671875 0.6171875 0.1328125 0.54296875 0.1380208328125 0.4765625 0.1588541671875 0.318359375 0.1640625 0.2734375 0.1744791671875 0.2421875 0.1953125 0.1953125 0.1927083328125 0.19140625 0.1770833328125 0.17578125 0.1770833328125 0.0625 0.2552083328125 0 0.3411458328125 0.0078125 0.5390625 0 0.5755208328125 0 0.78125 0.078125 0.8333333328125001 0.19140625 0.8723958328125001 0.322265625 0.8854166671874999 0.423828125 0.8802083328125001 0.576171875 0.8489583328125001 0.681640625 0.8125 0.849609375 0.7239583328125 0.943359375 0.6484375 0.974609375 0.6041666671875 0.994140625 0.5520833328125 0.990234375 0.5052083328125 1 0.4765625 1 0.3359375
0 0.24765625 0.43203125 0.071875 0.14765625
0 0.1765625 0.525 0.07109375 0.10625
0 0.065625 0.47421875 0.07734375 0.08515625
0 0.41015625 0.5859375 0.0828125 0.12734375
0 0.34140625 0.59765625 0.03671875 0.06484375
0 0.765625 0.73515625 0.06171875 0.046875
0 0.5859375 0.4765625 0.065625 0.10234375
0 0.4171875 0.325 0.1171875 0.028125
0 0.2390625 0.24921875 0.0890625 0.0546875
0 0.3453125 0.42265625 0.1171875 0.07578125
0 0.2859375 0.634375 0.06953125 0.10390625
0 0.5984375 0.3703125 0.19375 0.05
0 0.659375 0.2734375 0.1015625 0.121875
0 0.58515625 0.16953125 0.0703125 0.0390625
0 0.825 0.2859375 0.12734375 0.128125
0 0.7296875 0.5390625 0.1109375 0.09375
0 0.90546875 0.43984375 0.065625 0.06796875
0 0.784375 0.3890625 0.1375 0.08203125