15 1 0.5308196875 0.9939759031250001 0.5131726265625 0.9979919671875 0.46504428437499995 0.9779116468750001 0.4115683484375 0.9457831328124999 0.366113803125 0.849397590625 0.288573696875 0.6767068265625 0.1976646046875 0.5682730921875 0.16023145 0.41164658593750003 0.1281458890625 0.307228915625 0.1227982953125 0.17269076249999998 0.1361672796875 0.0562249 0.17627423125 0 0.2137073859375 0 0.714710059375 0.0401606421875 0.76985711875 0.15662650625000002 0.8500710234375 0.17269076249999998 0.8500710234375 0.1767068265625 0.8340282421874999 0.22489959843750001 0.8313544453124999 0.2570281125 0.8527448203124999 0.3032128515625 0.8634400078125 0.465863453125 0.8687876015624999 0.534136546875 0.8901779765625 0.5628106109375001 0.8921875 0.6505522046875 0.8921875 0.7389558234375 0.8848303828124999 0.7971887546875001 0.8580924140624999 0.863453815625 0.8473972265624999 0.9236947796875 0.7992688828125 0.98393574375 0.7190549796875 1 0.6933865328125 1 0.5308196875
0 0.23046875 0.43046875 0.0736328125 0.1515625
0 0.15703125 0.525 0.0734375 0.1091796875
0 0.04375 0.4734375 0.080859375 0.0875
0 0.39765625 0.5875 0.085546875 0.130859375
0 0.32734375 0.6 0.0388671875 0.0658203125
0 0.7625 0.7421875 0.0626953125 0.0470703125
0 0.578125 0.47578125 0.068359375 0.1046875
0 0.4046875 0.3203125 0.1216796875 0.0283203125
0 0.221875 0.2421875 0.0908203125 0.0560546875
0 0.33125 0.4203125 0.121484375 0.077734375
0 0.2703125 0.63828125 0.071875 0.10625
0 0.59140625 0.3671875 0.1986328125 0.0501953125
0 0.653125 0.26796875 0.105859375 0.125
0 0.578125 0.1609375 0.071875 0.040625
0 0.82421875 0.2796875 0.13125 0.13125
0 0.72578125 0.540625 0.1140625 0.0966796875
0 0.90703125 0.43828125 0.0673828125 0.0701171875
0 0.78203125 0.3859375 0.1419921875 0.0841796875