15 1 0.21212494999999998 0.8859649125000001 0.151219846875 0.83991228125 0.151219846875 0.75 0.12051809218750001 0.6162280703125 0.1139391453125 0.5197368421874999 0.1249040578125 0.44298245625000005 0.151219846875 0.41008771875 0.1775356375 0.35087719375000004 0.1775356375 0.28508771875 0.1073601984375 0.2521929828125 0.0920093203125 0.19956140312499998 0.0349917765625 0.17982456093750002 0.028412829687500002 0.0767543859375 0.0854303734375 0.0021929828125 0.1643777421875 0 0.24551809218749998 0 0.3271970703125 0.1228070171875 0.3573601984375 0.210526315625 0.35955318125 0.23903508750000002 0.3836759875 0.2368421046875 0.42972861875 0.210526315625 0.456044409375 0.2061403515625 0.47358826875000004 0.18201754375 0.48674616249999997 0.1337719296875 0.4933251109375 0.107456140625 0.5086759875 0.0723684203125 0.5503426546875 0.0723684203125 0.5678865140625 0.0942982453125 0.6534128296875 0.1228070171875 0.7126233562500001 0.1666666671875 0.7740268640625 0.23903508750000002 0.83762335625 0.351288375 0.89375 0.3551489421875 0.89375 0.368421053125 0.888061953125 0.3881578953125 0.855167215625 0.39912280624999996 0.8507812515625 0.49342105312499995 0.879290021875 0.590509471875 0.89375 0.74841400625 0.89375 0.7938596484375 0.879290021875 0.896929825 0.8661321281250001 0.9671052625 0.8398163390625 1 0.8216376656250001 1 0.21212494999999998
13 0.33203125 0.28203125 0.15 0.1515625
13 0.4125 0.6203125 0.1595703125 0.1029296875
13 0.64453125 0.5765625 0.0826171875 0.1158203125
13 0.56640625 0.43671875 0.1015625 0.0453125
13 0.58125 0.35 0.024609375 0.053125
13 0.575 0.18359375 0.11171875 0.088671875
13 0.778125 0.33203125 0.106640625 0.083203125
13 0.91953125 0.33203125 0.1607421875 0.0984375
13 0.903125 0.61484375 0.19296875 0.107421875
13 0.80703125 0.45078125 0.146875 0.0857421875
9 0.190625 0.2875 0.1126953125 0.0716796875
9 0.44765625 0.39140625 0.0919921875 0.0732421875
9 0.4515625 0.30078125 0.065234375 0.0734375
9 0.40859375 0.51328125 0.1794921875 0.0638671875
9 0.3765625 0.5875 0.0779296875 0.0216796875
9 0.52109375 0.5859375 0.1375 0.137109375
9 0.68359375 0.47734375 0.085546875 0.0921875
9 0.628125 0.3890625 0.059375 0.071484375
9 0.5390625 0.35078125 0.052734375 0.1048828125
9 0.63515625 0.3 0.089453125 0.08125
9 0.91484375 0.5140625 0.0642578125 0.071875
9 0.77578125 0.56640625 0.05 0.0423828125
9 0.9875 0.52578125 0.025 0.1046875
9 0.9875 0.396875 0.025 0.04375
9 0.9203125 0.3859375 0.0591796875 0.0279296875
9 0.7796875 0.37578125 0.141015625 0.059375
9 0.759375 0.303125 0.0408203125 0.069140625