15 1 0.600023715625 0.9007936515624999 0.5756572421875 0.8214285718750001 0.573673115625 0.7956349203124999 0.55184771875 0.797619046875 0.5101810515625 0.8214285718750001 0.486371528125 0.825396825 0.4704985125 0.847222221875 0.45859375 0.890873015625 0.45264137031249996 0.9146825390625001 0.43875248125 0.9464285718750001 0.40105406875 0.9464285718750001 0.3851810515625 0.9265873015625001 0.3078001 0.9007936515624999 0.254228671875 0.8611111109375 0.198673115625 0.7956349203124999 0.1411334328125 0.6924603171875 0.08954613125000001 0.6785714281249999 0.0954985125 0.6607142859375 0.1252604171875 0.6507936515625 0.129228671875 0.565476190625 0.1034350203125 0.47222222187499996 0.08954613125000001 0.3373015875 0.08954613125000001 0.29365079375 0.1034350203125 0.20039682499999997 0.11533978281249999 0.1369047625 0.13914930625 0.0615079359375 0.1808159734375 0 0.23463541718749997 0 0.4094866078125 0.013888889062500001 0.4962921640625 0 0.5379588296875 0 0.6350766234375 0.0357142859375 0.6689112109375001 0.21031746093749998 0.7621651796875 0.2519841265625 0.7621651796875 0.3333333328125 0.78994295625 0.4543650796875 0.7958953375 0.5416666671875 0.7859747031250001 0.6111111109375 0.7621651796875 0.640873015625 0.7383556546875 0.6944444437499999 0.7383556546875 0.7539682546875001 0.80184771875 0.783730159375 0.8157366078124999 0.83134920625 0.8673239078125 0.8450024765625 0.871875 0.8517394515625 0.871875 0.9424603171875001 0.8216889890625 1 0.7607646203125 1 0.600023715625
13 0.28828125 0.31875 0.1359375 0.1375
13 0.3609375 0.625 0.146484375 0.093359375
13 0.57109375 0.58515625 0.073828125 0.105078125
13 0.50078125 0.45859375 0.0919921875 0.040625
13 0.5140625 0.38046875 0.0216796875 0.0482421875
13 0.50859375 0.2296875 0.101171875 0.07890625
13 0.6921875 0.3640625 0.096875 0.0751953125
13 0.8203125 0.3640625 0.146484375 0.090234375
13 0.80546875 0.6203125 0.1734375 0.096875
13 0.71796875 0.47109375 0.1330078125 0.0765625
9 0.16015625 0.3234375 0.1017578125 0.0654296875
9 0.39296875 0.4171875 0.0826171875 0.065625
9 0.39609375 0.3359375 0.0578125 0.0658203125
9 0.3578125 0.52734375 0.1623046875 0.0576171875
9 0.328125 0.5953125 0.069140625 0.0189453125
9 0.46015625 0.59375 0.125 0.124609375
9 0.60625 0.4953125 0.0779296875 0.0841796875
9 0.55625 0.415625 0.053515625 0.06328125
9 0.47578125 0.38125 0.0455078125 0.094140625
9 0.56328125 0.33515625 0.08125 0.0734375
9 0.815625 0.52890625 0.058984375 0.064453125
9 0.68984375 0.57578125 0.0453125 0.0390625
9 0.9109375 0.540625 0.077734375 0.09375
9 0.89375 0.42421875 0.04296875 0.039453125
9 0.8203125 0.4125 0.0529296875 0.025
9 0.69375 0.40390625 0.128125 0.0544921875
9 0.67578125 0.3375 0.0375 0.06328125