15 1 0.326171875 0.962890625 0.291015625 0.791015625 0.19921875 0.75 0.19921875 0.669921875 0.171875 0.55078125 0.166015625 0.46484375 0.17578125 0.396484375 0.19921875 0.3671875 0.22265625 0.314453125 0.22265625 0.255859375 0.16015625 0.2265625 0.146484375 0.1796875 0.095703125 0.162109375 0.08984375 0.0703125 0.140625 0.00390625 0.2109375 0 0.35546875 0.111328125 0.3828125 0.189453125 0.384765625 0.21484375 0.40625 0.212890625 0.447265625 0.189453125 0.470703125 0.185546875 0.486328125 0.1640625 0.498046875 0.12109375 0.50390625 0.09765625 0.517578125 0.06640625 0.5546875 0.06640625 0.5703125 0.0859375 0.646484375 0.111328125 0.69921875 0.150390625 0.75390625 0.21484375 0.810546875 0.31640625 0.861328125 0.330078125 0.85546875 0.34765625 0.826171875 0.357421875 0.822265625 0.44140625 0.84765625 0.533203125 0.861328125 0.666015625 0.861328125 0.708984375 0.84765625 0.80078125 0.8359375 0.86328125 0.8125 0.9375 0.771484375 1 0.716796875 1 0.55859375 0.984375 0.4609375 1 0.4140625 1 0.326171875
13 0.29765625 0.315625 0.13359375 0.13515625
13 0.36953125 0.6171875 0.14296875 0.090625
13 0.57578125 0.578125 0.07265625 0.103125
13 0.50625 0.453125 0.090625 0.03984375
13 0.51953125 0.3765625 0.02109375 0.046875
13 0.5140625 0.228125 0.09921875 0.07890625
13 0.69453125 0.36015625 0.0953125 0.07421875
13 0.82109375 0.36015625 0.14296875 0.0875
13 0.80625 0.6125 0.17109375 0.0953125
13 0.7203125 0.46640625 0.13125 0.07578125
9 0.171875 0.3203125 0.10078125 0.06328125
9 0.40078125 0.4125 0.08125 0.06484375
9 0.40390625 0.33203125 0.05703125 0.065625
9 0.365625 0.52109375 0.159375 0.05625
9 0.33671875 0.5875 0.06875 0.01875
9 0.46640625 0.5859375 0.12265625 0.121875
9 0.6109375 0.4890625 0.07578125 0.08203125
9 0.56171875 0.4109375 0.053125 0.0625
9 0.48203125 0.3765625 0.0453125 0.09375
9 0.56796875 0.33203125 0.0796875 0.07265625
9 0.81640625 0.52265625 0.0578125 0.0640625
9 0.69296875 0.56875 0.04453125 0.03828125
9 0.91015625 0.534375 0.075 0.0921875
9 0.89296875 0.41953125 0.04140625 0.0390625
9 0.82109375 0.4078125 0.0515625 0.02421875
9 0.69609375 0.39921875 0.12578125 0.053125
9 0.678125 0.334375 0.03671875 0.0625