15 1 0.4893427265625 0.9938775515625 0.466383540625 0.9591836734375001 0.4561794609375 0.9081632656249999 0.41740395 0.744897959375 0.35005701093749997 0.7 0.3153631328125 0.6061224484375 0.2847508875 0.5938775515625 0.2623019078125 0.56326530625 0.258220275 0.5571428578125001 0.22964884687499998 0.5142857140625 0.23781211249999998 0.5061224484375 0.21944476562499998 0.46734693906249997 0.1949549703125 0.355102040625 0.166383540625 0.3265306125 0.1418937453125 0.2 0.0949549703125 0.153061225 0.064342725 0.065306121875 0.0378121125 0 0.00021161875 0 0.8999642453125001 0.0214984203125 0.9546875 0.10482602031249999 0.9546875 0.15102040781249998 0.9276080328124999 0.18367346874999999 0.9418937453125 0.31020408125 0.8623019078124999 0.3510204078125 0.85413864375 0.36326530625000003 0.8378121140625 0.3857142859375 0.8357712968750001 0.48367346875 0.782710071875 0.5693877546875 0.7602610921874999 0.5959183671875 0.7276080312500001 0.6489795921875 0.729648846875 0.6612244890625 0.7031182359375 0.728571428125 0.692914153125 0.78367346875 0.6520978265624999 0.8489795921875001 0.6194447656250001 1 0.570465175 1 0.4893427265625
13 0.74453125 0.0828125 0.176953125 0.127734375
13 0.509375 0.278125 0.1875 0.168359375
13 0.88671875 0.46015625 0.184375 0.183203125
13 0.78515625 0.75546875 0.2173828125 0.15
13 0.54375 0.60859375 0.15078125 0.195703125
13 0.2984375 0.37890625 0.14140625 0.1609375
13 0.04453125 0.45078125 0.0625 0.0765625
6 0.1671875 0.45 0.1875 0.18671875
6 0.40234375 0.50234375 0.0732421875 0.2892578125
6 0.37890625 0.2578125 0.0484375 0.07265625
6 0.503125 0.3921875 0.119140625 0.062109375
6 0.596875 0.390625 0.0685546875 0.05625
6 0.59140625 0.7078125 0.0611328125 0.0875
6 0.81484375 0.6421875 0.23125 0.0904296875
6 0.6703125 0.49375 0.09375 0.1751953125
6 0.71875 0.38359375 0.1154296875 0.0734375
6 0.61328125 0.19296875 0.0953125 0.0984375
6 0.6921875 0.3078125 0.094140625 0.10234375
6 0.88515625 0.17265625 0.0765625 0.1234375
6 0.85703125 0.340625 0.05625 0.078515625
1 0.31484375 0.53515625 0.098046875 0.107421875
1 0.66953125 0.678125 0.0955078125 0.115625
1 0.80703125 0.25546875 0.1203125 0.144921875
1 0.62890625 0.328125 0.0673828125 0.0626953125
1 0.79296875 0.08984375 0.0609375 0.0857421875