15 0.87109375 0 0.814453125 0.033203125 0.783203125 0.01953125 0.662109375 0.095703125 0.623046875 0.103515625 0.611328125 0.119140625 0.58984375 0.12109375 0.49609375 0.171875 0.4140625 0.193359375 0.388671875 0.224609375 0.337890625 0.22265625 0.326171875 0.248046875 0.26171875 0.2578125 0.208984375 0.296875 0.146484375 0.328125 0.001953125 0.375 0 0.4453125 0.0078125 0.474609375 0.041015625 0.484375 0.08984375 0.521484375 0.24609375 0.5859375 0.2890625 0.619140625 0.37890625 0.6484375 0.390625 0.669921875 0.419921875 0.673828125 0.42578125 0.701171875 0.466796875 0.693359375 0.474609375 0.7109375 0.51171875 0.734375 0.619140625 0.76171875 0.646484375 0.78515625 0.767578125 0.830078125 0.8125 0.859375 0.896484375 0.884765625 0.9609375 0.921875 0.98828125 0.919921875 1 0.90625 1 0.1640625 0.935546875 0 0.87109375 0
13 0.71484375 0.08515625 0.1703125 0.121875
13 0.48984375 0.271875 0.1796875 0.16015625
13 0.85 0.44609375 0.1765625 0.17578125
13 0.753125 0.72890625 0.20859375 0.14375
13 0.52265625 0.58828125 0.1453125 0.1875
13 0.2875 0.36796875 0.1359375 0.15390625
13 0.04453125 0.43671875 0.059375 0.0734375
6 0.16171875 0.43671875 0.1796875 0.178125
6 0.38671875 0.48671875 0.06953125 0.27734375
6 0.3640625 0.25234375 0.046875 0.0703125
6 0.48359375 0.38125 0.1140625 0.05859375
6 0.5734375 0.3796875 0.06484375 0.05390625
6 0.56796875 0.68359375 0.059375 0.08359375
6 0.78203125 0.6203125 0.221875 0.0859375
6 0.64375 0.478125 0.08984375 0.16796875
6 0.68984375 0.3734375 0.11015625 0.0703125
6 0.58828125 0.190625 0.09140625 0.09453125
6 0.6640625 0.30078125 0.090625 0.096875
6 0.84921875 0.17109375 0.07265625 0.11796875
6 0.821875 0.33125 0.053125 0.07578125
1 0.303125 0.51796875 0.09296875 0.10234375
1 0.6421875 0.6546875 0.09140625 0.1109375
1 0.77421875 0.25 0.11484375 0.13828125
1 0.60390625 0.31953125 0.06484375 0.06015625
1 0.7609375 0.0921875 0.05859375 0.08125