15 1 0.1340187328125 0.9473722421874999 0.000057165625 0.824844571875 0.000057165625 0.810975609375 0.008187246875 0.7923925671875 0.000057165625 0.768761725 0.000057165625 0.652439025 0.073227896875 0.6117886171875 0.0813579765625 0.5995934953125001 0.097618140625 0.5772357718750001 0.0996506609375 0.47967479687500003 0.1524961890625 0.39430894375 0.17485391249999999 0.367886178125 0.20737423906250002 0.31504065 0.20534171875 0.302845528125 0.2317644828125 0.2357723578125 0.24192708437500002 0.180894309375 0.2825774890625 0.11585365781250001 0.3150978140625 0 0.3526719734375 0 0.47590604062499997 0.0060975609375000005 0.4776994421875 0.05691056875 0.5163173265625 0.21951219531250002 0.583390496875 0.2642276421875 0.61794334375 0.3577235765625 0.6484311484374999 0.36991869843749997 0.6707888734375 0.40040650468749994 0.6748539124999999 0.40650406562499997 0.703309196875 0.44918699218749997 0.695179115625 0.4573170734375 0.7134718 0.495934959375 0.7378620437500001 0.6077235765625 0.7663173265625 0.6361788625 0.7907075703124999 0.7621951218749999 0.8374555390625 0.8089430890625 0.8679433421875 0.8963414640625 0.8943661078125 0.9631167734374999 0.9328125 0.9658155687500001 0.9328125 0.99186991875 0.930951475 1 0.9214663796875 1 0.1340187328125
13 0.70546875 0.06171875 0.1765625 0.1234375
13 0.47265625 0.25703125 0.186328125 0.166796875
13 0.8484375 0.43828125 0.183984375 0.1828125
13 0.746875 0.73203125 0.218359375 0.1486328125
13 0.50703125 0.58515625 0.1513671875 0.1953125
13 0.2625 0.35703125 0.141015625 0.160546875
13 0.01953125 0.428125 0.0388671875 0.075
6 0.13203125 0.428125 0.1861328125 0.1845703125
6 0.365625 0.48046875 0.071875 0.2888671875
6 0.34296875 0.23671875 0.0484375 0.0732421875
6 0.4671875 0.3703125 0.11875 0.059765625
6 0.56015625 0.36875 0.0671875 0.0560546875
6 0.5546875 0.68515625 0.0623046875 0.0861328125
6 0.77734375 0.61953125 0.2298828125 0.0890625
6 0.6328125 0.47109375 0.09375 0.175
6 0.68125 0.36171875 0.11328125 0.0734375
6 0.57578125 0.171875 0.0951171875 0.099609375
6 0.6546875 0.28671875 0.0939453125 0.1013671875
6 0.84765625 0.1515625 0.0763671875 0.1220703125
6 0.81875 0.31875 0.0560546875 0.0783203125
1 0.27890625 0.5125 0.096875 0.1064453125
1 0.63203125 0.6546875 0.0953125 0.115625
1 0.76875 0.23359375 0.1189453125 0.1451171875
1 0.5921875 0.30625 0.066015625 0.0626953125
1 0.75546875 0.06953125 0.0609375 0.084375