15 1 0.885515290625 0.9499141218749999 0.8759696921875 0.8778929468750001 0.8516715749999999 0.8076074562500001 0.8178277265625 0.7364541921875001 0.778777290625 0.6974066546875 0.713693121875 0.6297242265625 0.7171642234375 0.6401368765625 0.654683578125 0.62712103125 0.6373278 0.5872058499999999 0.626046384375 0.506507578125 0.595673771875 0.47440185 0.5661690015625 0.45704738906250003 0.575714665625 0.431015696875 0.574846890625 0.41927079218749996 0.6080729171875 0.5229942640624999 1 1 1 1 0.885515290625
15 0.2973862640625 0 0.0978099578125 0.0420244703125 0 0.07500044375 0.001492775 0.9054744625 0.0379371171875 0.9367149171875001 0.101280928125 0.958409640625 0.168095578125 0.9801043625 0.2271007734375 0.9879144125 0.3302951 1 0.3546560390625 0.7883229546875 0.3902326046875 0.5219117125 0.377216759375 0.408231375 0.40498400468750007 0.398685709375 0.42841250000000003 0.44207515624999993 0.52125884375 0.538399715625 0.5308038500000001 0.5141016640625 0.631459646875 0.6017483343750001 0.6843908062499999 0.6538156703125 0.745131421875 0.72931328125 0.8310359546875 0.7891907984375 0.8796284999999999 0.7848518531249999 1 0.64427000625 1 0.2962865875 0.9221468765624999 0.1409524546875 0.7373218359375 0.039421076562500004 0.4735340734375 0 0.2973862640625 0
13 0.12890625 0.65390625 0.22421875 0.1515625
13 0.2390625 0.59296875 0.1859375 0.13359375
13 0.2421875 0.48359375 0.13515625 0.071875
13 0.09921875 0.49140625 0.1796875 0.13828125
13 0.08359375 0.38828125 0.1671875 0.08046875
13 0.2828125 0.4125 0.13984375 0.05546875
13 0.07265625 0.22734375 0.10546875 0.1375
13 0.1578125 0.23125 0.1359375 0.071875
13 0.21953125 0.3125 0.15703125 0.09296875
13 0.25859375 0.19375 0.08671875 0.10078125
13 0.37265625 0.23046875 0.09375 0.11328125
13 0.4640625 0.1828125 0.08046875 0.065625
13 0.49375 0.31015625 0.15859375 0.08984375
13 0.48125 0.453125 0.11875 0.1109375
13 0.67578125 0.54453125 0.2265625 0.1546875
13 0.6015625 0.37109375 0.146875 0.065625
13 0.79140625 0.38671875 0.2234375 0.15625
13 0.70546875 0.23984375 0.17421875 0.11953125
13 0.54765625 0.1671875 0.1953125 0.121875
13 0.54765625 0.7765625 0.18125 0.21015625
13 0.53828125 0.61875 0.1859375 0.09453125