15 0.7584299484375 0.903288525 0.77266950625 0.9222760421875 0.816337396875 0.9346181046875 0.9046226859375001 0.9678462624999999 0.93621041875 0.996875 0.9456555249999999 0.996875 0.958732978125 0.9896818656249999 0.9872120953125 0.9906312265624999 0.996875 0.96329511875 0.996875 0.9422420078125 0.9103366046874999 0.615250046875 0.4138788390625 0.615250046875 0.4138788390625 0.660121025 0.41952834687499996 0.661197734375 0.4983207421875 0.687780290625 0.5752142703125 0.7248060390625 0.6530571593750001 0.7675278828125001 0.6957758328125 0.8387310765624999 0.769821565625 0.8349336328125 0.7584299484375 0.903288525
15 0.4982210921875 0 0.23822910312499998 0.0388538265625 0.0360273484375 0.149930890625 0 0.22181338906249998 0 0.7579656796875 0.0825431796875 0.8543678390625 0.1357042546875 0.8591147203125 0.2296852828125 0.7936076921875 0.296136553125 0.7110120156249999 0.354044146875 0.654049459375 0.46416330937500005 0.5581625046875 0.474605709375 0.5847449874999999 0.576181196875 0.4793642734375 0.601812371875 0.43189547656249994 0.6321902109375 0.4423385984375 0.6179506531250001 0.56670683125 0.656872025 0.858165284375 0.6731951328125 1 1 1 1 0.0626500359375 0.9378660296874999 0.041701984375 0.739821225 0 0.4982210921875 0
13 0.10859375 0.709375 0.2171875 0.165625
13 0.2171875 0.64453125 0.2033203125 0.146875
13 0.21953125 0.52421875 0.1484375 0.0794921875
13 0.08046875 0.53203125 0.1607421875 0.1486328125
13 0.06875 0.41953125 0.1373046875 0.0875
13 0.26484375 0.446875 0.153125 0.06171875
13 0.04609375 0.24375 0.0921875 0.149609375
13 0.128125 0.24921875 0.149609375 0.078125
13 0.1953125 0.3375 0.171875 0.100390625
13 0.23828125 0.2078125 0.094921875 0.109765625
13 0.36328125 0.2484375 0.101953125 0.124609375
13 0.4625 0.19609375 0.0875 0.071875
13 0.49609375 0.33515625 0.1734375 0.0984375
13 0.48125 0.49140625 0.1310546875 0.121875
13 0.69453125 0.59140625 0.2484375 0.1701171875
13 0.61328125 0.40234375 0.1609375 0.070703125
13 0.82109375 0.41875 0.2451171875 0.1716796875
13 0.7265625 0.25859375 0.190625 0.13125
13 0.55390625 0.17890625 0.2140625 0.1330078125
13 0.5546875 0.8453125 0.19765625 0.230859375
13 0.54375 0.67265625 0.2033203125 0.1044921875