15 1 0.9013166281249999 0.970996221875 0.8915314890625 0.892765415625 0.8538618171874999 0.8135687375 0.8103969828125 0.77010713125 0.737955471875 0.694773646875 0.741818959375 0.7063633796875 0.6722752859375001 0.6918761765625 0.65295755 0.64744884375 0.64040084375 0.557628159375 0.6065948046875 0.5218930875 0.5737547140625 0.5025768187499999 0.5843794531250001 0.47360241406250003 0.58341358125 0.46052982499999995 0.62039559375 0.5609921 1 1 1 1 0.9013166281249999
15 0.0734354015625 0 0 0.024758254687500002 0 0.9554769328124999 0.035703921875 0.9860826906250001 0.0763393984375 1 0.3676158953125 1 0.3882258515625 0.8209159843749999 0.4278241171875 0.5243886890625 0.41333691562499997 0.3978575296875 0.444243065625 0.38723278906249997 0.47031999999999996 0.4355271296875 0.5736620171875 0.5427405515625 0.5842860234375 0.5156957656250001 0.6963203015625 0.6132503203125 0.755234984375 0.6712035281250001 0.8228419296875 0.7552356515625 0.9184574109374999 0.8218819328125001 0.9725430265625 0.8170524984374999 1 0.7849855046875 1 0.0894503234375 0.83716699375 0 0.0734354015625 0
13 0.1375 0.67109375 0.2498046875 0.16875
13 0.26015625 0.60390625 0.207421875 0.148828125
13 0.2625 0.48125 0.150390625 0.08046875
13 0.10390625 0.490625 0.2 0.1533203125
13 0.0890625 0.375 0.178125 0.087890625
13 0.30859375 0.40234375 0.155078125 0.061328125
13 0.07421875 0.196875 0.1171875 0.153125
13 0.16953125 0.20078125 0.1515625 0.0796875
13 0.23828125 0.290625 0.1736328125 0.103125
13 0.28125 0.159375 0.0966796875 0.1123046875
13 0.40859375 0.20078125 0.1046875 0.1265625
13 0.509375 0.146875 0.087890625 0.0720703125
13 0.54375 0.2890625 0.175390625 0.1
13 0.52890625 0.44765625 0.1326171875 0.1236328125
13 0.74609375 0.54921875 0.2517578125 0.171875
13 0.66328125 0.35703125 0.1640625 0.0732421875
13 0.87421875 0.3734375 0.2484375 0.172265625
13 0.77890625 0.2109375 0.19375 0.1341796875
13 0.603125 0.1296875 0.2185546875 0.134765625
13 0.603125 0.8078125 0.200390625 0.234375
13 0.59296875 0.63203125 0.207421875 0.105078125