15 1 0.490234375 0.9036458328125001 0.46484375 0.8203125 0.458984375 0.6328125 0.41015625 0.5572916671875 0.400390625 0.4192708328125 0.396484375 0.2578125 0.416015625 0.1770833328125 0.439453125 0.1197916671875 0.46875 0.0416666671875 0.482421875 0 0.50390625 0 0.671875 0.013020832812499999 0.681640625 0.013020832812499999 0.69921875 0 0.7109375 0 0.94921875 0.05208333281250001 0.986328125 0.08854166718749999 1 0.4192708328125 1 0.4505208328125 0.98828125 0.4479166671875 0.9609375 0.5078125 0.94921875 0.5625 0.974609375 0.5729166671875 0.986328125 0.5651041671875 1 1 1 1 0.490234375
13 0.0671875 0.93828125 0.12734375 0.10390625
13 0.19921875 0.753125 0.22890625 0.10859375
13 0.15 0.56484375 0.1953125 0.1390625
13 0.253125 0.44375 0.215625 0.053125
13 0.36640625 0.5328125 0.10625 0.05546875
13 0.50859375 0.46640625 0.09609375 0.06328125
13 0.81484375 0.49609375 0.1703125 0.08359375
13 0.59375 0.5875 0.1671875 0.071875
13 0.45859375 0.7328125 0.2015625 0.0890625
13 0.35546875 0.65546875 0.14296875 0.0515625
13 0.81640625 0.72421875 0.26640625 0.11953125
13 0.79453125 0.6140625 0.18671875 0.090625
13 0.90078125 0.559375 0.19140625 0.04140625
13 0.96015625 0.6296875 0.07890625 0.10390625
13 0.9796875 0.71484375 0.040625 0.0890625