15 1 0.4963835703125 0.9838709671875 0.4880670375 0.90322580625 0.4739541328125 0.844086021875 0.44371219999999995 0.7607526874999999 0.41951865 0.594086021875 0.39935736093749996 0.451612903125 0.4033896171875 0.3736559140625 0.4134702625 0.1801075265625 0.4638734890625 0.09408602187500001 0.469921875 0 0.4947148125 0 0.9984375 0.44418682968749995 0.9984375 0.44623655937500006 0.9961315531249999 0.502688171875 0.9699218765625 0.5645161296875 0.98201865 0.562952428125 0.9984375 0.9868597921875001 0.9984375 1 0.989075103125 1 0.4963835703125
13 0.05390625 0.9515625 0.1078125 0.096875
13 0.17890625 0.7671875 0.236328125 0.1125
13 0.128125 0.57265625 0.200390625 0.14375
13 0.234375 0.44765625 0.2220703125 0.0546875
13 0.35078125 0.53984375 0.109375 0.0578125
13 0.4984375 0.47109375 0.0998046875 0.0642578125
13 0.8140625 0.5015625 0.1751953125 0.084765625
13 0.5859375 0.59609375 0.172265625 0.073828125
13 0.44609375 0.746875 0.2078125 0.091015625
13 0.33984375 0.66640625 0.1482421875 0.053125
13 0.81640625 0.7375 0.275 0.124609375
13 0.79296875 0.62421875 0.192578125 0.09375
13 0.9015625 0.565625 0.1966796875 0.043359375
13 0.9609375 0.63984375 0.078125 0.1076171875
13 0.98125 0.72890625 0.0375 0.090625