15 1 0.3872374234375 0.9806629828125001 0.373440740625 0.5582083671875 0.373440740625 0.56077348125 0.4004116953125 0.49723756874999997 0.41285982812500005 0.43922651874999996 0.385888875 0.42817679531249997 0.373440740625 0 0.373440740625 0 0.9069721968750001 0.07734806562499999 0.9273826515625 0.16574585625 0.933606715625 0.36464088437500003 0.9854739359375 0.44475138125 0.9958473812499999 0.5911602203124999 0.999996759375 0.7624309390625 0.97924986875 0.8480662984375 0.954353603125 0.9088397796875001 0.9232332734375 0.9917127078125001 0.9087104500000001 1 0.90443140625 1 0.3872374234375
13 0.05078125 0.94609375 0.1015625 0.1078125
13 0.175 0.75234375 0.243359375 0.115625
13 0.1234375 0.55234375 0.2064453125 0.1482421875
13 0.2328125 0.4234375 0.2283203125 0.05625
13 0.35234375 0.51796875 0.1125 0.059375
13 0.50390625 0.44765625 0.1015625 0.0671875
13 0.82890625 0.47890625 0.18125 0.0890625
13 0.59375 0.5765625 0.1779296875 0.077734375
13 0.45 0.73046875 0.2126953125 0.0951171875
13 0.34140625 0.6484375 0.1515625 0.053515625
13 0.83046875 0.72109375 0.2828125 0.126953125
13 0.80625 0.6046875 0.19921875 0.096875
13 0.90859375 0.54453125 0.1826171875 0.04375
13 0.96953125 0.62109375 0.0609375 0.110546875
13 0.98984375 0.7125 0.0203125 0.09375