15 0.4286752546875 0 0.34813179375000003 0.0028343015624999997 0.2785665765625 0.023183140625 0.237262228125 0.0580668609375 0.137262228125 0.11329941875 0.06552309687499999 0.20922965 0.035088315625 0.2760901171875 0.039436140625 0.38655523281250004 0.0590013578125 0.4505087203125 0.063349184375 0.5144622078125 0.087262228125 0.607485465625 0.12421875 0.665625 0.16334918437499998 0.706322675 0.22421875 0.7295784875 0.263349184375 0.7673691859375 0.365523096875 0.8138808125000001 0.4795388046875 0.83125 0.6170480296874999 0.83125 0.7546535328124999 0.790625 0.8394361421875001 0.735392440625 0.8916100546875001 0.6801598828125 0.9111752718749999 0.6394622078125 0.9328125 0.538194946875 0.9328125 0.5331531859374999 0.928566578125 0.34295058125 0.9090013578124999 0.273183140625 0.8568274453125 0.1946947671875 0.7590013578125 0.10167151249999999 0.689436140625 0.0580668609375 0.6090013578125 0.0260901171875 0.49595787968750005 0.017369184375 0.43101222968749997 0 0.4286752546875 0
19 0.24375 0.20546875 0.03671875 0.0421875
19 0.34921875 0.29296875 0.0798828125 0.0767578125
19 0.340625 0.13671875 0.0685546875 0.0419921875
19 0.53359375 0.15234375 0.0919921875 0.0392578125
19 0.4328125 0.50625 0.052734375 0.050390625
19 0.56953125 0.465625 0.0923828125 0.075
19 0.4578125 0.68046875 0.08984375 0.048046875
19 0.6640625 0.678125 0.059765625 0.0779296875
19 0.6953125 0.5375 0.065625 0.090625
19 0.67109375 0.35078125 0.0875 0.071875
19 0.6671875 0.21015625 0.04765625 0.021875
19 0.73046875 0.10859375 0.0638671875 0.0669921875
19 0.83046875 0.23046875 0.0673828125 0.0578125
19 0.79296875 0.35078125 0.0234375 0.0453125
19 0.48984375 0.3328125 0.0767578125 0.0779296875
19 0.25078125 0.6265625 0.0703125 0.125