15 0.23046875 0.1848958328125 0.17578125 0.20572916718749998 0.140625 0.2421875 0.107421875 0.2942708328125 0.0859375 0.3776041671875 0.08203125 0.4348958328125 0.064453125 0.4921875 0.060546875 0.5911458328125 0.087890625 0.6510416671875 0.15234375 0.7369791671875 0.2421875 0.7864583328125 0.279296875 0.8177083328125001 0.341796875 0.8359375 0.416015625 0.8385416671874999 0.474609375 0.8229166671874999 0.576171875 0.8151041671874999 0.6484375 0.7864583328125 0.7109375 0.7473958328125 0.798828125 0.6640625 0.845703125 0.59375 0.86328125 0.53125 0.8671875 0.3567708328125 0.84765625 0.265625 0.830078125 0.22916666718749998 0.783203125 0.1796875 0.70703125 0.1302083328125 0.556640625 0.0859375 0.51171875 0.0859375 0.357421875 0.109375 0.265625 0.1510416671875 0.23046875 0.1848958328125
19 0.2484375 0.278125 0.0328125 0.03828125
19 0.34296875 0.35625 0.07265625 0.06953125
19 0.33515625 0.21640625 0.0609375 0.03671875
19 0.50859375 0.23046875 0.08203125 0.0359375
19 0.41796875 0.546875 0.04609375 0.04609375
19 0.54140625 0.5109375 0.0828125 0.0671875
19 0.440625 0.70390625 0.0796875 0.0421875
19 0.62578125 0.7015625 0.0546875 0.06875
19 0.65390625 0.57578125 0.059375 0.08125
19 0.63203125 0.4078125 0.078125 0.0640625
19 0.62890625 0.28203125 0.04375 0.01953125
19 0.6859375 0.190625 0.05703125 0.059375
19 0.775 0.30078125 0.0609375 0.05234375
19 0.74140625 0.4078125 0.02109375 0.040625
19 0.46953125 0.3921875 0.06953125 0.06875
19 0.2546875 0.65546875 0.06328125 0.11171875