15 0.2543118015625 0.7987363968750001 0.234540471875 0.7831161703125 0.43225412499999993 0.810885521875 0.72766151875 0.782248459375 0.90676675625 0.7371235265625 0.9986455624999999 0.66336146875 1 0.385668875 0.8683871906249999 0.3197169296875 0.6602062359375 0.2954188125 0.3985263953125 0.2763274828125 0.35433154375 0.2841375953125 0.505524340625 0.478522265625 0.2333773796875 0.5097627203124999 0.1089341125 0.5236473296875 0.00058168125 0.5082465296875001 0 0.711089859375 0.12289033437500001 0.7805129749999999 0.21011694687500002 0.808282128125 0.2543118015625 0.7987363968750001
7 0.5609375 0.32578125 0.165625 0.05
7 0.43203125 0.53125 0.15078125 0.06484375
7 0.09140625 0.58515625 0.1828125 0.0984375
7 0.18984375 0.7109375 0.1515625 0.07578125
7 0.4359375 0.70390625 0.246875 0.0796875
7 0.3984375 0.52734375 0.0875 0.0609375
7 0.28828125 0.5203125 0.11328125 0.02734375
7 0.6 0.63203125 0.1125 0.04375
7 0.6796875 0.67890625 0.08125 0.03125
7 0.61171875 0.48984375 0.12109375 0.05859375
7 0.65703125 0.56328125 0.0875 0.0578125
7 0.7234375 0.53984375 0.1 0.0765625
7 0.91015625 0.61875 0.08828125 0.078125
7 0.9046875 0.5078125 0.165625 0.11171875
7 0.72890625 0.415625 0.0859375 0.06640625
7 0.81015625 0.38046875 0.06640625 0.034375
7 0.89140625 0.4078125 0.1046875 0.04609375
7 0.7640625 0.3296875 0.11484375 0.06015625
7 0.578125 0.41953125 0.09765625 0.0609375