15 1 0.36015398906249996 0.8805866625000001 0.2925256828125 0.790041646875 0.2636277 0.7441654671875 0.2735614703125 0.7646889671875 0.28981666562499997 0.5595886812499999 0.2609375 0.559257884375 0.2609375 0.2528078796875 0.29071965 0.06688885624999999 0.337678928125 0 0.3915134390625 0 0.718436678125 0.10672851406249999 0.7720532734375001 0.322829396875 0.79733911875 0.5942043953125 0.8171875 0.5945718078125 0.8171875 0.640340625 0.8090789218750001 0.4833959296875 0.6067924359375 0.7658963078125 0.57428204375 0.895073828125 0.5598330203125 1 0.5747842796875 1 0.36015398906249996
7 0.57421875 0.3125 0.171875 0.0529296875
7 0.440625 0.5265625 0.15625 0.0685546875
7 0.09140625 0.58203125 0.1826171875 0.1044921875
7 0.1890625 0.71328125 0.156640625 0.079296875
7 0.44453125 0.70546875 0.25625 0.0828125
7 0.40546875 0.521875 0.0919921875 0.0626953125
7 0.29140625 0.515625 0.1173828125 0.028125
7 0.6140625 0.63125 0.116015625 0.044140625
7 0.696875 0.6796875 0.084375 0.033984375
7 0.6265625 0.48359375 0.125 0.0609375
7 0.67421875 0.559375 0.090625 0.059765625
7 0.74296875 0.53515625 0.1044921875 0.0796875
7 0.93671875 0.6171875 0.0921875 0.08125
7 0.92109375 0.50078125 0.1578125 0.115625
7 0.7484375 0.40625 0.090234375 0.06875
7 0.8328125 0.36953125 0.0689453125 0.0357421875
7 0.9171875 0.3984375 0.108984375 0.047265625
7 0.784375 0.31640625 0.11875 0.0625
7 0.5921875 0.41015625 0.102734375 0.0640625