15 1 0.32032353125 0.9395565546875 0.29004840625 0.7136329031249999 0.2636911265625 0.4296508046875 0.2429818875 0.381689346875 0.2514538734375 0.5457678921875 0.46231182187500003 0.2504265875 0.49619977187500003 0.11537736093749999 0.51126104375 0 0.49486902187500004 0 0.7161927046875001 0.13052303437499999 0.7898949625 0.2251837328125 0.820017434375 0.27314519375 0.8096627406250001 0.25168880625 0.79271876875 0.4593689875 0.821875 0.4762270046875 0.821875 0.7868372156250001 0.7917775218750001 0.9812071046874999 0.74282844375 1 0.72774784375 1 0.32032353125
7 0.60625 0.29609375 0.180859375 0.0546875
7 0.465625 0.51875 0.1626953125 0.069140625
7 0.09765625 0.57734375 0.1953125 0.1078125
7 0.203125 0.71328125 0.16328125 0.082421875
7 0.4703125 0.70625 0.2685546875 0.0873046875
7 0.4296875 0.51484375 0.09609375 0.066796875
7 0.31015625 0.50703125 0.1234375 0.0296875
7 0.64765625 0.628125 0.121875 0.046875
7 0.734375 0.67890625 0.087890625 0.034375
7 0.6609375 0.47421875 0.13125 0.0640625
7 0.71015625 0.55390625 0.0953125 0.063671875
7 0.78203125 0.528125 0.1080078125 0.0841796875
7 0.9671875 0.6125 0.065625 0.084375
7 0.94296875 0.49296875 0.1138671875 0.1205078125
7 0.7875 0.39375 0.0935546875 0.071875
7 0.87578125 0.35546875 0.0732421875 0.0361328125
7 0.953125 0.384375 0.09375 0.049609375
7 0.82578125 0.3 0.1236328125 0.065625
7 0.62421875 0.39765625 0.10625 0.0669921875