15 0.183041959375 0 0.1522727265625 0.05 0.10681818125 0.06818181875 0.075 0.0977272734375 0.0136363640625 0.20681818125 0 0.21797520625 0 0.8788537546875 0.040909090625 0.95 0.09283216875 1 0.9439803437500001 1 1 0.93719008125 1 0.08081550937500001 0.975 0.0477272734375 0.940909090625 0.0227272734375 0.8937710437499999 0 0.183041959375 0
19 0.47734375 0.315625 0.1828125 0.112109375
19 0.4625 0.4046875 0.2220703125 0.115625
19 0.2484375 0.6828125 0.21875 0.109765625
19 0.284375 0.325 0.075390625 0.053125
19 0.64375 0.67734375 0.0533203125 0.175
19 0.7 0.37421875 0.194140625 0.0513671875
19 0.925 0.31484375 0.15 0.1703125
19 0.540625 0.6453125 0.094140625 0.0623046875
11 0.1109375 0.53828125 0.128125 0.119921875
11 0.36171875 0.7921875 0.1298828125 0.1341796875
11 0.4921875 0.765625 0.10625 0.118359375
11 0.65546875 0.84375 0.1392578125 0.16875
11 0.803125 0.48984375 0.087890625 0.0859375
11 0.79296875 0.2765625 0.0044921875 0.002734375
11 0.67109375 0.21640625 0.1234375 0.090625
11 0.53828125 0.11796875 0.1919921875 0.0798828125
11 0.25625 0.46640625 0.18828125 0.069921875
11 0.28046875 0.38828125 0.121875 0.0576171875
11 0.6203125 0.57265625 0.034375 0.0640625
11 0.528125 0.2515625 0.055859375 0.047265625
11 0.44140625 0.23359375 0.0486328125 0.0326171875
17 0.3 0.15703125 0.33671875 0.1125
17 0.3765625 0.2703125 0.0373046875 0.121875
17 0.56796875 0.1546875 0.196875 0.122265625
17 0.9734375 0.25078125 0.053125 0.1203125
17 0.95546875 0.58671875 0.088671875 0.286328125
17 0.47890625 0.8890625 0.1298828125 0.102734375
17 0.6296875 0.89921875 0.13125 0.179296875
17 0.74296875 0.709375 0.2201171875 0.20625
17 0.5890625 0.51484375 0.165234375 0.188671875
17 0.103125 0.77890625 0.20625 0.1640625
17 0.3171875 0.71328125 0.1841796875 0.10625
2 0.48828125 0.953125 0.109375 0.093359375
2 0.2875 0.5375 0.140234375 0.09921875
2 0.1765625 0.340625 0.103125 0.106640625
2 0.72578125 0.54765625 0.1169921875 0.0984375
2 0.8921875 0.48203125 0.1185546875 0.1421875
2 0.73828125 0.1140625 0.1326171875 0.097265625
2 0.76875 0.82734375 0.1185546875 0.115625