15 0.3125 0 0.228515625 0.037109375 0.171875 0.07421875 0.140625 0.125 0.1015625 0.140625 0.07421875 0.166015625 0.021484375 0.259765625 0 0.27734375 0 0.4921875 0.005859375 0.5078125 0 0.513671875 0 0.8203125 0.044921875 0.8984375 0.150390625 1 0.482421875 1 0.51953125 0.984375 0.53515625 1 0.75 1 0.810546875 0.953125 0.875 0.880859375 0.931640625 0.796875 0.970703125 0.708984375 0.970703125 0.609375 0.984375 0.53125 0.982421875 0.431640625 0.95703125 0.2890625 0.9140625 0.2109375 0.84765625 0.123046875 0.818359375 0.1015625 0.708984375 0.048828125 0.55859375 0.00390625 0.490234375 0.015625 0.453125 0 0.3125 0
19 0.4203125 0.353125 0.15703125 0.09609375
19 0.40703125 0.4296875 0.19140625 0.09921875
19 0.2234375 0.66875 0.18828125 0.0953125
19 0.25390625 0.3609375 0.065625 0.04609375
19 0.56328125 0.6640625 0.046875 0.15078125
19 0.61171875 0.40390625 0.16796875 0.04375
19 0.8171875 0.353125 0.153125 0.146875
19 0.475 0.63671875 0.08203125 0.053125
11 0.1046875 0.54453125 0.11015625 0.10234375
11 0.3203125 0.76328125 0.11171875 0.11484375
11 0.4328125 0.73984375 0.09140625 0.10078125
11 0.57265625 0.80703125 0.11953125 0.14453125
11 0.7 0.503125 0.0765625 0.0734375
11 0.69140625 0.31953125 0.003125 0.0015625
11 0.58671875 0.26796875 0.10625 0.078125
11 0.47265625 0.18359375 0.1640625 0.06875
11 0.2296875 0.4828125 0.1625 0.06015625
11 0.25078125 0.415625 0.1046875 0.04921875
11 0.54296875 0.5734375 0.0296875 0.0546875
11 0.46328125 0.29765625 0.046875 0.04140625
11 0.3890625 0.2828125 0.0421875 0.02734375
17 0.26796875 0.2171875 0.28828125 0.096875
17 0.3328125 0.3140625 0.03125 0.1046875
17 0.49765625 0.21484375 0.16953125 0.10546875
17 0.8640625 0.2984375 0.07734375 0.10390625
17 0.88515625 0.5859375 0.1828125 0.246875
17 0.42109375 0.84609375 0.11171875 0.0875
17 0.55078125 0.8546875 0.1125 0.153125
17 0.6484375 0.69140625 0.1890625 0.17734375
17 0.515625 0.525 0.1421875 0.16171875
17 0.0984375 0.753125 0.18125 0.13984375
17 0.28203125 0.69453125 0.1578125 0.09140625
2 0.4296875 0.90390625 0.09375 0.08203125
2 0.25703125 0.54375 0.1203125 0.084375
2 0.16171875 0.375 0.08828125 0.0921875
2 0.63359375 0.553125 0.1 0.08515625
2 0.7765625 0.496875 0.10078125 0.12265625
2 0.64453125 0.18046875 0.11328125 0.08515625
2 0.6703125 0.79296875 0.1015625 0.1