15 0.1589706578125 0 0.1320346328125 0.0129870125 0.09956709999999999 0.0367965375 0.025974026562500002 0.134199134375 0 0.1814246359375 0 0.76893939375 0.00649350625 0.7835497828125 0.06926406874999999 0.8766233765625 0.140692640625 0.9567099562499999 0.1966089453125 1 0.45454545468749996 1 0.4632034625 0.9913419906250001 0.483766234375 1 0.88128538125 1 0.9891774890624999 0.8961038968749999 1 0.8772821390625 1 0.1613756625 0.9567099562499999 0.08441558437499999 0.9264069265625 0.05627705625 0.8831168828125 0.0389610390625 0.859140859375 0 0.1589706578125 0
19 0.4265625 0.2921875 0.174609375 0.106640625
19 0.41171875 0.3765625 0.2125 0.109765625
19 0.20859375 0.64140625 0.2080078125 0.10625
19 0.24296875 0.30078125 0.0732421875 0.0513671875
19 0.58515625 0.63671875 0.0515625 0.1669921875
19 0.6390625 0.34765625 0.184765625 0.0484375
19 0.8671875 0.29140625 0.1689453125 0.1625
19 0.48671875 0.60546875 0.090625 0.0580078125
11 0.07734375 0.50390625 0.121875 0.1140625
11 0.31640625 0.74609375 0.1236328125 0.1267578125
11 0.440625 0.7203125 0.10078125 0.1125
11 0.59609375 0.79453125 0.1328125 0.1607421875
11 0.73671875 0.4578125 0.0857421875 0.0814453125
11 0.72734375 0.2546875 0.0044921875 0.002734375
11 0.6109375 0.196875 0.116015625 0.0873046875
11 0.484375 0.10390625 0.1814453125 0.0765625
11 0.21640625 0.43515625 0.1796875 0.066796875
11 0.2390625 0.3609375 0.115625 0.05390625
11 0.5625 0.53671875 0.031640625 0.0609375
11 0.475 0.23046875 0.050390625 0.0455078125
11 0.3921875 0.21328125 0.046875 0.0298828125
17 0.2578125 0.140625 0.319140625 0.106640625
17 0.33046875 0.2484375 0.0357421875 0.1158203125
17 0.51328125 0.1390625 0.1875 0.1158203125
17 0.91875 0.23125 0.087109375 0.1154296875
17 0.91953125 0.55 0.1607421875 0.2720703125
17 0.428125 0.83828125 0.1248046875 0.096875
17 0.571875 0.84765625 0.125 0.1703125
17 0.6796875 0.66640625 0.209375 0.196875
17 0.5328125 0.48203125 0.1564453125 0.1796875
17 0.084375 0.73359375 0.16875 0.1548828125
17 0.2734375 0.6703125 0.175 0.1001953125
2 0.4375 0.90234375 0.103125 0.0919921875
2 0.24609375 0.503125 0.1330078125 0.09375
2 0.140625 0.315625 0.0970703125 0.1029296875
2 0.66328125 0.51328125 0.1109375 0.09375
2 0.821875 0.45078125 0.1123046875 0.1359375
2 0.675 0.1 0.1251953125 0.09375
2 0.70390625 0.7796875 0.1125 0.1095703125