15 0.431925675 0.1812499984375 0.4265625 0.205254534375 0.4265625 0.20546874843750002 0.4400337828125 0.2135080640625 0.4845383 0.21875 0.5294686671875 0.21875 0.6076013515625001 0.19737903125 0.6427364859375 0.2014112890625 0.6589527015625001 0.2074596765625 0.672466215625 0.205443546875 0.6859375 0.1974042328125 0.6859375 0.1831873734375 0.6751689187500001 0.1631048375 0.653547296875 0.142943546875 0.61300675625 0.12278225625000001 0.5805743234375 0.12681451562499998 0.5265202703125 0.148991934375 0.5021959453125 0.15302419218750002 0.49408783749999996 0.1610887078125 0.4643581078125 0.16915322500000002 0.448141890625 0.1792338703125 0.431925675 0.1812499984375
15 0.5919869109375 0.260546875 0.5109058281250001 0.2665952625 0.4568517734375 0.258530746875 0.2973923140625 0.258530746875 0.16766258437499998 0.2665952625 0.1352301515625 0.280708165625 0.086581503125 0.2746597796875 0.067662584375 0.280708165625 0.01360853125 0.3250630046875 0.0000950171875 0.34421623125 0.0000950171875 0.4888734890625 0.0406355578125 0.496433971875 0.06495988281250001 0.5609501015625 0.09468961249999999 0.6032888109375001 0.11360853125 0.61336945625 0.11901393593750001 0.633530746875 0.14874366562500002 0.6516759078125001 0.24604096250000002 0.68191784375 0.2703652875 0.673853328125 0.2838788015625 0.655708165625 0.3244193421875 0.6315146171875 0.40550042187499996 0.611353328125 0.43252745 0.593208165625 0.4514463703125 0.593208165625 0.459554478125 0.6174017140625 0.47036528750000006 0.6153855859374999 0.473067990625 0.5891759078125001 0.5000950171875 0.5690146171875 0.5352301515625 0.61336945625 0.5703652875 0.6375630046875 0.615720015625 0.7390625 0.6324711578125 0.7390625 0.8379328562499999 0.7222404234375001 0.9622571796875 0.6698210687499999 0.9649598828125001 0.639579134375 0.9890625 0.6076150874999999 0.9890625 0.6047300265625 0.9811760984375001 0.5125630046875 0.9703652875 0.48030494062500007 0.9136085312500001 0.405708165625 0.8676625843749999 0.37748235937499997 0.8325274500000001 0.37748235937499997 0.8379328562499999 0.349256553125 0.810905828125 0.3311113921875 0.6568517734375 0.3049017140625 0.6136085296875 0.2665952625 0.5919869109375 0.260546875
17 0.32578125 0.48359375 0.1451171875 0.05
17 0.27734375 0.59375 0.1173828125 0.0625
17 0.56015625 0.47265625 0.078125 0.0765625
17 0.66484375 0.4640625 0.0796875 0.07265625
2 0.7890625 0.49296875 0.065234375 0.096875
2 0.78046875 0.3296875 0.1421875 0.0654296875
19 0.2515625 0.51640625 0.0814453125 0.0578125
19 0.6640625 0.35625 0.0625 0.0408203125
2 0.2828125 0.3921875 0.112890625 0.056640625