15 0.43717277499999996 0.19921875 0.43717277499999996 0.212890625 0.4502617796875 0.220703125 0.4633507859375 0.22265625 0.4790575921875 0.216796875 0.5130890046875 0.212890625 0.5916230359375 0.234375 0.6256544500000001 0.234375 0.6753926703124999 0.228515625 0.688481675 0.220703125 0.6832460734375 0.197265625 0.6675392671875 0.1953125 0.6518324609375 0.185546875 0.6230366484375 0.177734375 0.6151832453125 0.169921875 0.5916230359375 0.166015625 0.539267015625 0.14453125 0.507853403125 0.140625 0.4685863875 0.16015625 0.44764397968749997 0.1796875 0.43717277499999996 0.19921875
15 0 0.609375 0.010471204687500001 0.63671875 0.036649214062500005 0.673828125 0.08900523593750001 0.716796875 0.1073298421875 0.72265625 0.1544502625 0.716796875 0.18586387499999998 0.73046875 0.311518325 0.73828125 0.4659685859375 0.73828125 0.5183246078125 0.73046875 0.5968586390625 0.736328125 0.617801046875 0.73046875 0.6596858640625001 0.693359375 0.8089005234375 0.66796875 0.8350785343749999 0.650390625 0.82984293125 0.623046875 0.8638743453125001 0.623046875 0.9083769640625 0.595703125 0.9633507859374999 0.5234375 0.9738219890625001 0.4921875 0.9816753921875 0.400390625 0.9581151828125 0.369140625 0.9554973828125 0.33984375 0.8350785343749999 0.2890625 0.6204188484375 0.271484375 0.5759162296875 0.37109375 0.5418848171875 0.39453125 0.507853403125 0.4375 0.4816753921875 0.41796875 0.4790575921875 0.392578125 0.4685863875 0.390625 0.460732984375 0.4140625 0.44240837656250004 0.4140625 0.41623036718749995 0.396484375 0.337696334375 0.376953125 0.29842931875 0.353515625 0.2853403140625 0.3359375 0.2617801046875 0.328125 0.1675392671875 0.357421875 0.13874345625 0.375 0.133507853125 0.39453125 0.11518324531249999 0.404296875 0.086387434375 0.4453125 0.062827225 0.5078125 0 0.51953125 0 0.609375
17 0.3390625 0.48984375 0.13984375 0.0484375
17 0.2921875 0.59609375 0.1140625 0.0609375
17 0.56640625 0.4796875 0.07578125 0.07421875
17 0.6671875 0.47109375 0.07734375 0.07109375
2 0.7875 0.49921875 0.0625 0.09375
2 0.77890625 0.340625 0.1375 0.0625
19 0.2671875 0.521875 0.07890625 0.05625
19 0.66640625 0.36640625 0.06015625 0.03984375
2 0.29765625 0.4015625 0.11015625 0.05546875