15 0.95963983125 0.43455255781249996 0.9575211859375001 0.3976207390625 0.9299788140624999 0.3550071015625 0.9384533890625001 0.318075284375 0.9087923734375 0.2442116484375 0.9066737281249999 0.13909801093750002 0.8960805078125 0.124893465625 0.8155720328125 0.130575284375 0.7456567781250001 0.1447798296875 0.7032838984375 0.16750710156249998 0.6545550859375 0.17034801093750002 0.603707628125 0.21864346562499998 0.5020127125 0.23568892031250002 0.489300846875 0.24705255625000003 0.38972457656250004 0.23852982968749997 0.26260593125 0.2529055140625 0.26260593125 0.4919389203125 0.2753177953125 0.49989346562500003 0.33887711875000004 0.593643465625 0.3854872875 0.6362571015625 0.368538134375 0.658984375 0.30709745625 0.6760298312499999 0.29226695 0.721484375 0.3049788140625 0.7783025578125 0.3409957625 0.8038707390625 0.368538134375 0.877734375 0.404020125 0.8890625 0.46236758125 0.8890625 0.5104872874999999 0.8862571015625 0.8070974578125 0.7868252859375 0.9215042375 0.775461646875 0.9617584734375001 0.749893465625 0.9977754234375 0.7101207390625001 0.99989406875 0.6390980125 0.976588984375 0.5595525578125 0.9532838984374999 0.533984375 0.944809321875 0.462961646875 0.95963983125 0.43455255781249996
12 0.5109375 0.4453125 0.1466796875 0.128515625
12 0.525 0.6078125 0.19375 0.24140625
12 0.36015625 0.60390625 0.13125 0.1017578125
12 0.46171875 0.73125 0.233203125 0.180859375
11 0.3640625 0.5125 0.084375 0.071875
11 0.4109375 0.540625 0.0720703125 0.080859375
11 0.71484375 0.2984375 0.0736328125 0.097265625
11 0.61953125 0.46953125 0.066796875 0.108203125
13 0.85859375 0.73359375 0.225 0.1263671875
13 0.87578125 0.41875 0.248046875 0.168359375