15 0.8635211078125 0.1028033078125 0.8174684750000001 0.0880974265625 0.7165912828125001 0.0939797796875 0.40957373906249994 0.19692095468749998 0.2911526875 0.2086856609375 0.2494860203125 0.23515625 0.21220531875 0.2763327203125 0.2100123359375 0.34986213125 0.23413514375000002 0.4322150734375 0.25825795 0.4586856609375 0.2670298796875 0.5322150734375 0.25167900312499997 0.5616268375 0.2538719859375 0.59986213125 0.2823807578125 0.6439797796875 0.27360882656249996 0.6822150734375 0.30431058125 0.7586856609375 0.3065035640625 0.867509190625 0.3174684765625 0.8822150734375 0.400801809375 0.8763327203125 0.47317023125 0.8616268375 0.5170298796874999 0.8380974265625 0.567468475 0.83515625 0.6201000546875 0.78515625 0.7253632140625 0.767509190625 0.7385211078125 0.755744484375 0.84159128125 0.7645680140625 0.996875 0.7470036765625 0.996875 0.52875919375 0.9929070734375 0.5145680140625 0.9600123359375001 0.4939797796875 0.8942228609375 0.3969209546875 0.845977246875 0.3528033078125 0.8635211078125 0.329273896875 0.9271176000000001 0.31162683750000003 0.9424684750000001 0.2645680140625 0.9293105796875001 0.20574448437499998 0.892029878125 0.179273896875 0.8635211078125 0.1028033078125
12 0.4671875 0.41953125 0.1501953125 0.134375
12 0.48203125 0.5875 0.2 0.2501953125
12 0.31171875 0.584375 0.1359375 0.1060546875
12 0.41640625 0.715625 0.2419921875 0.1875
11 0.315625 0.48984375 0.0875 0.0736328125
11 0.36328125 0.51796875 0.075 0.0826171875
11 0.678125 0.26796875 0.0779296875 0.1015625
11 0.5796875 0.4453125 0.06875 0.1125
13 0.82734375 0.71875 0.2328125 0.1310546875
13 0.85859375 0.39296875 0.2828125 0.1734375