15 0.30859375 0.337696334375 0.31640625 0.3717277484375 0.291015625 0.4109947640625 0.2890625 0.445026178125 0.302734375 0.47120418906249995 0.294921875 0.5366492140625 0.2734375 0.5602094234375 0.251953125 0.633507853125 0.25390625 0.6989528796875 0.287109375 0.7356020937500001 0.32421875 0.759162303125 0.4296875 0.7696335078125001 0.703125 0.86125654375 0.79296875 0.866492146875 0.833984375 0.853403140625 0.859375 0.7853403140624999 0.892578125 0.7617801046875 0.904296875 0.7094240843749999 0.890625 0.6675392671875 0.833984375 0.6518324609375 0.818359375 0.630890053125 0.861328125 0.5916230359375 0.919921875 0.5052356015624999 0.94921875 0.48691099531250004 0.955078125 0.4659685859375 0.953125 0.3926701578125 0.9765625 0.3324607328125 0.9765625 0.2827225125 0.814453125 0.26439790625000004 0.72265625 0.272251309375 0.7109375 0.2617801046875 0.6171875 0.24607329843749998 0.5703125 0.20157068125 0.525390625 0.1989528796875 0.486328125 0.17801047187500002 0.421875 0.164921465625 0.34765625 0.15968586406250002 0.337890625 0.17277486875 0.3359375 0.2696335078125 0.30859375 0.337696334375
12 0.48046875 0.4546875 0.134375 0.11953125
12 0.49375 0.60390625 0.178125 0.2234375
12 0.3421875 0.6015625 0.12109375 0.09375
12 0.43515625 0.71796875 0.215625 0.16640625
11 0.3453125 0.5171875 0.07734375 0.06640625
11 0.38828125 0.5421875 0.0671875 0.0734375
11 0.66875 0.31953125 0.06875 0.090625
11 0.58125 0.47734375 0.06171875 0.1
13 0.80078125 0.72109375 0.2078125 0.115625
13 0.834375 0.43203125 0.25859375 0.1546875