15 0.162001896875 0 0.1411290328125 0.0161290328125 0.0604838703125 0.10282258124999999 0.026209678125000004 0.1572580640625 0 0.17348310312499998 0 0.9929435484375 0.009408603125 1 0.8046875 1 0.8064516125000001 0.9979838703125001 0.8649193546875 0.979838709375 0.895161290625 0.957661290625 0.9375 0.9435483874999999 1 0.8772605078125 1 0.24105890468750002 0.911290321875 0.133064515625 0.8588709671875 0.09274193593749999 0.7741935484375 0.048387096875 0.6522580640625 0 0.162001896875 0
8 0.59140625 0.084375 0.1294921875 0.124609375
8 0.21953125 0.6015625 0.1326171875 0.1373046875
8 0.41640625 0.57734375 0.1236328125 0.1236328125
8 0.48984375 0.49765625 0.1357421875 0.09375
8 0.61171875 0.40234375 0.10625 0.1013671875
8 0.74140625 0.415625 0.159375 0.1466796875
8 0.4703125 0.2859375 0.1248046875 0.1001953125
9 0.32109375 0.26953125 0.0828125 0.0923828125
9 0.303125 0.37578125 0.2064453125 0.140625
9 0.7765625 0.6578125 0.24375 0.190234375
9 0.64453125 0.7609375 0.1546875 0.1185546875
9 0.3578125 0.62578125 0.169140625 0.151953125
9 0.5265625 0.234375 0.1251953125 0.1341796875
9 0.465625 0.04609375 0.103125 0.0921875
9 0.86796875 0.28671875 0.160546875 0.140625
9 0.728125 0.1546875 0.124609375 0.0845703125
2 0.4640625 0.803125 0.1966796875 0.1501953125
2 0.675 0.2515625 0.1154296875 0.071875