15 0.517578125 0 0.345703125 0.015625 0.22265625 0.064453125 0.140625 0.107421875 0.08984375 0.146484375 0 0.255859375 0 0.86328125 0.064453125 0.931640625 0.10546875 0.9453125 0.134765625 0.966796875 0.19140625 0.984375 0.205078125 1 0.458984375 1 0.521484375 0.9921875 0.55078125 1 0.9453125 1 1 0.958984375 1 0.2109375 0.98828125 0.1953125 0.947265625 0.169921875 0.9140625 0.1171875 0.8359375 0.033203125 0.79296875 0 0.517578125 0
8 0.57734375 0.09921875 0.125 0.11953125
8 0.21640625 0.6 0.128125 0.13203125
8 0.4078125 0.5765625 0.1203125 0.1203125
8 0.478125 0.49921875 0.13125 0.090625
8 0.596875 0.4078125 0.103125 0.09765625
8 0.721875 0.4203125 0.15390625 0.14140625
8 0.459375 0.29453125 0.1203125 0.09765625
9 0.31484375 0.278125 0.08046875 0.08984375
9 0.29765625 0.38125 0.20078125 0.1359375
9 0.75625 0.6546875 0.2359375 0.1828125
9 0.62890625 0.7546875 0.15 0.1140625
9 0.35078125 0.62421875 0.1640625 0.14765625
9 0.5140625 0.24453125 0.121875 0.12890625
9 0.4578125 0.0578125 0.09921875 0.10078125
9 0.8453125 0.2953125 0.15546875 0.1359375
9 0.709375 0.16796875 0.11953125 0.0828125
2 0.453125 0.7953125 0.18984375 0.14609375
2 0.6578125 0.2609375 0.11171875 0.0703125