15 0 0 0 0.8977017937499999 0.0784753359375 0.9820627796875 0.10168820781250001 1 0.6469058296875 1 0.7825112109375 0.9461883406249999 0.8766816140625 0.8968609859375001 0.934977578125 0.8520179375 1 0.7728602062500001 1 0 0 0
8 0.62421875 0.09375 0.142578125 0.1375
8 0.21015625 0.66875 0.146875 0.150390625
8 0.4296875 0.6421875 0.1375 0.1375
8 0.5109375 0.553125 0.1501953125 0.105859375
8 0.646875 0.44765625 0.1185546875 0.1125
8 0.790625 0.4625 0.177734375 0.1625
8 0.48984375 0.31796875 0.1375 0.1125
9 0.3234375 0.29921875 0.091015625 0.103125
9 0.303125 0.41796875 0.2310546875 0.15625
9 0.83046875 0.73125 0.2703125 0.2095703125
9 0.68359375 0.84609375 0.171875 0.13125
9 0.3640625 0.69609375 0.187890625 0.169921875
9 0.5515625 0.26015625 0.140234375 0.1484375
9 0.48515625 0.0515625 0.1140625 0.103125
9 0.9203125 0.31875 0.159375 0.1564453125
9 0.7765625 0.17265625 0.1375 0.0951171875
2 0.48203125 0.89296875 0.21875 0.167578125
2 0.7171875 0.2796875 0.128125 0.0810546875