15 1 0.211917703125 0.9747706421875 0.1823266 0.892201834375 0.11525342812499999 0.80733945 0.069521721875 0.7454128437499999 0.05427781875 0.7155963296875 0.0237900140625 0.61009174375 0.017692453125 0.41513761406249994 0.020741234375 0.30275229375 0.0725705015625 0.2270642203125 0.09086318437499999 0.1743119265625 0.1213509890625 0.12614678906250001 0.1823266 0.0779816515625 0.194521721875 0.0642201828125 0.2250095265625 0 0.26631558437499997 0 0.3713509890625 0.0091743125 0.365253428125 0.0091743125 0.444521721875 0 0.493302209375 0 0.5642556453124999 0.0160550453125 0.60305830625 0.09633027499999999 0.70671684375 0.21330275156249998 0.8012290390624999 0.48623853281249996 0.9201314796875 0.5833464765625 0.9359375 0.6510034124999999 0.9359375 0.6628440359375001 0.9353753796875001 0.7775229359375 0.8896436734375 0.9266055046874999 0.8012290390624999 1 0.7467764015625 1 0.211917703125
9 0.196875 0.16015625 0.087890625 0.071875
9 0.2625 0.65625 0.080859375 0.066015625
9 0.69296875 0.30390625 0.0607421875 0.08125
9 0.8046875 0.2625 0.1251953125 0.1091796875
9 0.88046875 0.23515625 0.0875 0.065625
9 0.11015625 0.25859375 0.046875 0.0236328125
9 0.346875 0.675 0.094140625 0.0560546875
9 0.55234375 0.09296875 0.0515625 0.04375
7 0.2328125 0.3375 0.359375 0.187109375
7 0.3046875 0.50078125 0.3689453125 0.290625
7 0.3515625 0.1390625 0.147265625 0.1939453125
7 0.61875 0.18828125 0.29375 0.1861328125
7 0.7390625 0.43671875 0.472265625 0.2109375