15 0.036808401562499996 0.467608009375 0.0388575828125 0.6178812328125 0.02861168125 0.6615970796874999 0.036808401562499996 0.699848446875 0.0798411890625 0.73263533125 0.11877561562500001 0.740832053125 0.13311987812499998 0.7736189375 0.16795594375 0.8146025453125001 0.241726434375 0.874711834375 0.31754610781250003 0.915695440625 0.3728739765625 0.9293566421874999 0.3995133203125 0.9566790468749999 0.4729716328125 0.9609375 0.5706599031249999 0.9609375 0.66795594375 0.9594112875 0.7683657796875 0.9129632000000001 0.8359887296874999 0.8965697578125 0.883119878125 0.869247353125 0.9261526640625 0.8146025453125001 0.9691854515625 0.8036735828125 0.9814805328125 0.776351178125 0.9984375 0.7654112 0.9984375 0.4037789671875 0.952792009375 0.3446571890625 0.8482838125000001 0.2599577359375 0.6044313531250001 0.15340035937500002 0.5040215171875 0.137006915625 0.4466444671875 0.13973915625 0.3441854515625 0.1807227625 0.21098872968750002 0.2599577359375 0.12287397656250001 0.32553150625 0.077792009375 0.380176315625 0.036808401562499996 0.467608009375
9 0.321875 0.26328125 0.0783203125 0.0642578125
9 0.3796875 0.70859375 0.071875 0.059375
9 0.7640625 0.3921875 0.0533203125 0.0720703125
9 0.8640625 0.35546875 0.1125 0.0982421875
9 0.93203125 0.33046875 0.078125 0.058203125
9 0.24375 0.35234375 0.0408203125 0.0205078125
9 0.45546875 0.725 0.0857421875 0.05
9 0.6390625 0.20390625 0.046484375 0.0390625
7 0.353125 0.42265625 0.3216796875 0.1669921875
7 0.4171875 0.56875 0.328515625 0.2595703125
7 0.459375 0.24453125 0.131640625 0.1736328125
7 0.6984375 0.2890625 0.2625 0.16640625
7 0.79609375 0.509375 0.4078125 0.1876953125