15 0.3046875 0.20052083281250002 0.232421875 0.23958333281250002 0.162109375 0.296875 0.12890625 0.3359375 0.115234375 0.3671875 0.078125 0.375 0.037109375 0.40625 0.029296875 0.4427083328125 0.0390625 0.484375 0.037109375 0.6276041671875 0.076171875 0.7109375 0.119140625 0.7630208328125 0.203125 0.8255208328125001 0.330078125 0.9010416671874999 0.427734375 0.9401041671874999 0.482421875 0.9427083328125001 0.578125 0.9270833328125001 0.810546875 0.8255208328125001 0.91015625 0.7447916671875 0.978515625 0.65625 1 0.6041666671875 0.984375 0.5208333328125 0.984375 0.453125 1 0.4635416671875 0.998046875 0.3723958328125 0.9375 0.3333333328125 0.92578125 0.3072916671875 0.884765625 0.296875 0.84375 0.24479166718749998 0.798828125 0.21875 0.734375 0.203125 0.638671875 0.1588541671875 0.47265625 0.15625 0.3828125 0.1614583328125 0.357421875 0.1875 0.3046875 0.20052083281250002
9 0.30859375 0.27734375 0.075 0.06171875
9 0.3640625 0.7015625 0.06875 0.05703125
9 0.73046875 0.4 0.0515625 0.06953125
9 0.82578125 0.36484375 0.10703125 0.09296875
9 0.890625 0.34140625 0.075 0.05546875
9 0.234375 0.36171875 0.03984375 0.0203125
9 0.4359375 0.7171875 0.08125 0.04765625
9 0.6109375 0.2203125 0.04375 0.03671875
7 0.3390625 0.42890625 0.30625 0.15859375
7 0.4 0.56796875 0.31484375 0.2484375
7 0.43984375 0.259375 0.1265625 0.16640625
7 0.66796875 0.3015625 0.25 0.159375
7 0.76953125 0.5140625 0.403125 0.18046875