15 0 0 0 1 1 1 1 0.6072961375 1 0.5793991421875 0.9742489265625001 0.538626609375 0.9742489265625001 0.508583690625 1 0.49192123125 1 0.031330471875 0.9570815453125 0.0021459234375 0.9522532187499999 0 0 0
2 0.059375 0.175 0.1185546875 0.1185546875
2 0.28359375 0.11875 0.240625 0.181640625
2 0.46171875 0.0109375 0.1671875 0.0216796875
2 0.825 0.115625 0.158984375 0.147265625
2 0.60234375 0.36640625 0.128125 0.115625
2 0.93984375 0.35390625 0.1203125 0.1671875
2 0.88515625 0.6515625 0.2296875 0.165625
2 0.615625 0.728125 0.159375 0.130859375
2 0.265625 0.71640625 0.312890625 0.1953125
0 0.1328125 0.3328125 0.103515625 0.11875
0 0.03828125 0.2640625 0.0765625 0.0625
0 0.01171875 0.39375 0.0234375 0.075
0 0.05078125 0.45546875 0.0359375 0.057421875
0 0.23203125 0.87421875 0.139453125 0.0875
0 0.32265625 0.62578125 0.1328125 0.05
0 0.4421875 0.634375 0.0373046875 0.0564453125
0 0.646875 0.93046875 0.1091796875 0.0857421875
0 0.77734375 0.83125 0.0669921875 0.0626953125
0 0.83515625 0.53828125 0.0267578125 0.0390625
0 0.98828125 0.57265625 0.0234375 0.0548828125
0 0.4609375 0.2609375 0.0529296875 0.0626953125
0 0.05625 0.0265625 0.0875 0.053125
0 0.46015625 0.06015625 0.078125 0.0517578125
0 0.9859375 0.2046875 0.028125 0.091015625
0 0.93515625 0.16796875 0.0375 0.0359375
0 0.6125 0.18671875 0.0626953125 0.0517578125
0 0.69375 0.12578125 0.1189453125 0.0419921875
0 0.7015625 0.375 0.0810546875 0.068359375
0 0.44609375 0.4578125 0.1828125 0.162109375