15 0.083984375 0 0 0.048828125 0 0.416015625 0.009765625 0.42578125 0.009765625 0.451171875 0.033203125 0.48828125 0.033203125 0.515625 0 0.537109375 0 0.943359375 0.048828125 0.9765625 0.1015625 1 0.921875 1 0.990234375 0.939453125 1 0.9296875 1 0.51953125 0.95703125 0.49609375 0.943359375 0.4765625 0.94921875 0.46484375 0.986328125 0.45703125 1 0.431640625 1 0.095703125 0.87890625 0 0.083984375 0
2 0.05859375 0.22734375 0.1171875 0.1078125
2 0.26796875 0.1765625 0.21953125 0.16640625
2 0.43046875 0.04609375 0.1515625 0.0875
2 0.7609375 0.1734375 0.14453125 0.134375
2 0.5578125 0.4015625 0.1171875 0.10546875
2 0.90546875 0.39140625 0.1890625 0.1515625
2 0.82734375 0.66171875 0.2296875 0.15
2 0.5703125 0.73046875 0.1453125 0.11796875
2 0.2515625 0.7203125 0.28515625 0.17734375
0 0.13046875 0.37109375 0.0953125 0.1078125
0 0.03984375 0.309375 0.0796875 0.05625
0 0.015625 0.428125 0.03125 0.06875
0 0.05625 0.4828125 0.0328125 0.0515625
0 0.2203125 0.8640625 0.12734375 0.0796875
0 0.30390625 0.63828125 0.1203125 0.0453125
0 0.41171875 0.64609375 0.03359375 0.05234375
0 0.5984375 0.91484375 0.0984375 0.07734375
0 0.7171875 0.825 0.0609375 0.05703125
0 0.76953125 0.5578125 0.025 0.0359375
0 0.9328125 0.590625 0.065625 0.04921875
0 0.42890625 0.30546875 0.04765625 0.05703125
0 0.0625 0.08515625 0.0796875 0.06796875
0 0.42890625 0.12265625 0.07109375 0.04765625
0 0.62265625 0.04609375 0.0984375 0.05625
0 0.94140625 0.25625 0.08984375 0.0828125
0 0.8609375 0.22109375 0.03359375 0.0328125
0 0.5671875 0.23828125 0.0578125 0.04765625
0 0.64140625 0.1828125 0.109375 0.0375
0 0.6484375 0.409375 0.0734375 0.06171875
0 0.41640625 0.48515625 0.16640625 0.14765625