15 0.05095238125 0 0 0.029623478125 0 0.452711640625 0.0198412703125 0.484126984375 0.0198412703125 0.5119047625 0 0.5247432296875 0 0.955873015625 0.0357142859375 0.9801587296875001 0.0803571421875 1 0.9270993359374999 1 0.9920634921874999 0.9424603171875001 1 0.934523809375 1 0.5147907640625 0.9583333328125001 0.4920634921875 0.9444444437499999 0.47222222187499996 0.950396825 0.46031746093750003 0.9880952375 0.45238095312500004 1 0.430272109375 1 0.083749359375 0.8940314218750001 0 0.05095238125 0
2 0.05234375 0.21875 0.1046875 0.109375
2 0.2578125 0.1671875 0.2220703125 0.16875
2 0.42265625 0.0390625 0.1546875 0.0779296875
2 0.75859375 0.1640625 0.146875 0.1373046875
2 0.553125 0.39609375 0.11875 0.1076171875
2 0.9046875 0.38515625 0.190625 0.1546875
2 0.8265625 0.66015625 0.2341796875 0.153125
2 0.565625 0.73046875 0.147265625 0.119921875
2 0.24140625 0.71953125 0.2890625 0.1798828125
0 0.11875 0.36484375 0.096875 0.1107421875
0 0.03359375 0.30234375 0.0671875 0.0578125
0 0.00859375 0.42109375 0.0171875 0.0703125
0 0.04296875 0.478125 0.0330078125 0.0529296875
0 0.21015625 0.865625 0.1294921875 0.0810546875
0 0.29453125 0.6359375 0.1232421875 0.0466796875
0 0.4046875 0.64453125 0.034375 0.053125
0 0.59453125 0.91796875 0.1 0.0794921875
0 0.71484375 0.82578125 0.0611328125 0.0580078125
0 0.76796875 0.5546875 0.0263671875 0.0373046875
0 0.93359375 0.58828125 0.0669921875 0.05
0 0.421875 0.2984375 0.04921875 0.05859375
0 0.05 0.075 0.0810546875 0.06875
0 0.42109375 0.11328125 0.073046875 0.0484375
0 0.61875 0.03515625 0.1 0.0576171875
0 0.9421875 0.2484375 0.0908203125 0.0841796875
0 0.8609375 0.21328125 0.034375 0.033203125
0 0.5625 0.2296875 0.058984375 0.04765625
0 0.6375 0.1734375 0.11171875 0.037890625
0 0.64453125 0.40390625 0.0736328125 0.0625
0 0.40859375 0.48046875 0.1701171875 0.15