15 1 0.22754946406249998 0.9137168140625 0.174295025 0.8517699109375 0.1595021265625 0.6814159296875 0.1654192859375 0.621681415625 0.1506263875 0.4977876109375 0.180212184375 0.3473451328125 0.153584965625 0.1637168140625 0.20979798593750001 0.0818584078125 0.2660110015625 0.030973451562499997 0.2808039015625 0 0.27821514375 0 0.6877890375 0.088495575 0.7541766812499999 0.17256637187499999 0.7689695828125 0.223451328125 0.8133482796875 0.34292035468750004 0.8399754984375001 0.41343428437499996 0.875 0.437060115625 0.875 0.50663716875 0.860685559375 0.5619469031250001 0.8636441375 0.57723209375 0.875 0.590854015625 0.875 0.6128318578124999 0.8666027171874999 0.7035398234375 0.8666027171874999 0.7588495578125001 0.8577269781249999 0.8075221234375001 0.834058340625 0.94911504375 0.8222240187500001 0.966814159375 0.7719281609374999 0.995575221875 0.7660110015625 1 0.7624858859375 1 0.22754946406249998
6 0.75234375 0.68515625 0.2861328125 0.14375
6 0.303125 0.5328125 0.04375 0.090234375
6 0.9625 0.38984375 0.0626953125 0.0513671875
9 0.72421875 0.6671875 0.0984375 0.0595703125
9 0.16015625 0.61484375 0.0859375 0.076953125
9 0.96328125 0.57109375 0.0732421875 0.0765625
9 0.59765625 0.4203125 0.054296875 0.06484375
13 0.31875 0.415625 0.1248046875 0.0845703125
13 0.61171875 0.25703125 0.0515625 0.0453125
13 0.89765625 0.253125 0.0705078125 0.053125
13 0.3734375 0.521875 0.1283203125 0.11875
16 0.328125 0.284375 0.062890625 0.05546875
16 0.1421875 0.3609375 0.037890625 0.037109375