15 1 0.3489583328125 0.908203125 0.2760416671875 0.8828125 0.2708333328125 0.8671875 0.2265625 0.7421875 0.21614583281250002 0.69921875 0.1953125 0.650390625 0.1875 0.5703125 0.1875 0.54296875 0.1770833328125 0.525390625 0.1901041671875 0.4765625 0.1927083328125 0.400390625 0.1770833328125 0.33203125 0.2109375 0.2265625 0.234375 0.181640625 0.2734375 0.107421875 0.2864583328125 0.02734375 0.3463541671875 0.001953125 0.3515625 0 0.4817708328125 0.0078125 0.5130208328125 0 0.5260416671875 0 0.6901041671875 0.025390625 0.7057291671875 0.056640625 0.703125 0.1015625 0.7161458328125 0.173828125 0.765625 0.3359375 0.8151041671874999 0.46875 0.7916666671875 0.578125 0.8177083328125001 0.630859375 0.8046875 0.78125 0.8098958328125001 0.8359375 0.796875 0.9375 0.734375 0.974609375 0.6979166671875 1 0.65625 1 0.3489583328125
6 0.69296875 0.64765625 0.253125 0.1265625
6 0.296875 0.51328125 0.03828125 0.07890625
6 0.87890625 0.3875 0.05546875 0.04453125
9 0.66875 0.63125 0.0875 0.053125
9 0.17109375 0.5859375 0.07578125 0.06796875
9 0.89140625 0.5484375 0.08515625 0.06875
9 0.55703125 0.4140625 0.04765625 0.05625
13 0.31015625 0.41015625 0.109375 0.075
13 0.56875 0.2703125 0.0453125 0.03984375
13 0.821875 0.2671875 0.06328125 0.046875
13 0.359375 0.50390625 0.11328125 0.10390625
16 0.31875 0.29453125 0.05546875 0.04765625
16 0.1546875 0.3625 0.034375 0.03203125