15 1 0.3234127625 0.9875518671875 0.3208628265625 0.9024896265625 0.257326915625 0.8236514515625 0.243514759375 0.775933609375 0.2020782953125 0.663900415625 0.1772164171875 0.5912863078124999 0.141304815625 0.51037344375 0.1578794015625 0.4585062234375 0.1551169703125 0.439834025 0.141304815625 0.41078838125 0.15235453906250002 0.325726140625 0.15235453906250002 0.273858921875 0.16064183125 0.22821576718749997 0.1827412796875 0.095435684375 0.193791003125 0.078838175 0.2407523296875 0.0518672203125 0.246277190625 0 0.2874197796875 0 0.7121102828125 0.0207468875 0.7324650359375 0.12863070468749999 0.7987633796875 0.18672199218750002 0.8125755343750001 0.3464730296875 0.8070506734375 0.4002577203125 0.8203125 0.4048041953125 0.8203125 0.5186721984375 0.7932385187500001 0.6597510375 0.818100396875 0.8319502078125 0.7656142078125 0.9087136921875001 0.7131280203125 0.9564315359375 0.699315865625 0.98962655625 0.7020782953125 1 0.6957034578125 1 0.3234127625
6 0.71953125 0.63984375 0.2701171875 0.134375
6 0.29921875 0.496875 0.040625 0.084375
6 0.9171875 0.3640625 0.059375 0.046875
9 0.69375 0.62265625 0.093359375 0.05625
9 0.16484375 0.57421875 0.0798828125 0.0732421875
9 0.93046875 0.534375 0.090625 0.0720703125
9 0.575 0.3921875 0.0501953125 0.0595703125
13 0.31328125 0.38828125 0.116796875 0.0796875
13 0.58828125 0.23984375 0.0484375 0.0421875
13 0.85625 0.2359375 0.068359375 0.0498046875
13 0.36484375 0.4875 0.1203125 0.112109375
16 0.321875 0.265625 0.059375 0.0501953125
16 0.14765625 0.3375 0.0359375 0.034375