15 0 0 0 0.861566484375 0.0122448984375 0.8825136609375 0.08367346875000001 0.9207650265625 0.108163265625 0.9672131140625 0.14207221406249998 1 0.48367346875 1 0.49591836718750004 0.99453551875 0.5013605453125 1 0.8612244890625 1 0.9142857140625 0.9644808749999999 0.9265306125 0.9398907109374999 0.981632653125 0.90163934375 1 0.8822260578125001 1 0 0 0
13 0.05390625 0.26875 0.1078125 0.118359375
13 0.12421875 0.084375 0.0859375 0.1126953125
13 0.0359375 0.48671875 0.0716796875 0.1361328125
13 0.03671875 0.7203125 0.0734375 0.187890625
13 0.05703125 0.89765625 0.1140625 0.2046875
13 0.21015625 0.91953125 0.1955078125 0.1609375
13 0.22265625 0.725 0.146875 0.165625
13 0.20703125 0.46953125 0.1138671875 0.1515625
13 0.19765625 0.31640625 0.115625 0.159375
13 0.19609375 0.225 0.1125 0.0845703125
13 0.24296875 0.1578125 0.1015625 0.097265625
13 0.26484375 0.06875 0.1857421875 0.103125
13 0.38125 0.37421875 0.0939453125 0.1388671875
13 0.32421875 0.46015625 0.1078125 0.159375
13 0.4265625 0.60546875 0.165625 0.1513671875
13 0.50703125 0.82890625 0.1861328125 0.1875
13 0.7828125 0.865625 0.1810546875 0.2341796875
13 0.6578125 0.63984375 0.178125 0.15
13 0.5078125 0.36640625 0.1279296875 0.1048828125
13 0.4765625 0.0515625 0.1125 0.103125
13 0.58515625 0.24453125 0.1125 0.134375
13 0.64375 0.190625 0.0748046875 0.080859375
13 0.7078125 0.3453125 0.184765625 0.121484375
13 0.80546875 0.54453125 0.18125 0.1919921875
13 0.9546875 0.70078125 0.090625 0.1390625
13 0.92265625 0.425 0.134375 0.115625
13 0.8453125 0.340625 0.078125 0.137890625
13 0.9453125 0.24765625 0.096484375 0.028125
13 0.75625 0.16640625 0.106640625 0.1140625
13 0.809375 0.07109375 0.0875 0.0921875
13 0.8859375 0.1671875 0.097265625 0.128515625