15 0.1129032265625 0 0.088709678125 0.016216215625 0.07661290312499999 0.040540540624999996 0.02217741875 0.07837837812500001 0 0.10184921875 0 1 1 1 1 0.1318318328125 0.979838709375 0.097297296875 0.90927419375 0.059459459375 0.8850806453125 0.0135135140625 0.871122828125 0 0.1129032265625 0
13 0.05546875 0.24765625 0.1109375 0.1169921875
13 0.1265625 0.06484375 0.0845703125 0.1111328125
13 0.0375 0.4625 0.0748046875 0.1345703125
13 0.03828125 0.69296875 0.0765625 0.186328125
13 0.05859375 0.88359375 0.1171875 0.2328125
13 0.21171875 0.90546875 0.19375 0.1890625
13 0.22421875 0.6984375 0.1453125 0.1626953125
13 0.20859375 0.4453125 0.111328125 0.15
13 0.19921875 0.29375 0.1142578125 0.156640625
13 0.19765625 0.20390625 0.1109375 0.084375
13 0.24453125 0.1375 0.1 0.096484375
13 0.26484375 0.05 0.183203125 0.1
13 0.38046875 0.3515625 0.09375 0.1373046875
13 0.32421875 0.4359375 0.10625 0.156640625
13 0.425 0.5796875 0.162890625 0.149609375
13 0.5046875 0.8015625 0.1845703125 0.184765625
13 0.77734375 0.8375 0.178125 0.2310546875
13 0.65390625 0.6140625 0.1763671875 0.1470703125
13 0.50625 0.34296875 0.1251953125 0.1046875
13 0.475 0.0421875 0.112109375 0.0841796875
13 0.58203125 0.2234375 0.1109375 0.133984375
13 0.63984375 0.16953125 0.073046875 0.079296875
13 0.703125 0.32265625 0.184375 0.11875
13 0.79921875 0.51953125 0.1794921875 0.1890625
13 0.9515625 0.67421875 0.096875 0.1375
13 0.915625 0.4015625 0.13203125 0.115234375
13 0.83984375 0.31796875 0.076953125 0.1375
13 0.93828125 0.2265625 0.0953125 0.0279296875
13 0.75078125 0.1453125 0.1048828125 0.1125
13 0.80390625 0.0515625 0.0859375 0.091015625
13 0.8796875 0.146875 0.096875 0.128125