15 0.15625 0 0.1015625 0.036649214062500005 0.08984375 0.0602094234375 0.037109375 0.0968586390625 0 0.1361256546875 0 0.9842931937499999 0.009765625 1 1 1 1 0.1753926703125 0.96484375 0.11518324531249999 0.896484375 0.07853403125 0.873046875 0.0340314140625 0.837890625 0 0.51953125 0 0.501953125 0.007853403125 0.494140625 0 0.15625 0
13 0.06484375 0.26171875 0.11796875 0.11015625
13 0.13828125 0.08359375 0.08203125 0.10859375
13 0.04375 0.46875 0.0875 0.13125
13 0.04609375 0.69375 0.09140625 0.1828125
13 0.0671875 0.8828125 0.1265625 0.23359375
13 0.221875 0.90390625 0.18828125 0.1921875
13 0.2328125 0.696875 0.140625 0.15859375
13 0.21796875 0.45234375 0.10859375 0.1453125
13 0.20859375 0.30546875 0.1109375 0.15234375
13 0.20703125 0.21796875 0.1078125 0.08203125
13 0.25234375 0.15390625 0.096875 0.09296875
13 0.27265625 0.06875 0.17734375 0.09921875
13 0.384375 0.3609375 0.090625 0.1328125
13 0.3296875 0.44375 0.103125 0.15234375
13 0.42734375 0.5828125 0.1578125 0.14453125
13 0.5046875 0.796875 0.17890625 0.1796875
13 0.76875 0.83203125 0.17265625 0.2234375
13 0.64921875 0.615625 0.1703125 0.14296875
13 0.50546875 0.353125 0.121875 0.1015625
13 0.4765625 0.0515625 0.10625 0.103125
13 0.5796875 0.2375 0.10703125 0.12890625
13 0.6359375 0.18515625 0.0703125 0.0765625
13 0.696875 0.33359375 0.178125 0.115625
13 0.78984375 0.52421875 0.1734375 0.18359375
13 0.9453125 0.67578125 0.109375 0.13359375
13 0.903125 0.409375 0.12890625 0.1109375
13 0.82890625 0.32890625 0.075 0.1328125
13 0.92421875 0.23984375 0.0921875 0.0265625
13 0.74296875 0.16171875 0.10234375 0.109375
13 0.79375 0.07109375 0.08359375 0.08828125
13 0.86796875 0.16328125 0.09375 0.12421875