15 0.188545971875 0.266929234375 0.0811079546875 0.32064824375 0.048050103125 0.3599044421875 0.05011621875 0.3888300609375 0.06871126093749999 0.419821796875 0.1616864671875 0.46527634375 0.196810434375 0.5086647734375 0.23813274843749999 0.5169292343749999 0.3145790296875 0.5603176640624999 0.43028150781249996 0.647094525 0.5666451453125 0.7194085734375 0.6265625 0.762797003125 0.6844137390625 0.76899535 0.72780216875 0.7834581609375 0.8393724171875 0.8516399796874999 0.9252804015624999 0.865625 0.9308432328125 0.865625 0.95 0.8621419515625 0.95 0.8390051078124999 0.9323476234375001 0.7958548546875 0.806314565625 0.5747804750000001 0.69474431875 0.3557722109375 0.6203641531249999 0.2359375 0.5935046484375001 0.16775568125 0.5625129125 0.16362345 0.46127324375 0.173954028125 0.298050103125 0.2173424578125 0.21540547499999999 0.262797003125 0.188545971875 0.266929234375
13 0.66640625 0.646875 0.164453125 0.127734375
13 0.37734375 0.48984375 0.141796875 0.109375
13 0.23828125 0.415625 0.0951171875 0.1373046875
13 0.3359375 0.29921875 0.1 0.0390625
13 0.4921875 0.2875 0.1220703125 0.0716796875
9 0.64453125 0.63359375 0.0640625 0.055078125
9 0.35859375 0.4796875 0.05625 0.047265625
9 0.5375 0.65859375 0.06875 0.0669921875
9 0.71796875 0.58671875 0.0857421875 0.0455078125
9 0.53359375 0.58515625 0.1609375 0.0828125
9 0.54921875 0.509375 0.209375 0.0873046875
9 0.6203125 0.45 0.077734375 0.049609375
9 0.590625 0.36875 0.075390625 0.08125
9 0.49921875 0.434375 0.1140625 0.0591796875
9 0.51328125 0.36640625 0.0765625 0.0701171875
9 0.5546875 0.25859375 0.112109375 0.0625
9 0.525 0.30078125 0.0533203125 0.0357421875
9 0.40234375 0.359375 0.079296875 0.05546875
9 0.26953125 0.45234375 0.0625 0.03125
9 0.31484375 0.3828125 0.114453125 0.102734375
9 0.3765625 0.3109375 0.1001953125 0.0404296875
9 0.38828125 0.2625 0.063671875 0.041015625
9 0.44453125 0.22578125 0.04375 0.045703125