15 0.8392507531250001 0.43912054375 0.9296121984375001 0.3949438375 0.9476844874999999 0.3648233546875 0.9496925203125001 0.3367109046875 0.9175640062499999 0.2985582953125 0.8131463359375 0.24634946093750001 0.7870419171874999 0.24233339531250003 0.7067206328125 0.1981566890625 0.5480860937500001 0.1559880140625 0.44969252031250007 0.145947853125 0.41957203749999994 0.1499639171875 0.3934676203125 0.21622897968750002 0.3211784640625 0.3326948421875 0.21274472812499998 0.5455462468750001 0.09025476875 0.760405684375 0.0721824796875 0.804582390625 0.0721824796875 0.8246627125 0.0826313078125 0.8265625 0.1072708265625 0.8265625 0.1806162140625 0.8146225515625 0.28904995 0.74835749375 0.331218625 0.734301265625 0.3874435234375 0.7282771718750001 0.44567645625 0.686108496875 0.5782065765625 0.6158273734375 0.690656375 0.531490021875 0.7649535640625 0.4893213453125 0.8051142062500001 0.4812892203125 0.8392507531250001 0.43912054375
13 0.6734375 0.61640625 0.1595703125 0.1234375
13 0.39296875 0.4640625 0.1375 0.1064453125
13 0.2578125 0.3921875 0.0908203125 0.1341796875
13 0.353125 0.278125 0.096875 0.0376953125
13 0.5046875 0.2671875 0.1189453125 0.06875
9 0.65234375 0.603125 0.0625 0.0533203125
9 0.375 0.4546875 0.05546875 0.046875
9 0.5484375 0.628125 0.066015625 0.0654296875
9 0.72421875 0.5578125 0.0828125 0.046484375
9 0.54453125 0.55625 0.15625 0.0810546875
9 0.559375 0.4828125 0.2033203125 0.084375
9 0.62890625 0.425 0.075 0.046875
9 0.60078125 0.34609375 0.0736328125 0.0794921875
9 0.51171875 0.41015625 0.1109375 0.0576171875
9 0.525 0.34453125 0.075 0.0673828125
9 0.565625 0.2390625 0.1091796875 0.059765625
9 0.53671875 0.28046875 0.0517578125 0.0330078125
9 0.41640625 0.3375 0.0765625 0.053125
9 0.28828125 0.428125 0.0609375 0.0310546875
9 0.33203125 0.36015625 0.111328125 0.1
9 0.3921875 0.28984375 0.097265625 0.0390625
9 0.40390625 0.24296875 0.0609375 0.040625
9 0.45859375 0.20703125 0.0421875 0.0451171875