15 0.1470902421875 0.16710777968749999 0.0654575890625 0.2548628828125 0.0042331 0.34768710937499997 0.0042331 0.6878560796875 0.0246412625 0.7303730859375 0.0777024859375 0.7936383921875 0.145049425 0.85078125 0.1777024859375 0.863026146875 0.23484534531249998 0.9099649234375 0.4042331 0.916087371875 0.48790656875 0.932413903125 0.549131059375 0.932413903125 0.696069834375 0.9058832906250001 0.816477996875 0.863026146875 0.8940290187500001 0.795679209375 0.963416775 0.7201690046875 0.996875 0.6328058546875 0.996875 0.31954071875 0.9674984046875 0.2773118625 0.96137595625 0.24874043281249997 0.9226004453125001 0.2038424734375 0.8491310593750001 0.1487404328125 0.7266820796875 0.09567920937499999 0.6307637125000001 0.069148596875 0.6042331 0.07527104531249999 0.35525350625 0.07527104531249999 0.2695392203125 0.10180165781249999 0.1470902421875 0.16710777968749999
13 0.3765625 0.13984375 0.0904296875 0.0828125
13 0.26171875 0.17578125 0.1013671875 0.0796875
13 0.159375 0.28984375 0.087109375 0.0982421875
13 0.3171875 0.38515625 0.090234375 0.071875
13 0.3453125 0.74921875 0.112109375 0.09375
13 0.175 0.6234375 0.0935546875 0.09375
13 0.415625 0.6203125 0.075 0.11875
13 0.49921875 0.7359375 0.115625 0.1095703125
13 0.6578125 0.709375 0.1064453125 0.0935546875
13 0.59921875 0.59765625 0.098828125 0.0953125
13 0.5546875 0.51875 0.071875 0.065625
13 0.84140625 0.6140625 0.128125 0.0908203125
13 0.69609375 0.50703125 0.0951171875 0.078125
13 0.56953125 0.47890625 0.0671875 0.0828125
13 0.90390625 0.49765625 0.10625 0.0798828125
13 0.759375 0.44296875 0.1125 0.0796875
13 0.903125 0.3453125 0.100390625 0.08125
13 0.6640625 0.13671875 0.090625 0.08125
13 0.7 0.35703125 0.0783203125 0.0703125
13 0.61484375 0.37734375 0.1171875 0.0453125
16 0.3125 0.66171875 0.031640625 0.0578125
16 0.4375 0.61015625 0.043359375 0.06875
16 0.4703125 0.69375 0.0470703125 0.068359375
16 0.553125 0.7 0.0876953125 0.056640625
16 0.59921875 0.61953125 0.0642578125 0.0392578125
16 0.67890625 0.62265625 0.0669921875 0.0486328125
16 0.73203125 0.71328125 0.060546875 0.070703125
16 0.678125 0.56875 0.06875 0.043359375
16 0.8171875 0.51015625 0.0689453125 0.1013671875
16 0.74609375 0.18984375 0.05 0.066796875
16 0.81171875 0.25234375 0.0453125 0.0515625
16 0.78359375 0.36640625 0.0732421875 0.0736328125
16 0.61640625 0.32578125 0.071875 0.0638671875
16 0.5765625 0.25625 0.1375 0.0716796875
16 0.3015625 0.4515625 0.0783203125 0.0564453125
16 0.2390625 0.4921875 0.0626953125 0.078515625
16 0.10625 0.465625 0.056640625 0.0595703125
16 0.3328125 0.30703125 0.083984375 0.0859375
16 0.2296875 0.28828125 0.0341796875 0.0578125
16 0.48046875 0.46328125 0.0703125 0.139453125
16 0.4625 0.21328125 0.049609375 0.086328125
16 0.75 0.28984375 0.0375 0.0357421875