15 1 0.3798335859375 0.9634146343750001 0.28430513125 0.8943089437499999 0.20910187812499997 0.8170731703125 0.14202870781250002 0.697154471875 0.09934578125 0.5508130078125 0.072923015625 0.48983739843749996 0.072923015625 0.40650406562499997 0.089183178125 0.237804878125 0.0952807390625 0.180894309375 0.14202870781250002 0.148373984375 0.15422382968749998 0.0813008125 0.21113439843749998 0.028455284375 0.2741425296875 0.004065040625 0.3249555359375 0 0.625768546875 0.0060975609375000005 0.6521913109375 0.06910569062500001 0.7477197640625 0.1504065046875 0.8351181390625 0.2723577234375 0.900158790625 0.3577235765625 0.9265815546875 0.60569105625 0.9265815546875 0.61915015625 0.9296875 0.6429296578125 0.9296875 0.7276422765625 0.9062563515625 0.8495934953125 0.853410821875 0.922764228125 0.7985327718749999 0.9613821140625 0.753817325 0.9674796750000001 0.725362040625 1 0.6786140734375 1 0.3798335859375
13 0.37109375 0.14296875 0.089453125 0.082421875
13 0.25625 0.17890625 0.1 0.079296875
13 0.1546875 0.2921875 0.08515625 0.097265625
13 0.31171875 0.3875 0.0890625 0.071875
13 0.33984375 0.75 0.1109375 0.09375
13 0.16953125 0.625 0.0921875 0.09375
13 0.41015625 0.621875 0.075 0.118359375
13 0.49296875 0.73671875 0.1142578125 0.109375
13 0.65078125 0.7109375 0.10625 0.0935546875
13 0.59296875 0.59921875 0.0986328125 0.0953125
13 0.5484375 0.5203125 0.071875 0.065625
13 0.834375 0.615625 0.1279296875 0.090625
13 0.6890625 0.50859375 0.0939453125 0.078125
13 0.56328125 0.48046875 0.0671875 0.082421875
13 0.89609375 0.5 0.10625 0.0810546875
13 0.75234375 0.4453125 0.1125 0.078515625
13 0.89609375 0.34765625 0.1013671875 0.08125
13 0.6578125 0.13984375 0.090625 0.0798828125
13 0.69296875 0.359375 0.0794921875 0.069140625
13 0.60859375 0.3796875 0.1171875 0.04609375
16 0.30703125 0.6625 0.032421875 0.056640625
16 0.43203125 0.61171875 0.0421875 0.06875
16 0.4640625 0.69453125 0.0470703125 0.0671875
16 0.546875 0.70078125 0.0875 0.0576171875
16 0.5921875 0.62109375 0.065234375 0.0390625
16 0.67265625 0.62421875 0.0669921875 0.0484375
16 0.725 0.71484375 0.0595703125 0.0705078125
16 0.67109375 0.57109375 0.06875 0.0421875
16 0.81015625 0.5125 0.06875 0.1001953125
16 0.7390625 0.19296875 0.05 0.065625
16 0.8046875 0.25546875 0.04609375 0.0515625
16 0.7765625 0.36875 0.071875 0.0748046875
16 0.61015625 0.32890625 0.0705078125 0.0625
16 0.5703125 0.259375 0.1373046875 0.0716796875
16 0.296875 0.45390625 0.0783203125 0.0576171875
16 0.234375 0.49375 0.062890625 0.078515625
16 0.10234375 0.46796875 0.0578125 0.0607421875
16 0.32734375 0.31015625 0.0828125 0.085546875
16 0.225 0.290625 0.0341796875 0.0564453125
16 0.47421875 0.46484375 0.0703125 0.1390625
16 0.45703125 0.21640625 0.0484375 0.0861328125
16 0.74296875 0.29296875 0.036328125 0.035546875