15 0.123046875 0.22265625 0.056640625 0.294921875 0.021484375 0.38671875 0.021484375 0.673828125 0.052734375 0.71875 0.05859375 0.74609375 0.095703125 0.7890625 0.166015625 0.841796875 0.283203125 0.892578125 0.375 0.91796875 0.400390625 0.912109375 0.638671875 0.912109375 0.720703125 0.88671875 0.837890625 0.82421875 0.916015625 0.740234375 0.9765625 0.6484375 0.982421875 0.623046875 0.978515625 0.333984375 0.955078125 0.28515625 0.904296875 0.224609375 0.83984375 0.169921875 0.80859375 0.158203125 0.75390625 0.11328125 0.591796875 0.107421875 0.51171875 0.091796875 0.453125 0.091796875 0.3125 0.1171875 0.197265625 0.158203125 0.123046875 0.22265625
13 0.378125 0.159375 0.0859375 0.07890625
13 0.26796875 0.19296875 0.09609375 0.07578125
13 0.1703125 0.30234375 0.08203125 0.09375
13 0.32109375 0.39375 0.08515625 0.06875
13 0.34765625 0.7421875 0.10703125 0.08984375
13 0.184375 0.621875 0.0890625 0.08984375
13 0.415625 0.61953125 0.071875 0.11328125
13 0.4953125 0.7296875 0.11015625 0.10546875
13 0.646875 0.7046875 0.10234375 0.0890625
13 0.59140625 0.596875 0.0953125 0.09140625
13 0.5484375 0.521875 0.06875 0.06328125
13 0.82265625 0.61328125 0.12265625 0.0875
13 0.68359375 0.51015625 0.090625 0.075
13 0.56328125 0.48359375 0.06484375 0.07890625
13 0.8828125 0.5015625 0.10234375 0.07734375
13 0.74453125 0.44921875 0.1078125 0.0765625
13 0.88203125 0.35546875 0.096875 0.078125
13 0.653125 0.15625 0.08671875 0.07734375
13 0.6875 0.3671875 0.07578125 0.0671875
13 0.60625 0.3859375 0.1125 0.04375
16 0.31640625 0.65859375 0.03125 0.0546875
16 0.43671875 0.609375 0.03984375 0.065625
16 0.46796875 0.6890625 0.04609375 0.06484375
16 0.546875 0.6953125 0.084375 0.0546875
16 0.590625 0.61796875 0.06171875 0.0375
16 0.66796875 0.62109375 0.0640625 0.046875
16 0.71796875 0.7078125 0.0578125 0.06796875
16 0.66640625 0.5703125 0.065625 0.040625
16 0.8 0.5140625 0.06640625 0.096875
16 0.73203125 0.20703125 0.04765625 0.06328125
16 0.79453125 0.2671875 0.04296875 0.04921875
16 0.7671875 0.37578125 0.06953125 0.07109375
16 0.6078125 0.3375 0.06875 0.06015625
16 0.56953125 0.2703125 0.13125 0.06796875
16 0.30625 0.4578125 0.07578125 0.0546875
16 0.246875 0.49609375 0.0609375 0.07578125
16 0.11953125 0.47109375 0.05546875 0.0578125
16 0.33671875 0.31953125 0.0796875 0.08203125
16 0.2375 0.30078125 0.03203125 0.0546875
16 0.47734375 0.46875 0.0671875 0.13359375
16 0.46015625 0.2296875 0.046875 0.0828125
16 0.73515625 0.303125 0.0359375 0.03359375