15 1 0.3603234125 0.9879068906249999 0.134411415625 0.9444665328124999 0.0600397515625 0.9293355812499999 0.002963940625 0.057111207812499995 0 0.0034208421875 0.1525719796875 0.000980371875 0.725925196875 0.040515996875 0.858237478125 0.11226587187499999 1 0.489074603125 1 0.497614940625 1 0.49932461093749997 0.9689301078125 0.46174129375 0.9654709171875 0.40853905468749996 0.9317443078125001 0.3694915125 0.88591064375 0.3426463328125 0.8279699624999999 0.31580115000000003 0.7224660375 0.31336067968750003 0.6091790593749999 0.33581304375 0.538266615625 0.385110515625 0.4630301765625 0.44661041875 0.41719654687499996 0.5452054375000001 0.4206556359375 0.6233005140625 0.502810328125 0.6725980609375 0.6463648921875 0.6657646984375 0.8046207609374999 0.6276933328125 0.888504996875 0.5676578015625 0.952499121875 0.511038840625 0.9672005609375001 0.5056697765625 0.9672005609375001 0.5085983703125 1 0.594991034375 1 0.8151215609375001 0.9991976578124999 0.89028804375 0.9127190031250001 0.966918896875 0.91358374375 0.9957164265625 0.7959729 0.986930790625 0.7043055390624999 1 0.38385275625 1 0.3603234125
13 0.18828125 0.08125 0.141796875 0.1625
13 0.134375 0.37421875 0.1189453125 0.0861328125
13 0.26171875 0.4328125 0.1142578125 0.1814453125
13 0.3390625 0.10625 0.1220703125 0.0501953125
13 0.1609375 0.821875 0.15390625 0.26875
13 0.3703125 0.93203125 0.175 0.1359375
13 0.65 0.596875 0.1435546875 0.1966796875
13 0.83125 0.67734375 0.165625 0.30625
13 0.75546875 0.10625 0.1486328125 0.194140625
13 0.81640625 0.33046875 0.165625 0.2578125
13 0.39453125 0.66796875 0.1486328125 0.2388671875
1 0.1640625 0.27890625 0.0935546875 0.0890625
1 0.26640625 0.31328125 0.0857421875 0.1048828125
1 0.27734375 0.203125 0.075 0.081640625
1 0.3375 0.0328125 0.100390625 0.046875
1 0.64765625 0.05859375 0.0669921875 0.103125
1 0.7296875 0.23046875 0.0626953125 0.0625
1 0.8484375 0.33203125 0.05234375 0.095703125
1 0.82734375 0.84609375 0.051171875 0.103125
1 0.55625 0.9140625 0.050390625 0.093359375
1 0.6140625 0.77421875 0.0251953125 0.0703125
1 0.63828125 0.66796875 0.0607421875 0.05
1 0.4671875 0.69609375 0.033984375 0.0830078125
1 0.41640625 0.71875 0.0548828125 0.0779296875
1 0.41875 0.634375 0.0435546875 0.0966796875
1 0.34296875 0.62734375 0.059375 0.065625
1 0.2953125 0.775 0.0689453125 0.175390625
1 0.209375 0.734375 0.068359375 0.0810546875
1 0.23828125 0.60703125 0.090625 0.1142578125
1 0.1484375 0.46171875 0.102734375 0.1638671875