15 0.0292289109375 0 0.0032708234374999997 0.05146575 0 0.062450090624999996 0 0.9723045906250001 0.0097123421875 1 1 1 1 0 0.6586672250000001 0 0.6743306359375 0.016754190625000002 0.7178407671875 0.1129547625 0.7256503265625 0.2944466109375 0.6693102718749999 0.45907863125 0.5800587562499999 0.55329571875 0.467378734375 0.557262690625 0.39709313125 0.5046995203125 0.3407531625 0.4184164609375 0.3150933171875 0.3370922703125 0.3178824265625 0.20717188437499998 0.3485626359375 0.08617730625 0.37924284375 0.019729460937500002 0.3959930015625 0 0.0292289109375 0
13 0.17109375 0.0375 0.1609375 0.075
13 0.1109375 0.31875 0.137109375 0.099609375
13 0.25625 0.38515625 0.13125 0.209375
13 0.34375 0.01796875 0.1376953125 0.0359375
13 0.14140625 0.83125 0.1765625 0.3091796875
13 0.38203125 0.940625 0.2013671875 0.11875
13 0.70078125 0.5734375 0.163671875 0.224609375
13 0.90625 0.6625 0.1875 0.349609375
13 0.8203125 0.059375 0.171875 0.11875
13 0.890625 0.26796875 0.187890625 0.2953125
13 0.40859375 0.65546875 0.1703125 0.2734375
1 0.14453125 0.20859375 0.10625 0.1017578125
1 0.26171875 0.24765625 0.098046875 0.120703125
1 0.27421875 0.121875 0.0859375 0.094140625
1 0.79140625 0.153125 0.071875 0.071875
1 0.92734375 0.26953125 0.059375 0.1107421875
1 0.90390625 0.85859375 0.0578125 0.11875
1 0.59375 0.9375 0.056640625 0.1064453125
1 0.659375 0.7765625 0.030859375 0.0810546875
1 0.6875 0.6546875 0.06875 0.056640625
1 0.49140625 0.6875 0.0375 0.094140625
1 0.43359375 0.71328125 0.0638671875 0.0890625
1 0.4359375 0.61640625 0.0498046875 0.1107421875
1 0.34921875 0.6078125 0.0673828125 0.0751953125
1 0.29453125 0.77734375 0.0796875 0.201953125
1 0.196875 0.73125 0.075390625 0.093359375
1 0.23046875 0.58515625 0.1044921875 0.1326171875
1 0.12734375 0.41796875 0.1169921875 0.1875