15 0.11172122031250001 0 0.0399713453125 0.141762521875 0.00043572031250000006 0.274074803125 0.002876190625 0.8474280203125 0.05656655625 1 0.9287909296875 0.997036059375 0.94392188125 0.9399602484375 0.9873622390625 0.865588584375 1 0.6295019234375 0.9863861390625001 0.29569446093749996 0.995171775 0.20402710000000002 0.966374246875 0.08641625625 0.8897433921875001 0.087280996875 0.8145769109375 0.0008023421875000001 0.5944463828125001 0 0.50805371875 0 0.505125125 0.032799439062500005 0.510494190625 0.032799439062500005 0.5671131500000001 0.047500878125 0.62714868125 0.111495003125 0.665220046875 0.19537923906250002 0.672053409375 0.3536351078125 0.6227558625 0.497189671875 0.5446607875 0.5793443640625 0.4460657671875 0.582803453125 0.384565865625 0.5369698234375 0.33526839218750004 0.461733384375 0.312816028125 0.390820940625 0.31525649843750003 0.2775339625 0.34210168125 0.1720300375 0.3689468625 0.11408935625000001 0.407994403125 0.0682556921875 0.46119664374999997 0.0345290828125 0.498779959375 0.031069892187499996 0.49707029062499997 0 0.4885299515625 0 0.11172122031250001 0
13 0.18828125 0.08125 0.14140625 0.1625
13 0.134375 0.37421875 0.11953125 0.08671875
13 0.26171875 0.4328125 0.11484375 0.18203125
13 0.3390625 0.10625 0.12265625 0.05078125
13 0.1609375 0.821875 0.1546875 0.26875
13 0.3703125 0.93203125 0.175 0.1359375
13 0.65 0.596875 0.14296875 0.19609375
13 0.83125 0.67734375 0.165625 0.30625
13 0.75546875 0.10625 0.14921875 0.1953125
13 0.81640625 0.33046875 0.165625 0.2578125
13 0.39453125 0.66796875 0.14921875 0.23828125
1 0.1640625 0.27890625 0.09296875 0.0890625
1 0.26640625 0.31328125 0.08515625 0.10546875
1 0.27734375 0.203125 0.075 0.0828125
1 0.3375 0.0328125 0.10078125 0.046875
1 0.64765625 0.05859375 0.06640625 0.103125
1 0.7296875 0.23046875 0.06328125 0.0625
1 0.8484375 0.33203125 0.0515625 0.09609375
1 0.82734375 0.84609375 0.05078125 0.103125
1 0.55625 0.9140625 0.05078125 0.09296875
1 0.6140625 0.77421875 0.02578125 0.0703125
1 0.63828125 0.66796875 0.06015625 0.05
1 0.4671875 0.69609375 0.0328125 0.08359375
1 0.41640625 0.71875 0.05546875 0.07734375
1 0.41875 0.634375 0.04296875 0.09609375
1 0.34296875 0.62734375 0.059375 0.065625
1 0.2953125 0.775 0.06953125 0.1765625
1 0.209375 0.734375 0.0671875 0.08046875
1 0.23828125 0.60703125 0.090625 0.11484375
1 0.1484375 0.46171875 0.1015625 0.16328125