15 0 0 0 0.91170038125 0.044303796875 0.95762711875 0.1075949359375 1 0.8654420078125 1 0.93459915625 0.9322033890625001 0.99156118125 0.841807909375 1 0.8169491531249999 1 0.36979969218750003 0.995780590625 0.35593220312499996 0.9852320671875001 0.285310734375 0.955696203125 0.2090395484375 0.95147679375 0.1412429375 0.9367088609374999 0.0790960453125 0.913502109375 0.053672315625 0.8797468359374999 0.059322034375 0.798061709375 0 0 0
9 0.84609375 0.4046875 0.165625 0.1595703125
9 0.97109375 0.2 0.0578125 0.06875
9 0.66328125 0.06875 0.0986328125 0.0876953125
9 0.47421875 0.11640625 0.073046875 0.059375
9 0.69765625 0.5625 0.09375 0.112890625
9 0.615625 0.82109375 0.1314453125 0.146875
9 0.47421875 0.89375 0.1078125 0.105859375
9 0.49609375 0.7578125 0.0734375 0.1373046875
9 0.559375 0.703125 0.0685546875 0.11875
9 0.18203125 0.30703125 0.0638671875 0.0546875
9 0.6171875 0.15703125 0.096875 0.053125
9 0.49921875 0.29921875 0.0513671875 0.1173828125
9 0.7078125 0.74765625 0.075 0.153125
9 0.76796875 0.08359375 0.098046875 0.026171875
19 0.13359375 0.30703125 0.0578125 0.1357421875
19 0.22578125 0.1375 0.0951171875 0.1533203125
9 0.22890625 0.2140625 0.0513671875 0.11875
9 0.36484375 0.20234375 0.109375 0.0375
19 0.34296875 0.1265625 0.079296875 0.09609375
19 0.36484375 0.31796875 0.11875 0.1548828125
19 0.28046875 0.53984375 0.0576171875 0.10625
19 0.27578125 0.6640625 0.069921875 0.056640625
19 0.359375 0.6171875 0.0748046875 0.084375
19 0.36796875 0.50234375 0.0171875 0.0455078125
19 0.6 0.45078125 0.187109375 0.0921875
19 0.678125 0.34296875 0.15703125 0.067578125
19 0.8296875 0.13203125 0.197265625 0.0830078125
19 0.62578125 0.703125 0.0732421875 0.0814453125
19 0.76328125 0.52109375 0.0921875 0.096875
19 0.3671875 0.50703125 0.047265625 0.0548828125