15 1 0.054973821874999995 0.962890625 0.0052356015625 0.28125 0 0.166015625 0.0837696328125 0.134765625 0.07853403125 0.11328125 0.10209424062500001 0.099609375 0.15968586406250002 0.095703125 0.2225130890625 0.068359375 0.2931937171875 0.05859375 0.35863874375 0.037109375 0.429319371875 0.03515625 0.5026178015625 0.017578125 0.5916230359375 0.0234375 0.6937172781250001 0.0625 0.8089005234375 0.115234375 0.8926701578125 0.224609375 1 0.494140625 1 0.509765625 0.9895287953125 0.53125 1 0.837890625 1 0.857421875 0.9712041890625001 0.939453125 0.9162303671875 1 0.853403140625 1 0.054973821874999995
9 0.83828125 0.40390625 0.153125 0.1484375
9 0.96328125 0.21640625 0.07109375 0.0609375
9 0.66875 0.0921875 0.0921875 0.08203125
9 0.49375 0.13671875 0.0671875 0.05546875
9 0.70078125 0.55 0.08671875 0.10546875
9 0.62421875 0.78984375 0.12265625 0.13671875
9 0.49375 0.85703125 0.1 0.096875
9 0.5140625 0.73125 0.06796875 0.1265625
9 0.57265625 0.68046875 0.06328125 0.11015625
9 0.2234375 0.31328125 0.05859375 0.05078125
9 0.62578125 0.17421875 0.08984375 0.04921875
9 0.5171875 0.30546875 0.046875 0.109375
9 0.709375 0.721875 0.06875 0.14140625
9 0.765625 0.10625 0.090625 0.02421875
19 0.17890625 0.31328125 0.05390625 0.125
19 0.2640625 0.15625 0.0875 0.14296875
9 0.26640625 0.2265625 0.046875 0.11015625
9 0.3921875 0.21640625 0.1015625 0.03515625
19 0.37265625 0.14609375 0.07265625 0.08828125
19 0.3921875 0.3234375 0.11015625 0.14375
19 0.3140625 0.52890625 0.05234375 0.0984375
19 0.31015625 0.64375 0.0640625 0.05234375
19 0.3875 0.60078125 0.06875 0.078125
19 0.3953125 0.49375 0.015625 0.0421875
19 0.61015625 0.44609375 0.17265625 0.08515625
19 0.6828125 0.34609375 0.14609375 0.06328125
19 0.82265625 0.1515625 0.184375 0.078125
19 0.63359375 0.6796875 0.0671875 0.0765625
19 0.76171875 0.51171875 0.0859375 0.08984375
19 0.39453125 0.4984375 0.0453125 0.0515625