15 0.2083414640625 0 0.11000000000000001 0.096256684375 0.05600000000000001 0.18181818125 0.016 0.299465240625 0.01 0.403743315625 0.028000000000000004 0.49465240625 0.03 0.5695187171875 0.052000000000000005 0.6417112296874999 0.062 0.7085561499999999 0.09 0.7807486625 0.094 0.8449197859375 0.10800000000000001 0.903743315625 0.13 0.9278074859375 0.162 0.9224598937499999 0.2689375 1 0.9800000000000001 1 0.9984375 0.9753509375 0.9984375 0.11818613124999999 0.954 0.0721925140625 0.8699999999999999 0.01604278125 0.859090909375 0 0.2083414640625 0
9 0.85078125 0.4046875 0.1576171875 0.152734375
9 0.97109375 0.2109375 0.0578125 0.065234375
9 0.67734375 0.08671875 0.09375 0.0830078125
9 0.49765625 0.13125 0.06875 0.05625
9 0.709375 0.55390625 0.087890625 0.1078125
9 0.63125 0.7984375 0.125 0.140234375
9 0.49765625 0.8671875 0.1017578125 0.0998046875
9 0.51875 0.7390625 0.0689453125 0.128515625
9 0.578125 0.68671875 0.065234375 0.1125
9 0.22109375 0.31171875 0.0607421875 0.0515625
9 0.6328125 0.1703125 0.0908203125 0.05
9 0.521875 0.3046875 0.04921875 0.112109375
9 0.71875 0.72890625 0.0716796875 0.1451171875
9 0.77578125 0.10078125 0.0921875 0.0236328125
19 0.175 0.31171875 0.055859375 0.128125
19 0.26171875 0.1515625 0.0890625 0.1466796875
9 0.26484375 0.2234375 0.0484375 0.1125
9 0.39375 0.21328125 0.1033203125 0.0359375
19 0.3734375 0.14140625 0.0748046875 0.0892578125
19 0.39375 0.321875 0.1125 0.146875
19 0.3140625 0.5328125 0.0533203125 0.1001953125
19 0.309375 0.64921875 0.065625 0.0544921875
19 0.3890625 0.60546875 0.071484375 0.0796875
19 0.396875 0.496875 0.0158203125 0.04375
19 0.6171875 0.44765625 0.1779296875 0.0861328125
19 0.690625 0.34609375 0.15 0.0640625
19 0.83515625 0.146875 0.1888671875 0.080859375
19 0.64140625 0.68671875 0.06875 0.078125
19 0.771875 0.51484375 0.0875 0.0921875
19 0.39609375 0.50078125 0.0455078125 0.0517578125