15 1 0.2234699015625 0 0.2234699015625 0 0.8517341109375 0.086419753125 0.8916726671875 0.2253086421875 0.9377556171875 0.3518518515625 0.9446680593749999 0.558641975 0.9953593046875 0.608024690625 0.9999675984374999 0.6820987656249999 0.99305515625 0.950617284375 0.9999675984374999 1 0.9859232703125 1 0.2234699015625
13 0.828125 0.31484375 0.116015625 0.05625
13 0.64296875 0.3765625 0.1419921875 0.059375
13 0.31875 0.340625 0.143359375 0.0625
13 0.1609375 0.43984375 0.1623046875 0.0703125
13 0.184375 0.55703125 0.200390625 0.065625
13 0.10625 0.69140625 0.2125 0.1015625
13 0.45390625 0.83125 0.2236328125 0.0845703125
13 0.859375 0.92109375 0.28125 0.1578125
13 0.621875 0.6609375 0.2 0.0658203125
13 0.57265625 0.55390625 0.2236328125 0.0955078125
13 0.8625 0.62421875 0.1625 0.1015625
13 0.83359375 0.7453125 0.209375 0.08515625
13 0.84375 0.4078125 0.2154296875 0.0908203125
13 0.92734375 0.4859375 0.1453125 0.096875
13 0.465625 0.44375 0.184375 0.0591796875
13 0.08203125 0.8234375 0.1638671875 0.116015625