15 1 0.265263790625 0.965838509375 0.249427690625 0.82608695625 0.20291606093749998 0.6987577640625 0.1959393171875 0.4906832296875 0.1447765265625 0.4409937890625 0.1401253640625 0.36645962656250003 0.1471021078125 0.0962732921875 0.1401253640625 0.031055899999999997 0.158730015625 0 0.16043165937499998 0 1 1 1 1 0.265263790625
13 0.78046875 0.23203125 0.1171875 0.057421875
13 0.59375 0.29375 0.143359375 0.059375
13 0.2671875 0.2578125 0.14375 0.0625
13 0.109375 0.3578125 0.1625 0.071484375
13 0.1328125 0.4765625 0.203125 0.065625
13 0.08046875 0.6109375 0.1609375 0.103125
13 0.40390625 0.753125 0.2263671875 0.087109375
13 0.8203125 0.8484375 0.297265625 0.1625
13 0.5734375 0.58125 0.2001953125 0.068359375
13 0.5234375 0.4734375 0.2251953125 0.096875
13 0.81484375 0.54375 0.1638671875 0.1029296875
13 0.7859375 0.66640625 0.209765625 0.0861328125
13 0.79609375 0.32578125 0.2169921875 0.0921875
13 0.90390625 0.4046875 0.1921875 0.0970703125
13 0.98125 0.63515625 0.0375 0.260546875
13 0.415625 0.36171875 0.1845703125 0.0580078125
13 0.05625 0.7453125 0.1123046875 0.11875