15 1 0.24609375 0.8932291671874999 0.240234375 0.8385416671874999 0.224609375 0.6119791671875 0.23046875 0.5494791671875 0.224609375 0.5078125 0.228515625 0.3333333328125 0.271484375 0.2265625 0.27734375 0.109375 0.31640625 0 0.3671875 0 0.599609375 0.0078125 0.623046875 0 0.62890625 0 0.888671875 0.0546875 0.943359375 0.1119791671875 0.970703125 0.1380208328125 1 0.4739583328125 1 0.5078125 0.9921875 0.5338541671875 1 1 1 1 0.55859375 0.9713541671874999 0.54296875 1 0.533203125 1 0.24609375
13 0.73515625 0.30234375 0.0984375 0.04765625
13 0.57890625 0.3546875 0.11953125 0.05
13 0.30546875 0.32421875 0.1203125 0.053125
13 0.17265625 0.4078125 0.13671875 0.059375
13 0.19140625 0.5078125 0.1703125 0.05546875
13 0.12421875 0.62265625 0.18515625 0.08671875
13 0.41953125 0.73984375 0.18984375 0.07265625
13 0.76875 0.81953125 0.25 0.13671875
13 0.56171875 0.5953125 0.16875 0.05625
13 0.51953125 0.5046875 0.1890625 0.08125
13 0.7640625 0.5640625 0.13671875 0.0859375
13 0.73984375 0.6671875 0.17734375 0.07265625
13 0.9578125 0.5921875 0.07265625 0.1109375
13 0.96171875 0.70703125 0.07578125 0.0953125
13 0.7484375 0.38046875 0.18125 0.07734375
13 0.85625 0.44765625 0.19296875 0.08125
13 0.96875 0.4921875 0.0625 0.05078125
13 0.94375 0.640625 0.11171875 0.21875
13 0.4296875 0.4109375 0.15546875 0.04921875
13 0.09375 0.73515625 0.16171875 0.09921875