15 0.0890217578125 0 0 0.0440993375 0 1 1 1 1 0.054170846875 0.9850948921875 0.042682925 0.911318403125 0.150969696875 0.7957348390625001 0.3026846296875 0.8363696765625 0.2060567109375 0.8544296031249999 0.17354631874999998 0.89687040625 0.1274899546875 0.89687040625 0.092270478125 0.849437115625 0 0.0890217578125 0
13 0.05859375 0.08359375 0.1171875 0.1453125
13 0.1890625 0.64765625 0.065234375 0.1390625
13 0.2703125 0.71328125 0.3125 0.335546875
13 0.20234375 0.26875 0.24375 0.2125
13 0.3046875 0.4171875 0.112109375 0.225390625
13 0.6828125 0.4953125 0.2345703125 0.26875
13 0.24609375 0.05703125 0.2076171875 0.1140625
13 0.06171875 0.01328125 0.1234375 0.0265625
13 0.42578125 0.0296875 0.151953125 0.058984375
13 0.59375 0.0109375 0.171875 0.021875
13 0.69296875 0.1953125 0.2078125 0.1935546875
13 0.85234375 0.0578125 0.2263671875 0.109765625
13 0.9140625 0.2046875 0.171875 0.146875
13 0.91640625 0.39296875 0.1669921875 0.2375
0 0.49375 0.5046875 0.1345703125 0.1283203125
0 0.03671875 0.5984375 0.0734375 0.046875
0 0.27734375 0.24375 0.0669921875 0.08125
0 0.21484375 0.059375 0.2234375 0.059765625
0 0.4921875 0.1515625 0.119140625 0.03984375
0 0.78203125 0.1203125 0.1109375 0.071484375
0 0.8671875 0.209375 0.1001953125 0.0904296875
0 0.60703125 0.44765625 0.1484375 0.269921875
0 0.85625 0.540625 0.1060546875 0.255859375
0 0.3953125 0.25 0.075 0.0998046875
0 0.5046875 0.15703125 0.140625 0.0419921875
0 0.425 0.06171875 0.15546875 0.066796875