15 0.8909087921875001 1 0.997638890625 0.9471283578125 1 0.0047095203125 0 0 0.00236041875 0.9228302421875 0.041666626562499996 0.9531250015625 0.11256122187499999 0.84906818125 0.223629803125 0.7032796125 0.1845822640625 0.796133003125 0.16722780312500002 0.827373459375 0.12644484375 0.871630746875 0.12644484375 0.9054744625 0.1750373890625 1 0.8909087921875001 1
13 0.07109375 0.11484375 0.14140625 0.1390625
13 0.209375 0.65546875 0.06171875 0.13359375
13 0.2875 0.71875 0.3 0.321875
13 0.221875 0.29140625 0.234375 0.20390625
13 0.3203125 0.434375 0.1078125 0.2171875
13 0.68359375 0.509375 0.22578125 0.2578125
13 0.265625 0.071875 0.19921875 0.14375
13 0.07578125 0.0296875 0.14453125 0.059375
13 0.43671875 0.0453125 0.146875 0.08984375
13 0.59921875 0.02734375 0.165625 0.0546875
13 0.69296875 0.22109375 0.2 0.18515625
13 0.846875 0.08828125 0.2171875 0.10703125
13 0.9125 0.23203125 0.175 0.14140625
13 0.91484375 0.41171875 0.1703125 0.228125
0 0.50234375 0.51796875 0.1296875 0.12421875
0 0.05390625 0.609375 0.08828125 0.0453125
0 0.29375 0.2671875 0.0640625 0.078125
0 0.23359375 0.090625 0.21484375 0.0578125
0 0.50078125 0.17890625 0.11484375 0.0375
0 0.77890625 0.1484375 0.10703125 0.06796875
0 0.8609375 0.234375 0.096875 0.08671875
0 0.6109375 0.46328125 0.1421875 0.259375
0 0.85078125 0.553125 0.1015625 0.24453125
0 0.40703125 0.2734375 0.071875 0.0953125
0 0.5125 0.184375 0.13515625 0.03984375
0 0.4359375 0.0921875 0.14921875 0.0640625
0 0.75546875 0.0171875 0.0453125 0.034375
0 0.0125 0.4390625 0.02421875 0.0859375