15 0 0 0 0.9220295515625001 0.050305456250000005 0.8481928109375 0.18255455625 0.6746027015625 0.1360607421875 0.7851630187499999 0.115396825 0.82236095625 0.0668366515625 0.8750580046875 0.0668366515625 0.9153556390625001 0.1103496 1 1 1 1 0 0 0
13 0.165625 0.61796875 0.07421875 0.159375
13 0.2578125 0.69296875 0.3564453125 0.3830078125
13 0.18046875 0.184375 0.2794921875 0.2435546875
13 0.296875 0.3546875 0.128125 0.2591796875
13 0.73046875 0.44375 0.269921875 0.306640625
13 0.73984375 0.1046875 0.2375 0.209375
13 0.9484375 0.11171875 0.103125 0.1671875
13 0.95078125 0.3265625 0.0982421875 0.271875
0 0.5140625 0.45390625 0.153515625 0.1482421875
0 0.01640625 0.56171875 0.0328125 0.053125
0 0.26640625 0.15546875 0.0765625 0.092578125
0 0.5125 0.05 0.137109375 0.04453125
0 0.8421875 0.0265625 0.1251953125 0.053125
0 0.940625 0.11640625 0.115625 0.103125
0 0.64375 0.3890625 0.169140625 0.308984375
0 0.92890625 0.49609375 0.1203125 0.291796875
0 0.40078125 0.16328125 0.0859375 0.1140625
0 0.5265625 0.05703125 0.159765625 0.0482421875