15 1 0.41392683437500005 0.997757846875 0.392220246875 0.9439461890624999 0.2814418046875 0.9080717484375 0.2335376125 0.8295964124999999 0.1676693484375 0.78923766875 0.11677114531249999 0.6928251125 0.09281905 0.5044843046875 0.08982503750000001 0.43161435 0.071860965625 0.1362730453125 0.071860965625 0.10313901406249999 0.09281905 0.056053810937500004 0.104795096875 0.033632287500000003 0.146711265625 0.002242153125 0.16168132500000001 0 0.16685280156249999 0 0.7915594984375 0.09641255625 0.8892262343749999 0.179372196875 0.9341364140625 0.3071748875 0.9760525828125 0.43273542656249997 0.9880286296874999 0.5403587437499999 0.98204060625 0.59590456875 0.996875 0.6753958796874999 0.996875 0.742152465625 0.97904659375 0.8542600890625 0.9041962953124999 0.8968609859375001 0.853298090625 0.9506726453125 0.7455136609374999 1 0.56509189375 1 0.41392683437500005
15 0.7241643640625 0.0572071484375 0.7622809562499999 0.08115924375 0.9057787140625001 0.138045471875 0.994799178125 0.1546875 0.9984375 0.1546875 0.9984375 0.0003209203125 0.6795348531250001 0.0003209203125 0.7241643640625 0.0572071484375
12 0.5171875 0.609375 0.1033203125 0.087890625
12 0.490625 0.75078125 0.131640625 0.101171875
12 0.10234375 0.88046875 0.15625 0.1359375
12 0.671875 0.875 0.166015625 0.16796875
12 0.903125 0.6390625 0.11328125 0.115625
12 0.56171875 0.26875 0.103125 0.090625
12 0.784375 0.2328125 0.0439453125 0.1125
12 0.6609375 0.2546875 0.083984375 0.0935546875
12 0.57890625 0.15234375 0.05 0.1044921875
12 0.2015625 0.58359375 0.097265625 0.1798828125
12 0.40703125 0.25 0.0984375 0.140625
12 0.49375 0.3453125 0.0876953125 0.0904296875
1 0.3296875 0.7375 0.10625 0.1123046875
1 0.06171875 0.603125 0.109375 0.0814453125
1 0.34296875 0.41796875 0.04375 0.0638671875
1 0.4296875 0.51796875 0.0658203125 0.0486328125
1 0.58203125 0.4984375 0.0638671875 0.071484375
1 0.74375 0.5515625 0.0904296875 0.140234375
1 0.67109375 0.71171875 0.046875 0.101171875
1 0.83828125 0.37578125 0.05 0.040625