15 0 0 0 1 1 1 1 0 0 0
7 0.2484375 0.80859375 0.496875 0.3828125
7 0.11015625 0.45234375 0.2203125 0.296875
7 0.82890625 0.66484375 0.3421875 0.298828125
7 0.5484375 0.39765625 0.434765625 0.15
7 0.11015625 0.13046875 0.2203125 0.2609375
7 0.91796875 0.2 0.1640625 0.3998046875
7 0.5703125 0.0359375 0.140234375 0.071484375
0 0.18125 0.6765625 0.3375 0.29375
0 0.471875 0.459375 0.202734375 0.22578125
0 0.834375 0.8671875 0.33125 0.16875
0 0.25234375 0.184375 0.1888671875 0.137109375
0 0.23984375 0.0890625 0.1044921875 0.0845703125
0 0.4046875 0.0234375 0.190625 0.046875
0 0.56015625 0.1625 0.270703125 0.144140625
0 0.83203125 0.034375 0.2828125 0.06875