15 0.158695690625 0 0.120516015625 0.016858578125000002 0.05109816874999999 0.044627829687499995 0 0.0655381953125 0 1 1 1 1 0 0.158695690625 0
7 0.26640625 0.8171875 0.51484375 0.35078125
7 0.15234375 0.49609375 0.25859375 0.2609375
7 0.83203125 0.68203125 0.334375 0.2625
7 0.56875 0.44765625 0.38046875 0.13125
7 0.15703125 0.19765625 0.24921875 0.2609375
7 0.91015625 0.2453125 0.1796875 0.41015625
7 0.37109375 0.03515625 0.1171875 0.0703125
7 0.58828125 0.13046875 0.12265625 0.06640625
0 0.246875 0.69140625 0.2953125 0.25703125
0 0.50078125 0.5015625 0.17734375 0.1984375
0 0.8375 0.86015625 0.32421875 0.146875
0 0.309375 0.2609375 0.16484375 0.11953125
0 0.0515625 0.20078125 0.103125 0.0828125
0 0.2984375 0.17734375 0.090625 0.07421875
0 0.44375 0.0828125 0.165625 0.11796875
0 0.57890625 0.2421875 0.2375 0.1265625
0 0.81875 0.09453125 0.24765625 0.13203125