15 1 0.3500372 0.974358975 0.29479910625 0.85042735 0.1690848203125 0.771367521875 0.126227678125 0.64957265 0.086227678125 0.5299145296875001 0.07479910625 0.427350428125 0.0805133921875 0.3632478625 0.063370534375 0.309829059375 0.063370534375 0.23504273437499998 0.083370534375 0.128205128125 0.15479910624999998 0.0876068375 0.203370534375 0.0363247859375 0.306227678125 0 0.4392711546875 0 0.660989584375 0.0427350421875 0.7490848203125 0.0769230765625 0.7947991062499999 0.15170940156249998 0.85765625 0.190170940625 0.906227678125 0.2820512828125 0.9290848203125 0.4615384609375 0.9319419640625 0.5979859453125 0.965625 0.60457398125 0.965625 0.6987179484375 0.9519419640625 0.803418803125 0.95479910625 0.84401709375 0.9290848203125 0.8888888890625 0.91765625 0.9102564109375001 0.87765625 0.940170940625 0.863370534375 0.9636752140624999 0.8090848203125001 0.9764957265625 0.743370534375 1 0.6905133921875 1 0.3500372
15 0.7100689359375 0 0.7480801031250001 0.0485160703125 0.7844048890625 0.0713732140625 0.921157025 0.1256589296875 0.9927573015625001 0.1390625 1 0.1390625 1 0 0.7100689359375 0
12 0.55078125 0.57578125 0.0986328125 0.0857421875
12 0.525 0.7109375 0.1251953125 0.0966796875
12 0.15546875 0.834375 0.148828125 0.13046875
12 0.69765625 0.8296875 0.1580078125 0.159375
12 0.91796875 0.6046875 0.109375 0.1095703125
12 0.59296875 0.25078125 0.0984375 0.086328125
12 0.80546875 0.21640625 0.042578125 0.1078125
12 0.6875 0.2375 0.0783203125 0.087890625
12 0.609375 0.13984375 0.0470703125 0.0986328125
12 0.25 0.55078125 0.09375 0.1732421875
12 0.44609375 0.2328125 0.09375 0.1341796875
12 0.528125 0.32421875 0.0841796875 0.0857421875
1 0.371875 0.6984375 0.1001953125 0.1064453125
1 0.11640625 0.5703125 0.1046875 0.078125
1 0.384375 0.39296875 0.0408203125 0.0607421875
1 0.4671875 0.4890625 0.0626953125 0.046875
1 0.6125 0.46953125 0.0595703125 0.0671875
1 0.76640625 0.5203125 0.0859375 0.133984375
1 0.696875 0.6734375 0.0439453125 0.096875
1 0.85625 0.353125 0.0470703125 0.037890625