15 0.380859375 0.08854166718749999 0.26953125 0.125 0.197265625 0.1640625 0.083984375 0.2786458328125 0.048828125 0.3541666671875 0.0390625 0.4036458328125 0.0390625 0.5911458328125 0.08203125 0.6875 0.09375 0.7473958328125 0.115234375 0.796875 0.142578125 0.8098958328125001 0.162109375 0.8463541671874999 0.203125 0.8567708328125001 0.240234375 0.8802083328125001 0.3359375 0.8776041671874999 0.42578125 0.890625 0.552734375 0.859375 0.716796875 0.8567708328125001 0.80078125 0.8359375 0.8359375 0.7916666671875 0.904296875 0.734375 0.935546875 0.6927083328125 0.982421875 0.5963541671875 0.990234375 0.5208333328125 0.986328125 0.453125 0.94140625 0.2890625 0.89453125 0.1953125 0.857421875 0.1510416671875 0.759765625 0.0859375 0.69140625 0.06770833281250001 0.642578125 0.06770833281250001 0.583984375 0.08333333281250001 0.490234375 0.078125 0.380859375 0.08854166718749999
15 0.701171875 0 0.744140625 0.0546875 0.77734375 0.07552083281250001 0.90234375 0.125 1 0.1432291671875 1 0 0.701171875 0
12 0.5640625 0.53515625 0.090625 0.07734375
12 0.540625 0.6578125 0.11484375 0.0875
12 0.20234375 0.77109375 0.1359375 0.11875
12 0.6984375 0.76640625 0.1453125 0.1453125
12 0.9 0.56171875 0.1 0.10078125
12 0.60234375 0.2390625 0.08984375 0.07890625
12 0.79609375 0.20703125 0.0390625 0.0984375
12 0.6890625 0.2265625 0.07265625 0.08046875
12 0.61796875 0.1375 0.04375 0.08984375
12 0.2890625 0.5125 0.08515625 0.15703125
12 0.46796875 0.22265625 0.0859375 0.121875
12 0.54375 0.30546875 0.0765625 0.078125
1 0.4 0.646875 0.0921875 0.096875
1 0.1671875 0.5296875 0.0953125 0.07109375
1 0.4125 0.36875 0.03828125 0.05546875
1 0.4875 0.45625 0.0578125 0.04296875
1 0.6203125 0.4390625 0.0546875 0.0609375
1 0.7609375 0.48515625 0.07890625 0.12109375
1 0.69765625 0.62421875 0.040625 0.08828125
1 0.84375 0.33203125 0.04375 0.0359375