15 0 0 0 1 1 1 1 0.06631532812499999 0.9483639546875 0.0451570140625 0.8782153953125 0.0170584828125 0.8396338296874999 0 0 0
7 0.26875 0.82421875 0.5216796875 0.3515625
7 0.15390625 0.50234375 0.2611328125 0.2640625
7 0.83515625 0.68984375 0.3294921875 0.2642578125
7 0.57421875 0.453125 0.385546875 0.13203125
7 0.15859375 0.2 0.2515625 0.262890625
7 0.9140625 0.24609375 0.171875 0.4140625
7 0.375 0.0359375 0.11875 0.0716796875
7 0.59375 0.13203125 0.12421875 0.0671875
0 0.25 0.7 0.299609375 0.2595703125
0 0.50625 0.50703125 0.1783203125 0.2013671875
0 0.840625 0.86953125 0.31875 0.15
0 0.3125 0.2640625 0.1658203125 0.121484375
0 0.05234375 0.20390625 0.1046875 0.0828125
0 0.3015625 0.1796875 0.0908203125 0.075
0 0.4484375 0.08359375 0.166015625 0.1201171875
0 0.58515625 0.24453125 0.239453125 0.128125
0 0.82734375 0.0953125 0.25 0.1341796875