15 0 0 0 0.8388417515625 0.10580912812500001 0.94198895 0.199170125 0.9972375687499999 0.2076994 1 0.873763165625 1 0.9024896265625 0.9861878453124999 0.975103734375 0.9254143640624999 1 0.9155592046875001 1 0 0 0
12 0.4125 0.88359375 0.1 0.1171875
12 0.06875 0.7359375 0.06953125 0.059375
12 0.3265625 0.59765625 0.0408203125 0.0484375
12 0.1953125 0.4828125 0.1625 0.13125
12 0.13984375 0.3453125 0.0830078125 0.0720703125
12 0.31875 0.2375 0.090625 0.075390625
12 0.5265625 0.45234375 0.02890625 0.086328125
12 0.53359375 0.7390625 0.0986328125 0.0939453125
12 0.440625 0.178125 0.059375 0.050390625
12 0.46328125 0.13125 0.053125 0.0375
12 0.40078125 0.0734375 0.0328125 0.0564453125
12 0.45078125 0.0609375 0.0388671875 0.0748046875
12 0.85390625 0.05 0.0375 0.0689453125
12 0.91171875 0.08359375 0.058203125 0.055078125
12 0.98046875 0.13984375 0.0390625 0.0578125
12 0.9203125 0.2953125 0.0533203125 0.0375
12 0.96875 0.384375 0.0470703125 0.080859375
12 0.784375 0.36953125 0.05078125 0.054296875
12 0.69296875 0.3359375 0.076171875 0.103125
12 0.66875 0.2109375 0.050390625 0.072265625
12 0.71953125 0.44453125 0.0544921875 0.0828125
12 0.64609375 0.48828125 0.0484375 0.0515625
12 0.6875 0.68671875 0.0658203125 0.1125
12 0.80078125 0.50390625 0.0828125 0.0328125