15 0.26953125 0 0.197265625 0.0234375 0.109375 0.07552083281250001 0 0.1822916671875 0 0.4869791671875 0.0078125 0.5130208328125 0 0.5286458328125 0 1 1 1 1 0.1197916671875 0.927734375 0.09114583281250001 0.859375 0.0338541671875 0.7890625 0 0.26953125 0
12 0.3984375 0.85390625 0.09453125 0.1109375
12 0.075 0.71484375 0.06640625 0.05546875
12 0.3171875 0.584375 0.0390625 0.0453125
12 0.19375 0.4765625 0.153125 0.1234375
12 0.14140625 0.34609375 0.07890625 0.06875
12 0.31015625 0.2453125 0.08515625 0.07109375
12 0.50546875 0.44765625 0.028125 0.08203125
12 0.51171875 0.71796875 0.09296875 0.08984375
12 0.425 0.1890625 0.05625 0.0484375
12 0.44609375 0.1453125 0.05 0.03515625
12 0.38671875 0.08984375 0.03125 0.05390625
12 0.434375 0.078125 0.03671875 0.06953125
12 0.81328125 0.06796875 0.03515625 0.065625
12 0.86796875 0.09921875 0.05546875 0.05234375
12 0.94375 0.15390625 0.059375 0.053125
12 0.8765625 0.29921875 0.05078125 0.0359375
12 0.921875 0.38359375 0.04453125 0.075
12 0.74765625 0.36953125 0.0484375 0.05078125
12 0.66171875 0.3375 0.07109375 0.096875
12 0.6390625 0.21953125 0.0484375 0.06953125
12 0.6875 0.43984375 0.05 0.078125
12 0.61796875 0.48046875 0.0453125 0.0484375
12 0.65703125 0.66796875 0.0625 0.10625
12 0.7640625 0.49609375 0.078125 0.03125