15 0 0 0 0.9000911015625 0.02531645625 0.910112359375 0.09915611875 0.9719101125 0.15757870937500001 1 0.762306609375 1 0.8143459921874999 0.9831460671875 0.9092827 0.9269662921874999 1 0.8385333062500001 1 0 0 0
12 0.403125 0.9125 0.100390625 0.1189453125
12 0.053125 0.7625 0.0716796875 0.0595703125
12 0.31484375 0.621875 0.0421875 0.049609375
12 0.18125 0.50546875 0.165234375 0.1328125
12 0.125 0.365625 0.0845703125 0.0748046875
12 0.3078125 0.25625 0.09140625 0.07578125
12 0.51875 0.47421875 0.0310546875 0.0888671875
12 0.52578125 0.765625 0.1013671875 0.096875
12 0.43125 0.1953125 0.062109375 0.0529296875
12 0.45390625 0.14765625 0.054296875 0.038671875
12 0.390625 0.0890625 0.0341796875 0.0591796875
12 0.44140625 0.07578125 0.0390625 0.0763671875
12 0.85078125 0.06484375 0.0388671875 0.0705078125
12 0.91015625 0.09921875 0.059375 0.05625
12 0.9796875 0.15625 0.0404296875 0.059375
12 0.91953125 0.3140625 0.0548828125 0.0376953125
12 0.96796875 0.40546875 0.0484375 0.08125
12 0.78046875 0.38984375 0.0517578125 0.0546875
12 0.6875 0.35546875 0.0779296875 0.1046875
12 0.6625 0.228125 0.0529296875 0.075
12 0.71484375 0.465625 0.0546875 0.084375
12 0.63984375 0.51015625 0.0486328125 0.0517578125
12 0.6828125 0.71171875 0.066015625 0.1140625
12 0.79765625 0.5265625 0.084375 0.0341796875