15 0.5 0.5 1 1
13 0.0453125 0.05078125 0.090625 0.1013671875
13 0.10390625 0.928125 0.204296875 0.143359375
13 0.32109375 0.59375 0.1078125 0.1064453125
13 0.29765625 0.46796875 0.098828125 0.111328125
13 0.2328125 0.2203125 0.112890625 0.087890625
13 0.1609375 0.25234375 0.15 0.0732421875
13 0.2421875 0.1078125 0.0845703125 0.0970703125
13 0.040625 0.584375 0.0810546875 0.1373046875
13 0.16171875 0.4234375 0.103125 0.09375
13 0.1140625 0.8203125 0.228125 0.084375
13 0.7125 0.903125 0.284375 0.19375
13 0.60625 0.703125 0.137109375 0.146875
13 0.43515625 0.10546875 0.146875 0.116796875
13 0.72109375 0.34453125 0.1109375 0.1423828125
13 0.94921875 0.3703125 0.0828125 0.062890625
13 0.68828125 0.56640625 0.048828125 0.0546875
8 0.14140625 0.5359375 0.1171875 0.0935546875
8 0.37109375 0.74609375 0.1919921875 0.1888671875
8 0.315625 0.90078125 0.1875 0.1984375
8 0.58203125 0.56171875 0.11875 0.121875
8 0.46953125 0.43984375 0.1142578125 0.0703125
8 0.3875 0.2609375 0.1 0.0748046875
8 0.79609375 0.2375 0.075 0.05703125
8 0.82109375 0.3640625 0.13125 0.075
8 0.8671875 0.48984375 0.1310546875 0.1015625
8 0.91484375 0.60390625 0.1703125 0.1140625
8 0.74921875 0.6390625 0.1078125 0.1
8 0.9375 0.85859375 0.0873046875 0.0861328125
8 0.83671875 0.95625 0.0859375 0.0875
8 0.1375 0.34921875 0.0529296875 0.0546875
11 0.29453125 0.19765625 0.066796875 0.0484375
11 0.30546875 0.14375 0.053125 0.04375
11 0.33125 0.09296875 0.056640625 0.048046875
11 0.23515625 0.02421875 0.0546875 0.0484375
11 0.3828125 0.02109375 0.096875 0.0421875
11 0.515625 0.03203125 0.178125 0.0640625
11 0.6515625 0.059375 0.078515625 0.1185546875
11 0.74921875 0.1234375 0.1 0.066015625
11 0.72578125 0.02734375 0.05625 0.0546875
11 0.83828125 0.18515625 0.071875 0.076953125
11 0.77109375 0.1109375 0.08125 0.037890625
11 0.89375 0.10078125 0.166015625 0.192578125
11 0.74375 0.0171875 0.0935546875 0.034375
11 0.86640625 0.2171875 0.1142578125 0.047265625