15 0.5 0.5 1 1
13 0.0546875 0.06171875 0.10859375 0.10234375
13 0.12109375 0.92265625 0.19609375 0.1515625
13 0.33046875 0.590625 0.10390625 0.10390625
13 0.3078125 0.46953125 0.09609375 0.10859375
13 0.24453125 0.22890625 0.11015625 0.0859375
13 0.175 0.26015625 0.1453125 0.0703125
13 0.2546875 0.1203125 0.0828125 0.09453125
13 0.04921875 0.5828125 0.0984375 0.13359375
13 0.1765625 0.42578125 0.1 0.090625
13 0.1234375 0.8109375 0.23671875 0.08046875
13 0.7109375 0.89609375 0.275 0.196875
13 0.60625 0.69609375 0.13125 0.1421875
13 0.44140625 0.1171875 0.1421875 0.11328125
13 0.71796875 0.34921875 0.1078125 0.13828125
13 0.9390625 0.37421875 0.08046875 0.06171875
13 0.68671875 0.5640625 0.04765625 0.053125
8 0.15625 0.53515625 0.11328125 0.08984375
8 0.37890625 0.73828125 0.18515625 0.1828125
8 0.32578125 0.8921875 0.18203125 0.1953125
8 0.5828125 0.56015625 0.11484375 0.11796875
8 0.47421875 0.44140625 0.1109375 0.06796875
8 0.39453125 0.26796875 0.096875 0.071875
8 0.790625 0.24609375 0.07265625 0.05546875
8 0.81484375 0.36875 0.12734375 0.07265625
8 0.86015625 0.48984375 0.12578125 0.0984375
8 0.9125 0.603125 0.175 0.11015625
8 0.7453125 0.63515625 0.1046875 0.096875
8 0.928125 0.84765625 0.084375 0.084375
8 0.8328125 0.95078125 0.084375 0.09765625
8 0.153125 0.35390625 0.05078125 0.05234375
11 0.3046875 0.20703125 0.06484375 0.046875
11 0.315625 0.15546875 0.0515625 0.0421875
11 0.340625 0.10625 0.05546875 0.04609375
11 0.2484375 0.03203125 0.053125 0.06328125
11 0.39140625 0.0296875 0.0921875 0.0578125
11 0.51953125 0.0390625 0.1703125 0.078125
11 0.65078125 0.0734375 0.07734375 0.11484375
11 0.7453125 0.13515625 0.096875 0.06484375
11 0.7234375 0.03515625 0.05546875 0.06953125
11 0.83125 0.1953125 0.0703125 0.075
11 0.76640625 0.12265625 0.07890625 0.03671875
11 0.8859375 0.11328125 0.1609375 0.1875
11 0.740625 0.0265625 0.090625 0.0484375
11 0.85859375 0.22578125 0.1109375 0.046875