15 1 0.3125 0.970703125 0.314453125 0.927734375 0.28125 0.92578125 0.1640625 0.9140625 0.150390625 0.751953125 0.140625 0.62109375 0.173828125 0.548828125 0.2109375 0.5078125 0.21484375 0.46484375 0.240234375 0.36328125 0.330078125 0.328125 0.376953125 0.283203125 0.46484375 0.25390625 0.482421875 0.23828125 0.638671875 0.23828125 0.705078125 0.251953125 0.79296875 0.279296875 0.857421875 0.330078125 0.9453125 0.33984375 0.95703125 0.3671875 0.962890625 0.408203125 1 0.884765625 1 0.884765625 0.97265625 0.94140625 0.958984375 0.982421875 0.888671875 1 0.884765625 1 0.3125
2 0.73671875 0.7421875 0.11875 0.2140625
2 0.73125 0.34375 0.125 0.07578125
2 0.7078125 0.48671875 0.11328125 0.08046875
2 0.58671875 0.41640625 0.09609375 0.0859375
2 0.5953125 0.56796875 0.05625 0.05
2 0.9296875 0.403125 0.0875 0.1390625
0 0.4359375 0.66015625 0.2234375 0.27578125
0 0.69375 0.5625 0.09375 0.02734375
0 0.48828125 0.434375 0.0515625 0.07578125
0 0.61328125 0.3890625 0.0875 0.08203125
0 0.80859375 0.48359375 0.08359375 0.11640625
0 0.65703125 0.496875 0.16953125 0.05234375
0 0.77265625 0.8984375 0.1015625 0.0390625
0 0.93125 0.40390625 0.1375 0.12421875