15 1 0.12062136875 0.16361757187499998 0.12062136875 0.148837209375 0.1462027609375 0.1162790703125 0.22294695 0.1 0.3275981109375 0.1 0.4066678796875 0.1186046515625 0.5927143921875 0.153488371875 0.613644621875 0.20697674375 0.718295784375 0.24883720937499998 0.7741097390625 0.3697674421875 0.88108648125 0.4209302328125 0.9113190421875 0.4697674421875 0.9159702062499999 0.555813953125 0.96015625 0.71162790625 0.999691134375 0.9046511625000001 0.9880632265625 0.9186046515624999 0.9717841578125 0.9209302328125 0.8322492734375 0.9720930234375 0.7927143921875001 1 0.7945748578125 1 0.12062136875
2 0.69375 0.83671875 0.1408203125 0.2546875
2 0.68671875 0.3625 0.1484375 0.0904296875
2 0.659375 0.5328125 0.1345703125 0.0966796875
2 0.51484375 0.44921875 0.1142578125 0.1017578125
2 0.525 0.6296875 0.0658203125 0.059375
2 0.92265625 0.43359375 0.104296875 0.164453125
0 0.3359375 0.7390625 0.2658203125 0.328125
0 0.6421875 0.6234375 0.112109375 0.031640625
0 0.39765625 0.47109375 0.061328125 0.089453125
0 0.54609375 0.41640625 0.1046875 0.0982421875
0 0.77890625 0.52890625 0.0986328125 0.1388671875
0 0.5984375 0.5453125 0.202734375 0.0623046875
0 0.92109375 0.43359375 0.1578125 0.146875