15 0.8576343203125001 1 0.8622395828125 0.9958333328125001 0.89140625 0.9895833328125001 0.9018229171875 0.9770833328125 0.9559895828125 0.8833333328125 0.98515625 0.8145833328125001 0.9997395828125001 0.7208333328125 0.9997395828125001 0.65 0.9830729171874999 0.48333333281249996 0.9518229171874999 0.46458333281249997 0.90390625 0.3708333328125 0.86640625 0.32083333281250004 0.7580729171875 0.225 0.712239584375 0.1979166671875 0.668489584375 0.19375 0.59140625 0.1541666671875 0.4518229171875 0.11875 0.27890625 0.1291666671875 0.26640625 0.14375 0.2643229171875 0.26875 0.21848958281250003 0.30416666718749996 0.20807291718749998 0.3034722234375 0.20807291718749998 0.9202380953124999 0.24973958281250003 0.9916666671875 0.2842633921875 1 0.8576343203125001 1
2 0.740625 0.76015625 0.12578125 0.228125
2 0.734375 0.33515625 0.13203125 0.080078125
2 0.709375 0.4875 0.1216796875 0.087109375
2 0.5796875 0.4125 0.103125 0.091015625
2 0.5890625 0.57421875 0.059765625 0.053125
2 0.9453125 0.3984375 0.093359375 0.147265625
0 0.41953125 0.67265625 0.2388671875 0.29375
0 0.69453125 0.56953125 0.1 0.029296875
0 0.475 0.43203125 0.0560546875 0.0798828125
0 0.6078125 0.38359375 0.09375 0.0875
0 0.8171875 0.484375 0.090234375 0.1248046875
0 0.6546875 0.4984375 0.1810546875 0.0560546875
0 0.778125 0.92734375 0.1091796875 0.0421875
0 0.9359375 0.3984375 0.128125 0.13125