15 0.39691205625000003 0.0686590609375 0.325765809375 0.07130456406249999 0.18544960625 0.1215691140625 0.1340662046875 0.1718336640625 0.088611659375 0.2591352515625 0.06687253125 0.372891865625 0.072801384375 0.5792410718750001 0.0965167984375 0.6586061515625 0.16173418906249998 0.7644262562499999 0.2743824125 0.8649553578125 0.3692440703125 0.904637896875 0.437889078125 0.9140625 0.4592885421875 0.9140625 0.56489624375 0.904637896875 0.695331028125 0.8623098546874999 0.728927865625 0.8649553578125 0.8672677875 0.7511987437500001 0.910746046875 0.698288690625 0.94375 0.6177253515625 0.94375 0.609055896875 0.924580040625 0.3755373671875 0.9008646234375 0.31204530468749997 0.8811017796874999 0.28823578125 0.8811017796874999 0.2459077375 0.8731966390625001 0.22474371718750003 0.7980978249999999 0.1215691140625 0.7645009890625001 0.097759590625 0.7210227265625 0.1030505953125 0.5609436765625 0.0686590609375 0.39691205625000003 0.0686590609375
13 0.25390625 0.6515625 0.1 0.1126953125
13 0.33203125 0.44375 0.06875 0.062890625
13 0.1546875 0.31015625 0.10234375 0.101953125
13 0.2734375 0.17578125 0.0685546875 0.0580078125
13 0.3796875 0.11640625 0.0939453125 0.0673828125
13 0.83828125 0.33359375 0.0875 0.1015625
13 0.79765625 0.18828125 0.0734375 0.0859375
13 0.65234375 0.12578125 0.078125 0.0638671875
9 0.49296875 0.7375 0.186328125 0.121875
9 0.38046875 0.6203125 0.1921875 0.1064453125
9 0.74609375 0.63125 0.1107421875 0.15625
9 0.65390625 0.48203125 0.0705078125 0.1138671875
9 0.3796875 0.315625 0.0783203125 0.0748046875
9 0.65546875 0.20078125 0.1107421875 0.0732421875
9 0.1234375 0.371875 0.0248046875 0.0970703125
9 0.2375 0.23125 0.093359375 0.0408203125