15 0.13671875 0.1753926703125 0.091796875 0.2617801046875 0.0703125 0.37434555 0.076171875 0.57853403125 0.099609375 0.6570680624999999 0.1640625 0.7617801046875 0.275390625 0.86125654375 0.369140625 0.9005235609375 0.4453125 0.9109947640625 0.5625 0.9005235609375 0.69140625 0.85863874375 0.724609375 0.86125654375 0.861328125 0.7486911 0.904296875 0.696335078125 0.9375 0.6151832453125 0.91796875 0.3769633515625 0.89453125 0.314136125 0.875 0.29057591562499996 0.875 0.2486911 0.8671875 0.227748690625 0.79296875 0.12565445 0.759765625 0.10209424062500001 0.716796875 0.1073298421875 0.55859375 0.0732984296875 0.396484375 0.0732984296875 0.326171875 0.0759162296875 0.1875 0.12565445 0.13671875 0.1753926703125
13 0.2546875 0.65 0.0984375 0.1125
13 0.33203125 0.44453125 0.06796875 0.06328125
13 0.15703125 0.31171875 0.10078125 0.10078125
13 0.27421875 0.1796875 0.0671875 0.0578125
13 0.3796875 0.1203125 0.09296875 0.06796875
13 0.8328125 0.33515625 0.08671875 0.1
13 0.7921875 0.19140625 0.07265625 0.08515625
13 0.6484375 0.1296875 0.07734375 0.0625
9 0.49140625 0.734375 0.184375 0.1203125
9 0.3796875 0.61875 0.18984375 0.10625
9 0.74140625 0.6296875 0.10859375 0.1546875
9 0.65 0.48203125 0.0703125 0.11171875
9 0.37890625 0.3171875 0.078125 0.0734375
9 0.6515625 0.20390625 0.10859375 0.071875
9 0.12578125 0.3734375 0.0234375 0.096875
9 0.23828125 0.23359375 0.090625 0.040625