15 0.4345049109375 0 0.34850996875 0.011813446875 0.239912684375 0.057267992187500005 0.1109534078125 0.17241950781249998 0.036292775 0.2936316296875 0.009143453125000001 0.38454072031250003 0.0023561234375 0.62090435625 0.0272430015625 0.7512073874999999 0.07927920000000001 0.8512073859375 0.13810272968749998 0.90878314375 0.1964248375 0.9296875 0.8099796937500001 0.9296875 0.8394601953124999 0.90878314375 0.925433046875 0.790601325 0.9344828203125 0.7663589015625 0.9344828203125 0.717874053125 0.9571072546874999 0.690601325 0.9842565750000001 0.617874053125 0.9984375 0.4450300703125 0.9984375 0.32149384531249997 0.968419471875 0.24817708437500002 0.9186457156250001 0.1875710234375 0.760274675 0.057267992187500005 0.7218131359375 0.06029829531250001 0.5724918703124999 0.011813446875 0.44019196093749996 0 0.4345049109375 0
13 0.215625 0.628125 0.11328125 0.13046875
13 0.30546875 0.390625 0.0794921875 0.074609375
13 0.10234375 0.23671875 0.1169921875 0.1171875
13 0.23828125 0.08359375 0.0767578125 0.0671875
13 0.359375 0.02578125 0.108984375 0.0515625
13 0.88515625 0.2640625 0.1 0.1158203125
13 0.8390625 0.09765625 0.084375 0.0984375
13 0.67109375 0.03046875 0.0888671875 0.0609375
9 0.48984375 0.7265625 0.2140625 0.140234375
9 0.3609375 0.5921875 0.221484375 0.1220703125
9 0.7796875 0.6046875 0.125390625 0.178515625
9 0.67421875 0.43359375 0.08125 0.1296875
9 0.359375 0.24296875 0.0904296875 0.084375
9 0.67578125 0.1125 0.1263671875 0.081640625
9 0.06640625 0.3078125 0.0267578125 0.1123046875
9 0.196875 0.14609375 0.1060546875 0.046875