13 1 0.3025844703125 0.9525139671874999 0.27520351718749997 0.8966480453125 0.2226825109375 0.8659217874999999 0.21007746875 0.756983240625 0.199573265625 0.645251396875 0.199573265625 0.5707635 0.189069065625 0.544493215625 0.189069065625 0.3966480453125 0.2163799890625 0.3072625703125 0.2226825109375 0.167597765625 0.2899094015625 0.11731843593749999 0.323522846875 0.0474860328125 0.338228728125 0 0.3787049203125 0 0.8547833515625 0.0363128484375 0.8886488968749999 0.1396648046875 0.9285648625 0.189944134375 0.97898503125 0.279329609375 0.97898503125 0.36033519531249997 0.9978925953125 0.5083798875000001 0.9999934343750001 0.6815642453125 0.9978925953125 0.82122905 0.962178309375 0.9273743015625 0.9180606625 1 0.89845281875 1 0.3025844703125
0 0.41328125 0.4984375 0.1015625 0.122265625
0 0.7125 0.7390625 0.2 0.0908203125
0 0.7234375 0.43671875 0.0654296875 0.0830078125
2 0.2890625 0.63828125 0.296484375 0.146875
2 0.48203125 0.734375 0.3017578125 0.1935546875
2 0.5375 0.478125 0.1591796875 0.118359375
2 0.4140625 0.30859375 0.16640625 0.086328125
2 0.26875 0.41015625 0.24375 0.08125
2 0.6953125 0.28515625 0.158984375 0.0642578125
2 0.86484375 0.571875 0.2236328125 0.1123046875