13 1 0.25316349531250004 0.9941860468750001 0.24983016249999998 0.9360465109374999 0.1954823375 0.32267441875 0.1954823375 0.17732558125 0.2650475546875 0.125 0.2998301625 0.052325581249999996 0.3150475546875 0 0.35939538125000003 0 0.8468736421875 0.040697675 0.8846127718749999 0.1482558140625 0.9259171203125 0.20058139531250002 0.9780910328125 0.29360465156250004 0.9780910328125 0.3779069765625 0.99765625 0.53197674375 0.9998301625 0.7122093015625001 0.99765625 0.8575581390625 0.9606997265624999 0.9680232562500001 0.9150475546875001 1 0.9064633859375 1 0.25316349531250004
0 0.4328125 0.515625 0.10625 0.128125
0 0.74453125 0.76484375 0.2078125 0.0951171875
0 0.75546875 0.4515625 0.0671875 0.0873046875
2 0.30390625 0.66015625 0.3078125 0.1517578125
2 0.50390625 0.76015625 0.3142578125 0.1986328125
2 0.56171875 0.49453125 0.165625 0.120703125
2 0.43359375 0.31953125 0.1734375 0.0892578125
2 0.2828125 0.42421875 0.253125 0.083203125
2 0.7265625 0.29453125 0.165234375 0.0671875
2 0.8921875 0.58984375 0.2154296875 0.1142578125