15 0.46728368124999997 0 0.3887017015625 0.028142909375000004 0.3340632203125 0.028142909375000004 0.1692517359375 0.0505374609375 0.1253617984375 0.0496417625 0.08415889374999999 0.0756193890625 0 0.09258820625 0 1 1 1 1 0 0.46728368124999997 0
13 0.44765625 0.18125 0.1578125 0.15
13 0.16328125 0.17734375 0.142578125 0.19375
13 0.03828125 0.090625 0.0765625 0.1001953125
13 0.33984375 0.05546875 0.09375 0.0796875
13 0.4796875 0.03125 0.128515625 0.0625
13 0.628125 0.1546875 0.177734375 0.059765625
13 0.7453125 0.09453125 0.121484375 0.08125
13 0.815625 0.01640625 0.1720703125 0.03125
13 0.528125 0.4234375 0.209375 0.1498046875
13 0.7171875 0.4265625 0.15 0.15625
13 0.575 0.27109375 0.119140625 0.1361328125
13 0.734375 0.26875 0.125390625 0.221875
13 0.90390625 0.3234375 0.1919921875 0.277734375
13 0.81796875 0.54765625 0.203125 0.14375
13 0.575 0.6265625 0.2466796875 0.084375
13 0.5875 0.73203125 0.23828125 0.1421875