15 0 0 0 1 1 1 1 0.035213215625 0.9684982671875 0.028861575 0.92483023125 0.00132973125 0.8783144 0.00227901875 0.86154208125 0 0 0
13 0.4171875 0.18359375 0.16640625 0.158203125
13 0.11484375 0.1796875 0.1515625 0.2060546875
13 0.01171875 0.0875 0.0234375 0.1064453125
13 0.30234375 0.05 0.1 0.084375
13 0.45078125 0.02890625 0.1361328125 0.0578125
13 0.6078125 0.15546875 0.1876953125 0.0640625
13 0.73203125 0.09140625 0.128125 0.086328125
13 0.8046875 0.0125 0.184375 0.025
13 0.50234375 0.440625 0.221875 0.15703125
13 0.70234375 0.44375 0.159375 0.165625
13 0.5515625 0.27890625 0.1279296875 0.1453125
13 0.7203125 0.2765625 0.1341796875 0.2345703125
13 0.89921875 0.334375 0.201171875 0.293359375
13 0.809375 0.571875 0.215625 0.1529296875
13 0.5515625 0.65546875 0.259765625 0.0892578125
13 0.565625 0.7671875 0.253125 0.15