15 0 0 0.0032281937500000003 0.8777052421875 0.11082580312500001 0.8993999671875 0.1507411171875 0.9245657921875001 0.19325949375 0.923698084375 0.35292061874999997 0.9453928062499999 0.4058516484375 0.9453928062499999 0.5342746890625001 0.9913855140625 0.591544465625 1 1 1 0.998506665625 0 0 0
13 0.46328125 0.1796875 0.153125 0.1453125
13 0.1875 0.17578125 0.1390625 0.1875
13 0.05234375 0.09296875 0.1046875 0.09765625
13 0.35859375 0.05703125 0.09140625 0.07734375
13 0.49453125 0.0328125 0.12421875 0.065625
13 0.6375 0.15390625 0.171875 0.05859375
13 0.7515625 0.0953125 0.1171875 0.07890625
13 0.81953125 0.0203125 0.1671875 0.03046875
13 0.54140625 0.4140625 0.203125 0.14453125
13 0.72421875 0.4171875 0.1453125 0.1515625
13 0.5859375 0.26640625 0.11640625 0.1328125
13 0.740625 0.2640625 0.121875 0.21484375
13 0.90703125 0.31796875 0.1859375 0.26640625
13 0.821875 0.534375 0.196875 0.13984375
13 0.5859375 0.6109375 0.23828125 0.08203125
13 0.5984375 0.71328125 0.23125 0.1375