13 1 0.29296875 0.8984375 0.265625 0.7994791671875 0.224609375 0.6692708328125 0.19140625 0.5078125 0.189453125 0.3697916671875 0.19140625 0.2942708328125 0.208984375 0.2109375 0.208984375 0.1640625 0.255859375 0.06770833281250001 0.29296875 0.0026041671875 0.353515625 0 0.552734375 0.010416667187500001 0.572265625 0 0.576171875 0 0.73828125 0.078125 0.8046875 0.1432291671875 0.818359375 0.1901041671875 0.849609375 0.3203125 0.912109375 0.4036458328125 0.91796875 0.5520833328125 0.9453125 0.6354166671875 0.93359375 0.7395833328125 0.93359375 0.8411458328125001 0.923828125 0.8697916671874999 0.912109375 0.921875 0.86328125 1 0.818359375 1 0.29296875
0 0.41875 0.4765625 0.09453125 0.11484375
0 0.6984375 0.70078125 0.1859375 0.08515625
0 0.70859375 0.41953125 0.06015625 0.078125
2 0.303125 0.60703125 0.27578125 0.13671875
2 0.4828125 0.696875 0.28203125 0.17890625
2 0.534375 0.45859375 0.1484375 0.10859375
2 0.41953125 0.30078125 0.15546875 0.08046875
2 0.284375 0.39453125 0.2265625 0.075
2 0.68203125 0.27890625 0.14765625 0.06015625
2 0.83984375 0.5453125 0.20859375 0.10390625