15 0.23046875 0.544921875 0.224609375 0.58984375 0.228515625 0.693359375 0.25390625 0.748046875 0.291015625 0.8046875 0.333984375 0.84765625 0.380859375 0.875 0.41015625 0.8828125 0.55859375 0.87109375 0.64453125 0.83203125 0.69921875 0.7734375 0.697265625 0.7421875 0.71875 0.70703125 0.740234375 0.634765625 0.740234375 0.560546875 0.72265625 0.509765625 0.689453125 0.453125 0.640625 0.404296875 0.546875 0.36328125 0.447265625 0.36328125 0.361328125 0.392578125 0.265625 0.466796875 0.23046875 0.544921875
9 0.32109375 0.47890625 0.03125 0.028125
9 0.59375 0.7296875 0.06484375 0.04140625
9 0.371875 0.56796875 0.034375 0.0328125
9 0.69453125 0.59765625 0.06328125 0.025
9 0.2890625 0.55390625 0.01953125 0.053125
16 0.32421875 0.5375 0.01875 0.0328125
16 0.4671875 0.6515625 0.02578125 0.01875
16 0.52578125 0.5171875 0.01875 0.053125
16 0.625 0.56796875 0.0140625 0.01875
16 0.60703125 0.69453125 0.01953125 0.015625
16 0.5828125 0.403125 0.01328125 0.0140625