15 0.1199506765625 0.6147465421875 0.1452963 0.7 0.170641921875 0.7414746531249999 0.168337775 0.7783410125 0.232853903125 0.8474654375 0.3342363921875 0.8935483874999999 0.4753318203125 0.9046875 0.519423240625 0.9046875 0.5439138109375 0.89815668125 0.59921335 0.8658986171875 0.64990459375 0.8152073734374999 0.6936833953125 0.7483870968749999 0.7236373125 0.6838709671875 0.725 0.6477597515625 0.725 0.5368681640624999 0.7213331640625 0.5087557609375 0.6798585109374999 0.41658986093749995 0.5669552859375 0.32903225625 0.465572796875 0.2944700453125 0.3480612765625 0.2944700453125 0.2374621984375 0.342857140625 0.1798585109375 0.40046082812500006 0.1406880046875 0.46728110625 0.1199506765625 0.527188940625 0.1199506765625 0.6147465421875
9 0.2328125 0.43203125 0.0375 0.0328125
9 0.55546875 0.72734375 0.0765625 0.0486328125
9 0.29375 0.5359375 0.040625 0.040234375
9 0.6734375 0.57109375 0.075 0.0296875
9 0.19609375 0.51953125 0.0234375 0.063671875
16 0.2375 0.50078125 0.021875 0.0388671875
16 0.40625 0.63515625 0.0310546875 0.0232421875
16 0.475 0.4765625 0.021875 0.0625
16 0.5921875 0.53671875 0.016015625 0.0232421875
16 0.57109375 0.68515625 0.023046875 0.017578125
16 0.5421875 0.34140625 0.015625 0.0169921875