15 0.1515625 0.65232194375 0.175274121875 0.7320792203125001 0.1993969296875 0.7715529046875 0.197203946875 0.8066406234375 0.25860745625 0.8724300968750001 0.35509868437500003 0.916289746875 0.48522023281250004 0.9265625 0.5325846296875001 0.9265625 0.5546600875000001 0.9206757124999999 0.6072916671875 0.8899739562500001 0.6555372796875 0.8417283421875 0.697203946875 0.7781318515625 0.72571271875 0.7167283421875 0.7296875 0.6113966578125 0.7296875 0.5973478609375 0.7235197359375001 0.5500616765624999 0.684046053125 0.46234237812499995 0.5765899125 0.3790090453125 0.480098684375 0.3461143078125 0.368256578125 0.3461143078125 0.2629934203125 0.3921669390625 0.20816885937500001 0.44699150000000004 0.1708881578125 0.5105879921875001 0.1515625 0.5664176703125 0.1515625 0.65232194375
9 0.259375 0.4765625 0.0345703125 0.03125
9 0.565625 0.7578125 0.074609375 0.046875
9 0.3171875 0.57578125 0.0376953125 0.0361328125
9 0.67890625 0.609375 0.0705078125 0.028125
9 0.2234375 0.56015625 0.021875 0.060546875
16 0.26328125 0.5421875 0.0203125 0.0373046875
16 0.42421875 0.6703125 0.0294921875 0.0216796875
16 0.48984375 0.51875 0.0205078125 0.059375
16 0.60078125 0.5765625 0.015625 0.0216796875
16 0.58125 0.71796875 0.021875 0.0171875
16 0.553125 0.390625 0.015234375 0.015625