15 0.1118421046875 0 0 0.0482954546875 0 0.9914772734374999 0.0113636359375 1 1 1 1 0.12153409062500001 0.9795454546875 0.0954545453125 0.9522727265625001 0.075 0.890909090625 0.0704545453125 0.8295454546875 0.0522727265625 0.73246753125 0 0.1118421046875 0
0 0.078125 0.37265625 0.13203125 0.271875
0 0.2875 0.38671875 0.068359375 0.128125
0 0.24296875 0.1796875 0.1107421875 0.183984375
0 0.5984375 0.16015625 0.1939453125 0.1205078125
0 0.6140625 0.27734375 0.1470703125 0.0984375
0 0.5453125 0.6390625 0.234765625 0.1810546875
0 0.52734375 0.83984375 0.1138671875 0.075
0 0.853125 0.765625 0.134375 0.1376953125
0 0.95234375 0.496875 0.0953125 0.2970703125
0 0.71171875 0.47578125 0.240625 0.1265625
0 0.81484375 0.57578125 0.104296875 0.048046875