15 0.171875 0 0 0.07421875 0 0.4921875 0.005859375 0.505859375 0 0.51171875 0 0.859375 0.046875 0.89453125 0.1015625 0.953125 0.203125 1 0.91015625 1 1 0.943359375 1 0.2265625 0.984375 0.23046875 0.94140625 0.205078125 0.86328125 0.10546875 0.83984375 0.087890625 0.787109375 0.083984375 0.734375 0.068359375 0.607421875 0 0.171875 0
0 0.0890625 0.34375 0.1140625 0.23359375
0 0.26875 0.35546875 0.05859375 0.11015625
0 0.2296875 0.178125 0.09453125 0.15703125
0 0.5359375 0.1609375 0.1671875 0.10390625
0 0.54921875 0.26171875 0.1265625 0.084375
0 0.48984375 0.57265625 0.20234375 0.15546875
0 0.475 0.7453125 0.09765625 0.06484375
0 0.7546875 0.68125 0.115625 0.11875
0 0.89921875 0.45 0.2015625 0.25625
0 0.9640625 0.26015625 0.065625 0.03203125
0 0.6328125 0.43203125 0.20625 0.10859375
0 0.721875 0.51796875 0.0890625 0.040625