15 0.07065527187500001 0 0.0128205125 0.061965812499999995 0 0.071581196875 0 0.9760101000000001 0.055555556250000006 1 0.7014652015625 1 0.764957265625 0.9658119656249999 0.822649571875 0.9487179484375 0.8803418796875 0.9444444437499999 0.90598290625 0.925213675 0.9914529921874999 0.816239315625 1 0.8111888125 1 0 0.07065527187500001 0
0 0.06015625 0.334375 0.119921875 0.253515625
0 0.25546875 0.3484375 0.0640625 0.121484375
0 0.21328125 0.15390625 0.104296875 0.171875
0 0.54765625 0.13515625 0.1830078125 0.1140625
0 0.5625 0.24609375 0.1376953125 0.0921875
0 0.49765625 0.5859375 0.221875 0.169140625
0 0.48046875 0.77421875 0.1076171875 0.0703125
0 0.7875 0.7046875 0.125390625 0.128515625
0 0.9171875 0.45078125 0.165625 0.2796875
0 0.9890625 0.24375 0.021484375 0.034375
0 0.65390625 0.43203125 0.2263671875 0.11875
0 0.7515625 0.5265625 0.0970703125 0.0439453125