15 0.123046875 0 0.119140625 0.013671875 0.1015625 0.025390625 0.05859375 0.03125 0.015625 0.056640625 0 0.056640625 0 0.44140625 0.0078125 0.4765625 0 0.486328125 0 0.71484375 0.01171875 0.7265625 0.224609375 0.84375 0.263671875 0.880859375 0.322265625 0.8828125 0.427734375 0.91015625 0.65625 0.919921875 0.6953125 0.916015625 0.73046875 0.90234375 0.8359375 0.904296875 0.919921875 0.876953125 1 0.861328125 1 0.005859375 0.984375 0 0.53515625 0 0.53515625 0.013671875 0.51953125 0.029296875 0.43359375 0.03125 0.404296875 0.01953125 0.37890625 0.021484375 0.357421875 0 0.337890625 0 0.328125 0.013671875 0.2890625 0.02734375 0.2578125 0 0.123046875 0
13 0.7015625 0.63671875 0.2078125 0.203125
13 0.07734375 0.23203125 0.1375 0.05859375
13 0.053125 0.11484375 0.07109375 0.109375
13 0.1109375 0.053125 0.078125 0.03671875
13 0.42109375 0.14375 0.1 0.08203125
13 0.746875 0.1984375 0.10859375 0.109375
7 0.5921875 0.69765625 0.26171875 0.1859375
7 0.13515625 0.378125 0.17421875 0.121875
7 0.31015625 0.53203125 0.15859375 0.1953125
7 0.7375 0.4515625 0.140625 0.12265625
7 0.95625 0.08046875 0.07578125 0.0828125
7 0.5265625 0.0953125 0.04921875 0.028125
12 0.15703125 0.5375 0.24296875 0.21015625
12 0.32578125 0.5671875 0.1171875 0.0875
12 0.45078125 0.69765625 0.24609375 0.2546875
12 0.47890625 0.53515625 0.09296875 0.09296875
12 0.76796875 0.4671875 0.46328125 0.21796875
12 0.43828125 0.375 0.19375 0.23671875
12 0.15859375 0.14140625 0.16015625 0.13828125
12 0.2609375 0.11640625 0.13125 0.1359375
12 0.31953125 0.27734375 0.2046875 0.140625
12 0.3640625 0.10234375 0.07578125 0.134375
12 0.89609375 0.1640625 0.1375 0.10234375
12 0.80625 0.31953125 0.15859375 0.12109375
12 0.65 0.28125 0.15 0.11484375
12 0.4671875 0.0703125 0.121875 0.0578125
12 0.53828125 0.13359375 0.08125 0.0375
12 0.58671875 0.09375 0.0953125 0.1390625
12 0.69375 0.15078125 0.12734375 0.1328125
12 0.509375 0.246875 0.11875 0.12734375