15 1 0.0597560984375 0.95 0.05 0.8522727265625001 0.018181818750000002 0.7295454546875 0.0204545453125 0.6886363640625001 0.0045454546875000005 0.64318181875 0 0.3772727265625 0.0113636359375 0.2545454546875 0.04318181875 0.1863636359375 0.0454545453125 0.140909090625 0.0886363640625 0 0.166201 0 0.925 1 0.925 1 0.0597560984375
13 0.69609375 0.5953125 0.2421875 0.237109375
13 0.02421875 0.12265625 0.0482421875 0.0673828125
13 0.36953125 0.034375 0.115625 0.0685546875
13 0.74921875 0.08515625 0.1265625 0.1267578125
7 0.56875 0.66640625 0.305859375 0.2169921875
7 0.06953125 0.29453125 0.138671875 0.142578125
7 0.23984375 0.4734375 0.1857421875 0.2279296875
7 0.7375 0.3796875 0.16328125 0.143359375
12 0.10078125 0.47890625 0.2015625 0.2453125
12 0.25859375 0.51484375 0.1359375 0.1017578125
12 0.4046875 0.66640625 0.287109375 0.295703125
12 0.43671875 0.47734375 0.1080078125 0.1080078125
12 0.75078125 0.39765625 0.498046875 0.2546875
12 0.3890625 0.290625 0.2251953125 0.2751953125
12 0.078125 0.0484375 0.15625 0.096875
12 0.1828125 0.034375 0.1529296875 0.0685546875
12 0.2515625 0.17734375 0.2376953125 0.1640625
12 0.30078125 0.025 0.088671875 0.05
12 0.9203125 0.05234375 0.159375 0.1046875
12 0.81796875 0.2265625 0.184375 0.1408203125
12 0.6359375 0.18203125 0.1748046875 0.1330078125
12 0.50390625 0.015625 0.0953125 0.03125
12 0.56015625 0.021875 0.1111328125 0.0435546875
12 0.684375 0.053125 0.146875 0.10625
12 0.47265625 0.1421875 0.1388671875 0.147265625