15 1 0.0593761484375 0.9236947796875 0.044487325 0.8373493968749999 0.016374875 0.7289156625000001 0.01838290625 0.692771084375 0.0043266812500000005 0.6526104421875 0.0003106171875 0.41767068281249997 0.010350778125 0.3092369484375 0.038463228125 0.24899598437499998 0.040471259375 0.208835340625 0.0786238703125 0 0.19357910312499998 0 0.8914205109375001 0.0381526109375 0.9139652359375001 0.0823293171875 0.9199893328125001 0.0921890671875 0.9265625 0.2652933140625 0.9265625 0.2751004015625 0.9179812999999999 0.2996181140625 0.9265625 0.3649127765625 0.9265625 0.3674698796875 0.924005396875 0.393574296875 0.926013428125 0.42369477968749997 0.9139652359375001 0.5120481921875 0.91597326875 0.522637425 0.9265625 1 0.9265625 1 0.0593761484375
13 0.69921875 0.63671875 0.2140625 0.209375
13 0.06328125 0.21875 0.1265625 0.059765625
13 0.034375 0.0984375 0.0685546875 0.1125
13 0.0921875 0.03671875 0.078515625 0.0375
13 0.4109375 0.1296875 0.103125 0.084375
13 0.74609375 0.1859375 0.111328125 0.1125
7 0.58671875 0.69921875 0.26875 0.191796875
7 0.1171875 0.37109375 0.178515625 0.1263671875
7 0.296875 0.52890625 0.1626953125 0.2013671875
7 0.7359375 0.44609375 0.1439453125 0.1263671875
7 0.9609375 0.0640625 0.078125 0.084375
7 0.51953125 0.0796875 0.0513671875 0.0283203125
12 0.1390625 0.534375 0.25 0.2158203125
12 0.3125 0.565625 0.119140625 0.090625
12 0.44140625 0.69921875 0.253125 0.261328125
12 0.4703125 0.53203125 0.0966796875 0.0953125
12 0.7640625 0.46171875 0.471875 0.225
12 0.428125 0.3671875 0.1998046875 0.24375
12 0.140625 0.12734375 0.162890625 0.1421875
12 0.246875 0.1015625 0.1345703125 0.1404296875
12 0.30703125 0.2671875 0.2109375 0.1439453125
12 0.35234375 0.0875 0.078125 0.1376953125
12 0.89921875 0.15078125 0.141796875 0.1046875
12 0.80703125 0.31015625 0.1625 0.125
12 0.646875 0.27109375 0.1533203125 0.1173828125
12 0.45859375 0.0546875 0.125 0.059375
12 0.53125 0.11953125 0.0841796875 0.0388671875
12 0.58046875 0.078125 0.0984375 0.1435546875
12 0.690625 0.1375 0.13125 0.137109375
12 0.5015625 0.2359375 0.121875 0.13125