15 1 0.3547896359375 0.6041666671875 0.1998697921875 0.5833333328125 0.1998697921875 0.55625 0.21653645937500002 0.4625 0.183203125 0.2770833328125 0.191536459375 0.11875 0.2498697921875 0 0.27625868124999997 0 0.419314234375 0.0229166671875 0.494314234375 0.058333332812500006 0.685980903125 0.060416667187499995 0.7554253484375 0.0916666671875 0.8304253484374999 0.1 0.9054253484375 0.12712854375 0.9984375 0.4282158328125 0.9984375 0.6958333328124999 0.8415364578125001 0.8479166671874999 0.741536459375 0.9625 0.6498697921875001 1 0.6303575984374999 1 0.3547896359375
19 0.57421875 0.3734375 0.1234375 0.2373046875
19 0.821875 0.31484375 0.08203125 0.1453125
19 0.78125 0.9 0.1591796875 0.2
19 0.85 0.59921875 0.062109375 0.16875
0 0.6203125 0.3515625 0.11875 0.191015625
0 0.703125 0.66953125 0.1283203125 0.190625
0 0.86796875 0.74140625 0.1169921875 0.1013671875
0 0.7484375 0.45 0.140625 0.1625
0 0.8078125 0.5890625 0.06484375 0.175390625
0 0.884375 0.5109375 0.143359375 0.058984375
0 0.9265625 0.371875 0.1126953125 0.1783203125
0 0.76015625 0.27578125 0.095703125 0.019921875