15 1 0.21233708125 0.6651583703124999 0.08148531718749999 0.6425339359375 0.08148531718749999 0.613122171875 0.09955760625 0.5113122171875 0.063413028125 0.30995475156249996 0.072449171875 0.13800905000000002 0.13570218437499998 0 0.166324675 0 0.30605024531249997 0.0090497734375 0.3194371234375 0.033936651562499996 0.40076242500000003 0.072398190625 0.60859375 0.0746606328125 0.6838949546875 0.108597284375 0.76522025625 0.117647059375 0.8465455578125001 0.16201569531249999 0.9984375 0.373305996875 0.9984375 0.44570135781250003 0.9640154375 0.7647058828125 0.77726845 0.929864253125 0.6688347140625 1 0.61281061875 1 0.21233708125
19 0.52890625 0.26953125 0.134375 0.2576171875
19 0.79765625 0.20546875 0.0892578125 0.1578125
19 0.753125 0.865625 0.171875 0.2685546875
19 0.828125 0.5140625 0.0658203125 0.183984375
0 0.57890625 0.24609375 0.129296875 0.2078125
0 0.66796875 0.590625 0.140625 0.20625
0 0.84765625 0.66796875 0.1265625 0.109375
0 0.71796875 0.35234375 0.153125 0.1763671875
0 0.78203125 0.503125 0.0701171875 0.190625
0 0.865625 0.41875 0.155859375 0.0626953125
0 0.91171875 0.26796875 0.1234375 0.19375
0 0.73046875 0.16328125 0.1046875 0.0205078125