15 1 0.2734375 0.87109375 0.24479166718749998 0.72265625 0.1901041671875 0.548828125 0.1822916671875 0.4609375 0.21354166718749998 0.435546875 0.1979166671875 0.416015625 0.1979166671875 0.0234375 0.3515625 0 0.375 0 0.578125 0.080078125 0.6197916671875 0.1875 0.7057291671875 0.330078125 0.7994791671875 0.60546875 0.9609375 0.6875 1 0.84765625 1 0.888671875 0.859375 0.896484375 0.7890625 0.92578125 0.71875 0.927734375 0.6536458328125 0.9609375 0.4739583328125 0.982421875 0.4036458328125 1 0.3776041671875 1 0.2734375
19 0.58359375 0.36015625 0.11640625 0.221875
19 0.815625 0.30546875 0.07734375 0.13671875
19 0.77890625 0.88125 0.1484375 0.2375
19 0.84140625 0.57265625 0.0578125 0.1578125
0 0.6265625 0.33984375 0.1109375 0.1796875
0 0.70390625 0.63828125 0.12109375 0.17890625
0 0.85859375 0.70546875 0.109375 0.09453125
0 0.746875 0.43203125 0.13203125 0.15234375
0 0.80234375 0.5625 0.06015625 0.16484375
0 0.87421875 0.48984375 0.13359375 0.0546875
0 0.9140625 0.359375 0.10625 0.16796875
0 0.7578125 0.26875 0.090625 0.01875