15 0 0 0 0.474609375 0.005859375 0.498046875 0 0.50390625 0 0.998046875 0.486328125 1 0.5078125 0.994140625 0.525390625 1 1 1 0.998046875 0.16015625 0.76171875 0.05859375 0.583984375 0.005859375 0.53515625 0 0 0
19 0.07265625 0.115625 0.1453125 0.16875
19 0.18203125 0.0828125 0.1453125 0.13984375
19 0.25703125 0.4921875 0.2203125 0.184375
19 0.65 0.8515625 0.296875 0.2859375
19 0.725 0.33984375 0.190625 0.1984375
19 0.86328125 0.2921875 0.128125 0.1015625
19 0.8140625 0.16484375 0.1296875 0.0828125
17 0.07265625 0.4484375 0.1390625 0.2625
17 0.471875 0.25 0.12890625 0.1953125
17 0.90703125 0.44453125 0.1859375 0.07421875
17 0.43203125 0.0609375 0.0828125 0.078125
2 0.8984375 0.7328125 0.1953125 0.4703125
2 0.5828125 0.6 0.4234375 0.2046875
2 0.23125 0.30390625 0.23671875 0.14296875
2 0.38125 0.0890625 0.26640625 0.153125
2 0.621875 0.12421875 0.24453125 0.225
2 0.49296875 0.40546875 0.2609375 0.13359375