15 0 0 0 1 1 1 1 0.11496322656249999 0.7591743125 0.011467890625000001 0.720523275 0 0 0
19 0.08125 0.0609375 0.1625 0.121875
19 0.16640625 0.5203125 0.2580078125 0.216015625
19 0.6265625 0.8859375 0.35 0.228125
19 0.71640625 0.34140625 0.2236328125 0.2328125
19 0.878125 0.2859375 0.1501953125 0.1189453125
19 0.8203125 0.13671875 0.1529296875 0.0982421875
17 0.41875 0.2359375 0.150390625 0.228515625
17 0.909375 0.46328125 0.18125 0.0875
17 0.3703125 0.0296875 0.097265625 0.059375
2 0.90234375 0.7625 0.1953125 0.475
2 0.54921875 0.646875 0.496875 0.240625
2 0.1375 0.29921875 0.275 0.1671875
2 0.31171875 0.06796875 0.3111328125 0.1357421875
2 0.59375 0.11015625 0.287890625 0.2203125
2 0.44375 0.41875 0.30625 0.1564453125