15 0.3546485265625 0 0.21020408124999998 0.0428571421875 0 0.13319278125 0 1 1 1 1 0.502040815625 1 0 0.3546485265625 0
19 0.07265625 0.10234375 0.1451171875 0.1763671875
19 0.1828125 0.0703125 0.153125 0.140625
19 0.2625 0.4953125 0.230859375 0.1935546875
19 0.67265625 0.86015625 0.3125 0.2796875
19 0.7515625 0.33671875 0.1998046875 0.2076171875
19 0.8953125 0.2875 0.1341796875 0.10625
19 0.84453125 0.15390625 0.1357421875 0.0861328125
17 0.0703125 0.44921875 0.140625 0.2734375
17 0.48671875 0.24296875 0.134375 0.2044921875
17 0.92109375 0.44453125 0.1576171875 0.0767578125
17 0.4453125 0.0453125 0.087109375 0.081640625
2 0.91484375 0.74609375 0.1703125 0.4921875
2 0.603125 0.60859375 0.443359375 0.2140625
2 0.2359375 0.29921875 0.246875 0.148828125
2 0.3921875 0.0765625 0.2779296875 0.153125
2 0.6421875 0.1140625 0.25625 0.228125
2 0.509375 0.40546875 0.2720703125 0.1392578125