15 0.590513834375 0 0.5098814234375 0.0079051390625 0.44071146250000004 0.00395256875 0.40513834062500004 0.0256917 0.3636363640625 0.0217391296875 0.3418972328125 0.0079051390625 0.2964426875 0.0118577078125 0.27667984218749997 0.0217391296875 0.1877470359375 0.035573121875 0.08102766875 0.086956521875 0 0.162459575 0 0.48270750937500007 0.001976284375 0.4841897234375 0 0.493577075 0 1 0.5502540921875 1 0.5750988140625 0.9960474312500001 0.5849802375 0.9743083 0.5750988140625 0.8537549406249999 0.594861659375 0.8122529640625 0.5731225296875 0.7707509875 0.565217390625 0.6363636359375 0.5790513828125 0.616600790625 0.6324110671875001 0.594861659375 0.646245059375 0.5711462453125 0.6106719375 0.52964426875 0.586956521875 0.5138339921874999 0.5671936765625001 0.48023715468750006 0.5671936765625001 0.46640316249999997 0.586956521875 0.45652173906250004 0.6956521734375001 0.46245059218750006 0.849802371875 0.4486166015625 1 0.4505178359375 1 0.0615118578125 0.9584980234374999 0.0494071140625 0.94466403125 0.0118577078125 0.9192546578125 0 0.7781620546875 0 0.7707509875 0.0059288531249999995 0.735177865625 0 0.590513834375 0
13 0.0265625 0.2875 0.053125 0.0779296875
13 0.08125 0.384375 0.121484375 0.084375
13 0.20546875 0.31484375 0.10625 0.0703125
13 0.26875 0.1921875 0.1033203125 0.0564453125
13 0.37421875 0.29296875 0.1046875 0.0875
13 0.05234375 0.14140625 0.1046875 0.0734375
13 0.29765625 0.1046875 0.0890625 0.065234375
13 0.45234375 0.1203125 0.071875 0.06640625
13 0.42109375 0.19765625 0.071875 0.06875
13 0.4125 0.4 0.090234375 0.074609375
13 0.54375 0.22421875 0.09375 0.06875
13 0.58515625 0.0890625 0.0921875 0.0716796875
13 0.74375 0.1390625 0.0810546875 0.0310546875
13 0.85625 0.19921875 0.084765625 0.0671875
13 0.5125 0.33671875 0.078125 0.0703125
13 0.5828125 0.365625 0.034765625 0.034375
13 0.59765625 0.4765625 0.0767578125 0.0466796875
13 0.684375 0.42890625 0.1095703125 0.0921875
13 0.63046875 0.2578125 0.028125 0.0689453125
13 0.7890625 0.3671875 0.099609375 0.078515625
13 0.9296875 0.35703125 0.078125 0.075
13 0.775 0.57890625 0.1125 0.0984375
13 0.94375 0.52109375 0.099609375 0.084375
13 0.59140625 0.6578125 0.0794921875 0.116015625
13 0.8953125 0.69453125 0.115625 0.1013671875
13 0.68515625 0.8125 0.1515625 0.0970703125
13 0.5203125 0.909375 0.13359375 0.140234375
9 0.51796875 0.4828125 0.0671875 0.0654296875
9 0.63828125 0.3671875 0.1234375 0.10625
9 0.69609375 0.2546875 0.085546875 0.084375
9 0.728125 0.17421875 0.075 0.0423828125
9 0.78828125 0.25234375 0.0455078125 0.0513671875
9 0.87421875 0.28125 0.085546875 0.09296875
9 0.809375 0.478125 0.0935546875 0.0408203125
9 0.92578125 0.42578125 0.066796875 0.0453125
9 0.97421875 0.6828125 0.0515625 0.069140625
9 0.86015625 0.75703125 0.0828125 0.098828125
9 0.78203125 0.68828125 0.06875 0.0734375
9 0.65625 0.66875 0.0501953125 0.109375
9 0.5984375 0.575 0.1001953125 0.0408203125
9 0.640625 0.74296875 0.1029296875 0.0392578125
9 0.6203125 0.92890625 0.071484375 0.0482421875