15 0 0 0 0.90593434375 0.061965812499999995 0.9636752140624999 0.1374095984375 1 1 1 1 0.5712971984374999 0.89316239375 0.572649571875 0.7264957265625 0.5576923078125 0.608974359375 0.5641025640625 0.5876068375 0.553418803125 0.5876068375 0.5384615390625 0.608974359375 0.5021367515625 0.634615384375 0.485042734375 0.6730769234375 0.440170940625 0.6581196578124999 0.4145299140625 0.60042735 0.391025640625 0.5854700859374999 0.3696581203125 0.59401709375 0.224358975 0.6175213671875001 0.1794871796875 0.596153846875 0.134615384375 0.6068376062499999 0.0042735046875000005 0.6048951046875 0 0 0
13 0.0484375 0.35703125 0.0966796875 0.0892578125
13 0.1671875 0.2828125 0.1154296875 0.0751953125
13 0.234375 0.15 0.1125 0.062109375
13 0.34921875 0.25859375 0.1138671875 0.0951171875
13 0.02890625 0.0953125 0.0578125 0.0783203125
13 0.26640625 0.05546875 0.0955078125 0.0701171875
13 0.43359375 0.071875 0.078125 0.0720703125
13 0.4 0.15625 0.078125 0.074609375
13 0.390625 0.375 0.096875 0.0810546875
13 0.5328125 0.184375 0.1001953125 0.0748046875
13 0.5765625 0.03828125 0.1 0.0765625
13 0.7484375 0.0921875 0.0873046875 0.033984375
13 0.8703125 0.1578125 0.091015625 0.0720703125
13 0.4984375 0.30625 0.084375 0.0751953125
13 0.57421875 0.3375 0.0390625 0.0373046875
13 0.590625 0.45703125 0.084375 0.0486328125
13 0.684375 0.40625 0.11875 0.1
13 0.62578125 0.22109375 0.0298828125 0.075
13 0.796875 0.3390625 0.10703125 0.084765625
13 0.94921875 0.328125 0.084375 0.08125
13 0.7828125 0.56796875 0.1216796875 0.10625
13 0.9546875 0.503125 0.090625 0.090625
13 0.584375 0.653125 0.0845703125 0.1279296875
13 0.9125 0.69296875 0.125 0.1080078125
13 0.68515625 0.82109375 0.1640625 0.1048828125
13 0.50546875 0.92421875 0.1423828125 0.1515625
9 0.50390625 0.46484375 0.0732421875 0.0703125
9 0.634375 0.3390625 0.1341796875 0.1154296875
9 0.696875 0.21796875 0.093359375 0.0919921875
9 0.73203125 0.13125 0.08125 0.046875
9 0.796875 0.21484375 0.05 0.0546875
9 0.8890625 0.246875 0.091015625 0.0998046875
9 0.81953125 0.459375 0.1013671875 0.0439453125
9 0.9453125 0.403125 0.071875 0.049609375
9 0.98515625 0.68046875 0.0296875 0.075
9 0.87421875 0.76015625 0.0892578125 0.1078125
9 0.78984375 0.68671875 0.073828125 0.0796875
9 0.65390625 0.66484375 0.0546875 0.1173828125
9 0.59140625 0.5640625 0.109375 0.0439453125
9 0.6375 0.74609375 0.11171875 0.042578125
9 0.615625 0.946875 0.075390625 0.050390625