15 0.08984375 0 0.060546875 0.013671875 0.046875 0.05078125 0 0.064453125 0 0.447265625 0.154296875 0.4453125 0.306640625 0.458984375 0.4140625 0.453125 0.43359375 0.462890625 0.43359375 0.4765625 0.4140625 0.509765625 0.390625 0.525390625 0.35546875 0.56640625 0.369140625 0.58984375 0.421875 0.611328125 0.435546875 0.630859375 0.427734375 0.763671875 0.40625 0.8046875 0.42578125 0.845703125 0.416015625 0.96484375 0.42578125 0.986328125 0.51171875 1 0.998046875 1 1 0.517578125 0.9921875 0.48046875 1 0.474609375 1 0.16796875 0.9140625 0.087890625 0.80859375 0.037109375 0.720703125 0.0234375 0.701171875 0.013671875 0.65625 0.009765625 0.634765625 0.0234375 0.59375 0.02734375 0.55859375 0.005859375 0.490234375 0.009765625 0.390625 0 0.279296875 0 0.232421875 0.0078125 0.22265625 0 0.08984375 0
13 0.0296875 0.2875 0.059375 0.07734375
13 0.08671875 0.38203125 0.11953125 0.0828125
13 0.209375 0.3125 0.10546875 0.06953125
13 0.27109375 0.19140625 0.103125 0.05703125
13 0.37578125 0.29140625 0.10390625 0.08671875
13 0.0546875 0.14140625 0.109375 0.071875
13 0.3 0.10546875 0.0875 0.0640625
13 0.45234375 0.1203125 0.07109375 0.06640625
13 0.42265625 0.196875 0.07109375 0.06796875
13 0.41328125 0.39765625 0.08828125 0.0734375
13 0.54375 0.2234375 0.0921875 0.06796875
13 0.584375 0.08984375 0.09140625 0.0703125
13 0.74140625 0.1390625 0.0796875 0.0296875
13 0.85234375 0.1984375 0.084375 0.06640625
13 0.5125 0.334375 0.07734375 0.06953125
13 0.58125 0.36328125 0.0359375 0.03359375
13 0.596875 0.47265625 0.0765625 0.0453125
13 0.68203125 0.42578125 0.10859375 0.09140625
13 0.62890625 0.25703125 0.028125 0.06875
13 0.78515625 0.36484375 0.0984375 0.078125
13 0.92421875 0.3546875 0.07734375 0.07421875
13 0.771875 0.57421875 0.1109375 0.096875
13 0.9390625 0.51640625 0.096875 0.0828125
13 0.590625 0.65234375 0.078125 0.11640625
13 0.890625 0.68828125 0.1140625 0.09921875
13 0.6828125 0.80546875 0.15 0.09609375
13 0.51953125 0.90078125 0.13125 0.13828125
9 0.5171875 0.4796875 0.06640625 0.0640625
9 0.63671875 0.36484375 0.121875 0.10546875
9 0.69375 0.25390625 0.084375 0.08359375
9 0.72578125 0.17421875 0.07421875 0.04296875
9 0.78515625 0.2515625 0.0453125 0.05
9 0.86953125 0.28046875 0.084375 0.090625
9 0.80625 0.47421875 0.0921875 0.040625
9 0.9203125 0.42265625 0.065625 0.04453125
9 0.971875 0.67734375 0.05546875 0.06953125
9 0.85546875 0.75 0.08203125 0.0984375
9 0.77890625 0.68203125 0.06796875 0.07265625
9 0.6546875 0.6625 0.05 0.1078125
9 0.596875 0.5703125 0.1 0.04140625
9 0.6390625 0.73671875 0.10078125 0.03984375
9 0.61875 0.9203125 0.06953125 0.046875