15 0.193359375 0.1686746984375 0.119140625 0.2259036140625 0.064453125 0.28915662656249996 0.03125 0.36445783125000003 0.0078125 0.4909638546875 0.015625 0.5602409640625 0.080078125 0.6957831328124999 0.109375 0.734939759375 0.228515625 0.8102409640625 0.310546875 0.8373493968749999 0.46484375 0.83433735 0.6875 0.7680722890625 0.76171875 0.734939759375 0.943359375 0.6024096390625 0.96875 0.5331325296875 0.970703125 0.44879518125000006 0.9453125 0.32228915625 0.947265625 0.26204819218750003 0.939453125 0.23795180781249997 0.82421875 0.129518071875 0.7265625 0.07831325312500001 0.56640625 0.06325301250000001 0.41015625 0.0903614453125 0.263671875 0.1385542171875 0.193359375 0.1686746984375
2 0.58203125 0.4875 0.125 0.128125
2 0.3875 0.49296875 0.1671875 0.12421875
2 0.49609375 0.6078125 0.08828125 0.0921875
2 0.24375 0.2515625 0.078125 0.09609375
2 0.37109375 0.23515625 0.103125 0.065625
2 0.45703125 0.4125 0.09375 0.0734375
2 0.4328125 0.30625 0.09765625 0.06875
2 0.6453125 0.31796875 0.16171875 0.12265625
2 0.596875 0.2203125 0.10625 0.03984375
2 0.72421875 0.375 0.08125 0.096875
2 0.77734375 0.46484375 0.0875 0.06796875
0 0.35546875 0.40390625 0.12265625 0.11875
0 0.4953125 0.3390625 0.071875 0.09765625
0 0.5671875 0.25625 0.1484375 0.0265625
0 0.64921875 0.42734375 0.03671875 0.05234375