15 1 0.052734375 0.857421875 0.017578125 0.75390625 0.001953125 0.521484375 0 0.275390625 0.0234375 0.123046875 0.076171875 0.01953125 0.125 0 0.142578125 0 1 1 1 1 0.052734375
0 0.32890625 0.2609375 0.23203125 0.16484375
0 0.2484375 0.47890625 0.496875 0.1765625
0 0.38359375 0.6625 0.328125 0.1609375
0 0.62890625 0.14765625 0.24609375 0.16875
0 0.81875 0.25 0.36015625 0.17734375
0 0.84375 0.60546875 0.3125 0.3359375
2 0.6203125 0.37734375 0.215625 0.0984375
2 0.165625 0.3484375 0.1390625 0.07578125
2 0.22890625 0.5859375 0.12734375 0.06796875
2 0.4515625 0.52734375 0.1046875 0.090625
2 0.67265625 0.68359375 0.19453125 0.08671875
2 0.92421875 0.3640625 0.1328125 0.1109375