15 0 0 0 0.9574963453124999 0.14031620625000002 0.9920948609375 0.192687746875 1 0.5839920953125 1 0.7292490125 0.9861660078125001 0.883399209375 0.9328063234374999 0.9881422921875 0.883399209375 1 0.8727272734374999 1 0 0 0
0 0.325 0.25390625 0.234375 0.1671875
0 0.246875 0.47421875 0.49375 0.178125
0 0.38046875 0.66015625 0.3326171875 0.1625
0 0.62890625 0.13984375 0.2486328125 0.1705078125
0 0.81796875 0.2421875 0.3638671875 0.178515625
0 0.84375 0.603125 0.3125 0.340234375
2 0.61953125 0.371875 0.2173828125 0.1
2 0.159375 0.34296875 0.140625 0.0767578125
2 0.2234375 0.5828125 0.128125 0.06875
2 0.44921875 0.52421875 0.1048828125 0.0919921875
2 0.67265625 0.68203125 0.1955078125 0.0875
2 0.9265625 0.35859375 0.134375 0.1125