15 0 0.43498523593750005 0.027887228125000003 0.5740614515625 0.025713315625 0.641175546875 0.0344089671875 0.668021184375 0.1626698359375 0.788826553125 0.2713654890625 0.84587353125 0.3982092296875 0.8578125 0.477494721875 0.8578125 0.623539403125 0.8324507125 0.7865828796875001 0.7787594390625 0.86484375 0.745202390625 0.947452446875 0.681444003125 0.9796875 0.6441248953125001 0.9796875 0.142912825 0.9583220109375 0.11432990937500001 0.8257133156249999 0.030437290625000002 0.7344089671875 0.0002359484375 0.5626698375 0.003591653125 0.31484375 0.07741715625 0.232235053125 0.11432990937500001 0.030061140625 0.26198091562500003 0.001800271875 0.3391621234375 0 0.4169725515625 0 0.43498523593750005
2 0.54765625 0.46875 0.1390625 0.1435546875
2 0.33125 0.475 0.18671875 0.137890625
2 0.45234375 0.60390625 0.0984375 0.103125
2 0.17109375 0.20703125 0.0861328125 0.1076171875
2 0.31328125 0.18828125 0.1142578125 0.0732421875
2 0.40859375 0.3859375 0.104296875 0.08125
2 0.38125 0.2671875 0.108984375 0.07734375
2 0.61796875 0.28046875 0.1796875 0.1359375
2 0.5640625 0.171875 0.1185546875 0.04375
2 0.70625 0.34453125 0.090625 0.1080078125
2 0.76484375 0.44375 0.098046875 0.075390625
0 0.29609375 0.37578125 0.1361328125 0.1326171875
0 0.4515625 0.3046875 0.078515625 0.109375
0 0.53125 0.21171875 0.165625 0.0296875
0 0.62265625 0.40234375 0.040625 0.0580078125