15 0.037958828124999996 0.2299103734375 0.0300223203125 0.25445025 0.0320064484375 0.31579994375 0.006212796875 0.4446343 0.0081969234375 0.5305238703125 0.033990575 0.601076015625 0.218514384375 0.7360453421875001 0.293911209375 0.769787671875 0.5201016859375 0.8372723359375 0.6115776578125 0.8390625 0.6807033312499999 0.8390625 0.7601810515625 0.8127324578125 0.881212796875 0.7360453421875001 0.9109747015625 0.6961680421875001 0.9764508921875 0.55813123125 0.98125 0.5154692234375 0.98125 0.470602478125 0.9605778765625 0.35874472968750004 0.9268477171875 0.2820576125 0.8712921625 0.21764043437499997 0.7958953375 0.1593582265625 0.724466765625 0.12868337968750002 0.5756572421875 0.079603625 0.41692708281249996 0.0519962625 0.25422867031249996 0.0673336859375 0.15502232031250002 0.119480925 0.037958828124999996 0.2299103734375
2 0.5890625 0.48359375 0.127734375 0.1298828125
2 0.39140625 0.48984375 0.1703125 0.1265625
2 0.5015625 0.60703125 0.0904296875 0.09375
2 0.24609375 0.24453125 0.0796875 0.0982421875
2 0.375 0.22734375 0.105859375 0.0669921875
2 0.4625 0.4078125 0.094140625 0.0748046875
2 0.4375 0.3 0.099609375 0.069140625
2 0.653125 0.31171875 0.162890625 0.1236328125
2 0.60390625 0.2125 0.1078125 0.040625
2 0.734375 0.36953125 0.081640625 0.0986328125
2 0.7875 0.4609375 0.087890625 0.06875
0 0.359375 0.3984375 0.125 0.121484375
0 0.5015625 0.33359375 0.072265625 0.1
0 0.57421875 0.24921875 0.1513671875 0.0267578125
0 0.6578125 0.42265625 0.0373046875 0.0544921875