15 0 0 0 1 1 1 1 0.0776315796875 0.9868421046875 0.0657894734375 0.8706140343750001 0.0109649125 0.8389376234375 0 0 0
0 0.3609375 0.21875 0.2595703125 0.1845703125
0 0.27421875 0.4625 0.5484375 0.1970703125
0 0.421875 0.66953125 0.3685546875 0.1798828125
0 0.69765625 0.0921875 0.2765625 0.184375
0 0.853125 0.2046875 0.29375 0.199609375
0 0.88125 0.60546875 0.237109375 0.376953125
2 0.6875 0.34921875 0.24296875 0.1109375
2 0.17734375 0.3171875 0.15625 0.0845703125
2 0.2484375 0.5828125 0.1435546875 0.077734375
2 0.4984375 0.51796875 0.11640625 0.1015625
2 0.74609375 0.69375 0.217578125 0.097265625
2 0.9765625 0.33125 0.046875 0.125