15 1 0.20759811093749997 0.9557395015625 0.1677606328125 0.884018134375 0.1338896078125 0.645943 0.390910825 0.6310010421875 0.49152762812499995 0.58617516875 0.5363569015625 0.5722294015625 0.591148240625 0.5144538 0.58118618125 0.47958923281250004 0.5552848359375 0.185730728125 0.391907015625 0.08412544375 0.36301709843749996 0.015695021875 0.3487831 0 0.3773940453125 0 0.6154532390624999 0.053245339062499994 0.6957498859375 0.11500539843749999 0.7545260625 0.1797538828125 0.7983591484375 0.36204580000000003 0.834222590625 0.47037442343749997 0.846875 0.5815023312500001 0.846875 0.599124896875 0.846177034375 0.6379739265625 0.829241559375 0.6369778859374999 0.8083212062499999 0.6748307234375 0.8212718796875 0.803331653125 0.7624957421875 0.9119098203125 0.7106929765625 1 0.661418546875 1 0.4790219265625 0.70571083125 0.5064707203125 1 0.42917681406249997 1 0.20759811093749997
2 0.26640625 0.48046875 0.0673828125 0.1294921875
2 0.16015625 0.371875 0.0826171875 0.0751953125
2 0.30078125 0.31953125 0.1046875 0.1201171875
2 0.496875 0.25234375 0.1720703125 0.0671875
2 0.81171875 0.571875 0.2171875 0.1341796875
2 0.8375 0.36875 0.125390625 0.1279296875
2 0.91640625 0.46171875 0.1390625 0.044921875
2 0.73671875 0.29453125 0.05625 0.064453125
0 0.20234375 0.496875 0.0951171875 0.0501953125
0 0.2828125 0.48828125 0.0314453125 0.0513671875
0 0.40703125 0.28828125 0.0734375 0.046875
0 0.5984375 0.2640625 0.1314453125 0.078125
0 0.6703125 0.440625 0.1060546875 0.1279296875
0 0.7578125 0.70859375 0.0373046875 0.0515625
0 0.671875 0.5609375 0.05703125 0.10234375
0 0.53671875 0.37421875 0.1173828125 0.0375