15 1 0.47071221875 0.9802844296875 0.4125703203125 0.9377660515624999 0.35008954375 0.8353745703125 0.2928154859375 0.74079280625 0.247690421875 0.6288564515624999 0.19649089375 0.5958830796875 0.20777214531250002 0.5967507249999999 0.18954855625 0.562909578125 0.1747961703125 0.47526949375000005 0.17132506875 0.356391459375 0.1852096109375 0.197598109375 0.2164500328125 0.141196109375 0.254632759375 0.08739730625 0.3058323203125 0.0327307265625 0.38827226875 0.0075668109375 0.4724477703125 0.0188472359375 0.5427386609375 0.0546874609375 0.6080729171875 0.1142967734375 0.595673771875 0.20280450156250002 0.5705079453125 0.45878280781249997 0.42819054687499997 0.489153115625 0.405628046875 0.5394810796875 0.3969501578125 0.55162915 0.44467855 0.5906766890624999 0.483729053125 0.6036925359375 0.5713757203125 0.811078296875 0.7952652953125 0.87355433125 0.76576045625 0.96900386875 0.6798493375 1 0.6034838859375 0.999374178125 0.5609622140625 0.6557559203125 0.47071221875 1 0.5028203828125 1 0.47071221875
2 0.2734375 0.47265625 0.05859375 0.1125
2 0.18046875 0.37890625 0.071875 0.06640625
2 0.303125 0.3328125 0.09140625 0.10390625
2 0.4734375 0.27421875 0.15078125 0.05859375
2 0.7484375 0.553125 0.1890625 0.11640625
2 0.7703125 0.37578125 0.11015625 0.1109375
2 0.8390625 0.45703125 0.12109375 0.03828125
2 0.6828125 0.31171875 0.04921875 0.05625
0 0.2171875 0.4875 0.08203125 0.04453125
0 0.2875 0.48046875 0.02734375 0.04375
0 0.39609375 0.30625 0.0640625 0.040625
0 0.5625 0.28515625 0.11484375 0.06796875
0 0.625 0.4390625 0.0921875 0.1109375
0 0.7015625 0.671875 0.03203125 0.04453125
0 0.6265625 0.54296875 0.05078125 0.0890625
0 0.50859375 0.38046875 0.103125 0.0328125