15 1 0.4529215765625 0.9860620921875001 0.41181820468749997 0.94303954375 0.3485965484375 0.8394339343749999 0.290643353125 0.7437306484375 0.244983209375 0.630466984375 0.19317657187499998 0.597102625 0.20459159218749998 0.59798055625 0.1861519140625 0.5637381328125 0.1712245984375 0.47505883750000005 0.1677123375 0.35477118124999996 0.18176151875 0.19409490625 0.21337238125 0.13702410781250002 0.2520078671875 0.08258737499999999 0.3038145390625 0.027272575 0.387232034375 0.001810271875 0.4724056640625 0.013224457812500002 0.5435300421875 0.049489665625 0.6096390171875 0.1098058078125 0.5970928437499999 0.1993630359375 0.5716286078125 0.45837665781250003 0.42762365156250004 0.48910708593749996 0.40479361249999996 0.5400318265624999 0.3960128234375 0.55232394375 0.444307165625 0.5918344984374999 0.48382071875 0.60500468125 0.5725066734375 0.8142812265625 0.7984375 0.8161487749999999 0.7984375 0.8780664203124999 0.7691963671875001 0.9746477703125 0.6822665390625 1 0.6198060187500001 1 0.560557125 0.6576854187500001 0.47064953281250005 1 0.502577728125 1 0.4529215765625
2 0.2703125 0.47265625 0.059375 0.1140625
2 0.1765625 0.37734375 0.0720703125 0.0671875
2 0.30078125 0.33125 0.0921875 0.1060546875
2 0.4734375 0.271875 0.1529296875 0.059375
2 0.7515625 0.55390625 0.1908203125 0.1173828125
2 0.77421875 0.37421875 0.1111328125 0.1111328125
2 0.84296875 0.45625 0.1232421875 0.037890625
2 0.68515625 0.309375 0.05 0.0564453125
0 0.2140625 0.4875 0.083984375 0.0439453125
0 0.28515625 0.4796875 0.028125 0.044140625
0 0.39453125 0.30390625 0.0642578125 0.0419921875
0 0.56328125 0.28203125 0.1169921875 0.06875
0 0.6265625 0.43828125 0.093359375 0.111328125
0 0.70390625 0.6734375 0.0326171875 0.046484375
0 0.628125 0.54375 0.0501953125 0.0904296875
0 0.50859375 0.37890625 0.104296875 0.033203125