15 0.2572675765625 0 0.253596503125 0.0029411765625 0.163288134375 0.1294117640625 0.10381676875000001 0.26176470625000003 0.0707771203125 0.294117646875 0.06416919062500001 0.3264705875 0.0597639046875 0.4147058828125 0.07518240625 0.594117646875 0.09941148125 0.7382352937500001 0.158882846875 0.93823529375 0.183111921875 0.9882352937500001 0.1943698765625 1 0.8316251375 1 0.8505128015625001 0.9794117640625 0.90998416875 0.8852941171875001 0.969455534375 0.7647058828125 0.9796875 0.688194853125 0.9796875 0.5398433671875 0.9540370328125001 0.30294117656249997 0.9254026703125 0.25 0.9033762390625 0.18235294062500002 0.8703365921874999 0.1294117640625 0.78443350625 0.0588235296875 0.68971985 0.0029411765625 0.68971985 0 0.2572675765625 0
13 0.39765625 0.046875 0.08125 0.09375
13 0.50625 0.04296875 0.096875 0.0857421875
13 0.63515625 0.0578125 0.0890625 0.096484375
13 0.73046875 0.24609375 0.088671875 0.119921875
13 0.82265625 0.425 0.1078125 0.13125
13 0.8671875 0.60859375 0.102734375 0.1296875
13 0.79375 0.784375 0.0841796875 0.121875
13 0.68359375 0.925 0.075 0.137109375
13 0.56953125 0.94375 0.0986328125 0.1123046875
13 0.4296875 0.95390625 0.08125 0.0921875
13 0.3375 0.8921875 0.0875 0.1220703125
13 0.23984375 0.80546875 0.0921875 0.109375
13 0.1984375 0.64375 0.0939453125 0.105859375
13 0.16640625 0.503125 0.0919921875 0.118359375
13 0.2375 0.30859375 0.09375 0.0890625
13 0.28984375 0.13984375 0.0875 0.1169921875
13 0.41171875 0.240625 0.0640625 0.11875
13 0.3046875 0.61875 0.083984375 0.091015625
13 0.4546875 0.79765625 0.0375 0.0955078125
13 0.6125 0.73671875 0.0875 0.110546875
13 0.53984375 0.21796875 0.1046875 0.1078125
8 0.29296875 0.234375 0.0609375 0.0751953125
8 0.31171875 0.4625 0.1142578125 0.112109375
8 0.24921875 0.52578125 0.0548828125 0.075
8 0.27109375 0.71796875 0.0513671875 0.0673828125
8 0.3546875 0.77734375 0.05625 0.0734375
8 0.4078125 0.7453125 0.047265625 0.0689453125
8 0.44609375 0.8953125 0.053125 0.07890625
8 0.56875 0.85703125 0.04921875 0.070703125
8 0.62578125 0.878125 0.026171875 0.059765625
8 0.46953125 0.71875 0.0544921875 0.078125
8 0.41171875 0.74609375 0.0390625 0.090625
8 0.35625 0.77578125 0.053515625 0.066796875
8 0.275 0.72890625 0.0470703125 0.0765625
8 0.33828125 0.47421875 0.0671875 0.1
8 0.58359375 0.64921875 0.0625 0.0671875
8 0.47890625 0.41015625 0.070703125 0.0671875
8 0.44375 0.3609375 0.046875 0.033984375
8 0.43203125 0.1296875 0.0640625 0.06640625
8 0.50546875 0.15859375 0.0390625 0.0669921875
8 0.59453125 0.13984375 0.073828125 0.048828125
8 0.54375 0.3109375 0.0654296875 0.0439453125
8 0.690625 0.36171875 0.0595703125 0.0859375
8 0.75859375 0.32890625 0.05625 0.0673828125
8 0.728125 0.4828125 0.04921875 0.06484375
8 0.69765625 0.778125 0.0765625 0.11171875
8 0.771875 0.58984375 0.075 0.090625