15 0.1984429046875 0 0.1949850890625 0.00276243125 0.1099228484375 0.12154696093749999 0.05390625156249999 0.24585635312499998 0.022785918750000002 0.27624309375 0.016561853125 0.306629834375 0.012412475000000001 0.3895027625 0.026935296874999997 0.55801105 0.0497568734375 0.693370165625 0.10577347031249999 0.8812154703124999 0.128595046875 0.9281767953125 0.176312890625 0.977900553125 0.21333810625 1 0.6835224328125 1 0.757225753125 0.9198895031250001 0.81324235 0.8314917124999999 0.8692589484375001 0.7182320437499999 0.878125 0.652123628125 0.878125 0.49992985 0.8547361265625 0.2845303875 0.8277651718750001 0.2348066296875 0.807018284375 0.17127071875 0.7758979515625 0.12154696093749999 0.6949850890625 0.05524861875 0.6057734703125 0.00276243125 0.6057734703125 0 0.1984429046875 0
13 0.33125 0.04453125 0.075390625 0.0888671875
13 0.4328125 0.03984375 0.090625 0.0796875
13 0.5546875 0.05390625 0.083984375 0.0890625
13 0.64453125 0.23125 0.083203125 0.1125
13 0.73125 0.39921875 0.10078125 0.1234375
13 0.7734375 0.571875 0.096484375 0.121875
13 0.70390625 0.73671875 0.078125 0.1142578125
13 0.6 0.86875 0.0716796875 0.1279296875
13 0.49375 0.8921875 0.0935546875 0.1125
13 0.3625 0.9140625 0.0751953125 0.11875
13 0.27421875 0.8375 0.0828125 0.115625
13 0.1828125 0.75703125 0.0873046875 0.1017578125
13 0.14375 0.6046875 0.08828125 0.09765625
13 0.11328125 0.471875 0.0859375 0.1095703125
13 0.1796875 0.28984375 0.0876953125 0.0830078125
13 0.22890625 0.13125 0.0828125 0.109375
13 0.34375 0.2265625 0.0595703125 0.1123046875
13 0.24375 0.58125 0.0783203125 0.087109375
13 0.384375 0.74921875 0.037109375 0.090625
13 0.53359375 0.6921875 0.0828125 0.103125
13 0.46484375 0.2046875 0.0986328125 0.102734375
8 0.23203125 0.2203125 0.0578125 0.0716796875
8 0.25 0.434375 0.10703125 0.103515625
8 0.19140625 0.49453125 0.0517578125 0.0703125
8 0.21171875 0.67421875 0.0482421875 0.0640625
8 0.290625 0.7296875 0.053125 0.0689453125
8 0.340625 0.7 0.044140625 0.065625
8 0.3765625 0.840625 0.05 0.075
8 0.4921875 0.8046875 0.046484375 0.066015625
8 0.54609375 0.825 0.0236328125 0.05625
8 0.39921875 0.675 0.0513671875 0.0720703125
8 0.34453125 0.70078125 0.0361328125 0.0857421875
8 0.2921875 0.728125 0.0501953125 0.0625
8 0.215625 0.684375 0.044140625 0.071875
8 0.275 0.4453125 0.0626953125 0.09375
8 0.50625 0.609375 0.0591796875 0.0626953125
8 0.4078125 0.38515625 0.0658203125 0.0625
8 0.37421875 0.3390625 0.044921875 0.03125
8 0.36328125 0.121875 0.0607421875 0.0626953125
8 0.4328125 0.1484375 0.037109375 0.0625
8 0.51640625 0.13125 0.0703125 0.0466796875
8 0.46875 0.2921875 0.062109375 0.041015625
8 0.60703125 0.3390625 0.0576171875 0.0810546875
8 0.6703125 0.30859375 0.053125 0.0640625
8 0.6421875 0.453125 0.046484375 0.0595703125
8 0.61328125 0.73046875 0.071875 0.104296875
8 0.68359375 0.55390625 0.0703125 0.0857421875