15 0.27734375 0 0.23828125 0.03125 0.158203125 0.1432291671875 0.10546875 0.2604166671875 0.076171875 0.2890625 0.0703125 0.3177083328125 0.06640625 0.3958333328125 0.080078125 0.5546875 0.1015625 0.6822916671875 0.154296875 0.859375 0.17578125 0.9036458328125001 0.220703125 0.9505208328125001 0.27734375 0.984375 0.29296875 0.9765625 0.310546875 1 0.47265625 0.9921875 0.486328125 1 0.671875 1 0.767578125 0.8958333328125001 0.8203125 0.8125 0.873046875 0.7057291671875 0.8828125 0.6328125 0.8828125 0.5130208328125 0.859375 0.296875 0.833984375 0.25 0.814453125 0.1901041671875 0.78515625 0.1432291671875 0.708984375 0.08072916718749999 0.625 0.03125 0.625 0 0.27734375 0
13 0.3671875 0.05703125 0.07265625 0.11328125
13 0.4640625 0.05234375 0.0875 0.1046875
13 0.57734375 0.0796875 0.07890625 0.084375
13 0.6609375 0.246875 0.078125 0.10625
13 0.74296875 0.4046875 0.0953125 0.11640625
13 0.7828125 0.56796875 0.090625 0.11484375
13 0.7171875 0.72265625 0.0734375 0.1078125
13 0.61953125 0.84765625 0.06640625 0.1203125
13 0.51953125 0.86953125 0.0875 0.10546875
13 0.39609375 0.890625 0.071875 0.1125
13 0.31328125 0.81875 0.07734375 0.10859375
13 0.2265625 0.7421875 0.08125 0.096875
13 0.18984375 0.5984375 0.08359375 0.09296875
13 0.16171875 0.47421875 0.08125 0.103125
13 0.22421875 0.3015625 0.0828125 0.07890625
13 0.2703125 0.153125 0.078125 0.103125
13 0.37890625 0.2421875 0.05703125 0.10546875
13 0.28359375 0.5765625 0.07421875 0.08125
13 0.41640625 0.734375 0.03359375 0.08515625
13 0.55703125 0.68125 0.078125 0.09765625
13 0.4921875 0.221875 0.09296875 0.0953125
8 0.2734375 0.2359375 0.05390625 0.0671875
8 0.290625 0.43828125 0.1015625 0.0984375
8 0.234375 0.49453125 0.04921875 0.06640625
8 0.25390625 0.6640625 0.04453125 0.06015625
8 0.328125 0.71640625 0.05 0.06484375
8 0.375 0.6890625 0.04296875 0.06171875
8 0.409375 0.82109375 0.046875 0.07109375
8 0.51796875 0.7875 0.04296875 0.06328125
8 0.56875 0.80625 0.0234375 0.053125
8 0.43046875 0.66484375 0.0484375 0.06875
8 0.37890625 0.68984375 0.03515625 0.08046875
8 0.3296875 0.715625 0.04765625 0.05859375
8 0.2578125 0.67421875 0.0421875 0.06796875
8 0.31328125 0.4484375 0.059375 0.08828125
8 0.53125 0.603125 0.05546875 0.059375
8 0.43828125 0.3921875 0.0625 0.059375
8 0.40703125 0.3484375 0.04140625 0.02890625
8 0.396875 0.14296875 0.05703125 0.06015625
8 0.46171875 0.16875 0.034375 0.05859375
8 0.54140625 0.15234375 0.06640625 0.04296875
8 0.49609375 0.30390625 0.05703125 0.03984375
8 0.62578125 0.3484375 0.05390625 0.07578125
8 0.6859375 0.31953125 0.05 0.06015625
8 0.659375 0.45625 0.04296875 0.05703125
8 0.63203125 0.7171875 0.06796875 0.09765625
8 0.69765625 0.55078125 0.06640625 0.0796875