15 0 0 0 1 0.9899193546875 1 1 0.9731182781250001 1 0.1310291859375 0.9815668203125 0.09907834062500001 0.9470046078125 0.0115207375 0.9396732296874999 0 0 0
19 0.46640625 0.78203125 0.665625 0.435546875
19 0.22578125 0.48046875 0.229296875 0.15
19 0.5953125 0.4875 0.225 0.08125
19 0.903125 0.28359375 0.09375 0.0640625
1 0.22421875 0.21953125 0.2109375 0.1921875
1 0.640625 0.30390625 0.146875 0.141796875
1 0.78203125 0.80703125 0.1330078125 0.0861328125
1 0.84296875 0.94453125 0.0921875 0.1109375
1 0.95859375 0.02265625 0.0796875 0.0453125
12 0.80234375 0.3015625 0.19375 0.202734375
12 0.44453125 0.19609375 0.2169921875 0.2640625
12 0.8671875 0.1546875 0.084765625 0.052734375
0 0.33125 0.409375 0.343359375 0.196875
0 0.46171875 0.21328125 0.1640625 0.2107421875
0 0.7859375 0.4953125 0.356640625 0.27734375
0 0.925 0.83046875 0.15 0.3390625
0 0.6828125 0.0921875 0.228125 0.184375
0 0.23515625 0.05859375 0.19375 0.1171875
0 0.903125 0.096875 0.19375 0.19375