15 0.14453125 0 0.115234375 0.02734375 0.087890625 0.0703125 0.05859375 0.14453125 0 0.24609375 0 0.708984375 0.013671875 0.80078125 0.033203125 0.859375 0.056640625 0.921875 0.09765625 0.994140625 0.103515625 1 0.48828125 1 0.498046875 0.990234375 0.51171875 0.990234375 0.5234375 1 1 1 1 0.509765625 0.962890625 0.494140625 0.9609375 0.4765625 0.970703125 0.470703125 0.97265625 0.45703125 0.98828125 0.462890625 1 0.455078125 1 0.005859375 0.994140625 0 0.51953125 0 0.509765625 0.013671875 0.482421875 0.017578125 0.453125 0.015625 0.447265625 0 0.14453125 0
19 0.4390625 0.7578125 0.56484375 0.43359375
19 0.234375 0.46796875 0.19375 0.12734375
19 0.54765625 0.47421875 0.190625 0.06875
19 0.965625 0.09921875 0.06875 0.0578125
19 0.80859375 0.30078125 0.0796875 0.0546875
1 0.2328125 0.246875 0.17890625 0.1625
1 0.5859375 0.31796875 0.12421875 0.1203125
1 0.70625 0.74453125 0.11328125 0.0734375
1 0.7578125 0.87734375 0.078125 0.121875
1 0.87890625 0.0515625 0.11171875 0.09765625
1 0.95234375 0.1828125 0.09453125 0.08203125
12 0.72265625 0.315625 0.1640625 0.17109375
12 0.4203125 0.2265625 0.18359375 0.22421875
12 0.778125 0.19140625 0.07265625 0.04375
0 0.32421875 0.4078125 0.290625 0.1671875
0 0.434375 0.24140625 0.1390625 0.178125
0 0.709375 0.48046875 0.30234375 0.234375
0 0.87890625 0.81015625 0.2296875 0.3796875
0 0.62265625 0.10859375 0.19453125 0.2171875
0 0.24375 0.08828125 0.1640625 0.1453125
0 0.8234375 0.11875 0.190625 0.21484375
0 0.94453125 0.4203125 0.1109375 0.3