15 0.05310788281249999 0 0.0316742078125 0.0542986421875 0 0.1092006046875 0 0.8755656109375 0.00226244375 0.8823529406249999 0.0294117640625 0.9547511312499999 0.055093554687500004 1 1 1 1 0 0.05310788281249999 0
19 0.471875 0.75546875 0.6533203125 0.4890625
19 0.23515625 0.42890625 0.225 0.1482421875
19 0.59765625 0.4359375 0.2205078125 0.078515625
19 0.9 0.2359375 0.093359375 0.0626953125
1 0.23359375 0.17265625 0.2076171875 0.1888671875
1 0.6421875 0.25546875 0.1439453125 0.1390625
1 0.78125 0.74921875 0.13125 0.085546875
1 0.8421875 0.903125 0.0904296875 0.1408203125
12 0.80078125 0.253125 0.190625 0.197265625
12 0.45 0.15 0.2125 0.259375
12 0.86484375 0.10859375 0.084375 0.0513671875
0 0.3390625 0.35859375 0.3373046875 0.1923828125
0 0.4671875 0.16640625 0.16015625 0.20625
0 0.78515625 0.44296875 0.35 0.271875
0 0.92421875 0.803125 0.1515625 0.39375
0 0.68359375 0.06875 0.2234375 0.1375
0 0.24375 0.0359375 0.190625 0.071875
0 0.90234375 0.0734375 0.194921875 0.146875