15 0.39288194375 0.21984374999999998 0.3821981828125 0.23698660781249997 0.38006143125 0.271272321875 0.3415998921875 0.3227008921875 0.3351896359375 0.3655580359375 0.3031383546875 0.4369866078125 0.29245459375 0.48555803593749997 0.2475827984375 0.5655580359375 0.2433092953125 0.6055580359375 0.20057425156250003 0.668415178125 0.19630074687500002 0.728415178125 0.175 0.8081651796875 0.175 0.8087276796875 0.183480234375 0.848415178125 0.267631540625 0.85 0.339601240625 0.85 0.5531383546875001 0.788415178125 0.7304887812499999 0.7055580359375 0.8757879265625 0.5855580359375 0.9356169875000001 0.488415178125 0.9633947640624999 0.41412946406250006 0.971875 0.3687723203125 0.971875 0.24508184531250002 0.9655315171875 0.19984375000000001 0.9356169875000001 0.14270089218749998 0.88006143125 0.0855580359375 0.8373263890624999 0.0569866078125 0.6407451921875 0.111272321875 0.49330929531249995 0.188415178125 0.4612580125 0.1941294640625 0.45271100468750003 0.2055580359375 0.40570245624999995 0.20841517812500002 0.39288194375 0.21984374999999998
13 0.30859375 0.0859375 0.0546875 0.046875
13 0.4296875 0.3171875 0.0501953125 0.06875
13 0.38359375 0.275 0.0453125 0.058984375
13 0.38671875 0.22578125 0.065625 0.034375
13 0.39296875 0.11796875 0.078125 0.0673828125
13 0.50546875 0.2171875 0.0671875 0.0373046875
13 0.5203125 0.31796875 0.065625 0.04375
13 0.646875 0.26953125 0.0658203125 0.05
13 0.709375 0.403125 0.05625 0.0533203125
13 0.628125 0.44609375 0.056640625 0.059375
13 0.5828125 0.51953125 0.069140625 0.0640625
13 0.75078125 0.58203125 0.0826171875 0.0875
13 0.74140625 0.496875 0.0767578125 0.0564453125
13 0.771875 0.34765625 0.0908203125 0.0671875
13 0.8046875 0.4453125 0.0875 0.108984375
13 0.71640625 0.32265625 0.0703125 0.054296875
13 0.72734375 0.24921875 0.0671875 0.071875
13 0.4859375 0.259375 0.0345703125 0.043359375