15 0.25059170625 0.8537658 0.291875990625 0.88125 0.29498849531250004 0.88125 0.4868786265625 0.8284849031249999 0.632448246875 0.75264220625 0.6640938171874999 0.747024228125 0.6725326359375 0.735788271875 0.7189461374999999 0.7329792828125 0.731604365625 0.721743328125 0.7421528890625 0.7048893953125 0.74426259375 0.6711815296875 0.7822372765625001 0.6206197328124999 0.788566390625 0.578484903125 0.8202119609375 0.5082601828125 0.8307604828124999 0.4605073734375 0.87506428125 0.3818556875 0.8792836906250001 0.342529846875 0.9214777828124999 0.28073209375 0.9256971921874999 0.221743328125 0.94375 0.1544408390625 0.94375 0.12890514687500002 0.9383554203125 0.10376579999999999 0.8208646265624999 0.1015625 0.7864572875 0.1015625 0.5733765171874999 0.162754565625 0.39827103125 0.2442152390625 0.25481111562500003 0.362192765625 0.1957393859375 0.457698384375 0.1683132265625 0.53073209375 0.1598744078125 0.5756759140625001 0.1598744078125 0.696462428125 0.166203521875 0.74140625 0.1957393859375 0.7975860265625 0.25059170625 0.8537658
13 0.2921875 0.12890625 0.0533203125 0.0455078125
13 0.41171875 0.35703125 0.05 0.0673828125
13 0.365625 0.315625 0.0439453125 0.0564453125
13 0.36875 0.2671875 0.0654296875 0.0341796875
13 0.375 0.1609375 0.077734375 0.066015625
13 0.4859375 0.2578125 0.066015625 0.03515625
13 0.50078125 0.3578125 0.0642578125 0.0435546875
13 0.62578125 0.31015625 0.065625 0.048828125
13 0.6875 0.440625 0.055859375 0.053125
13 0.6078125 0.48359375 0.0564453125 0.0580078125
13 0.5625 0.55546875 0.06875 0.0638671875
13 0.728125 0.6171875 0.08125 0.084765625
13 0.71953125 0.53359375 0.0765625 0.05625
13 0.74921875 0.38671875 0.090625 0.0669921875
13 0.78203125 0.4828125 0.0859375 0.10625
13 0.69453125 0.36171875 0.0701171875 0.053125
13 0.70546875 0.28984375 0.065625 0.0703125
13 0.46640625 0.3 0.0357421875 0.0408203125