15 0.2109375 0.265625 0.205078125 0.3072916671875 0.205078125 0.4192708328125 0.212890625 0.4609375 0.23828125 0.5286458328125 0.29296875 0.6171875 0.42578125 0.7265625 0.587890625 0.8020833328125001 0.787109375 0.859375 0.92578125 0.8567708328125001 0.93359375 0.8203125 0.9140625 0.7473958328125 0.91015625 0.6927083328125 0.87109375 0.6354166671875 0.8671875 0.5989583328125 0.826171875 0.5260416671875 0.81640625 0.4817708328125 0.787109375 0.4166666671875 0.78125 0.3776041671875 0.74609375 0.3307291671875 0.744140625 0.2994791671875 0.734375 0.2838541671875 0.72265625 0.2734375 0.6796875 0.2708333328125 0.671875 0.2604166671875 0.642578125 0.2552083328125 0.5078125 0.1848958328125 0.328125 0.1354166671875 0.2890625 0.1614583328125 0.23828125 0.21354166718749998 0.2109375 0.265625
13 0.32734375 0.16171875 0.05 0.04296875
13 0.4375 0.37265625 0.04609375 0.0625
13 0.3953125 0.334375 0.04140625 0.053125
13 0.3984375 0.2890625 0.06015625 0.03125
13 0.40390625 0.190625 0.07109375 0.06171875
13 0.50703125 0.28125 0.06171875 0.03359375
13 0.5203125 0.3734375 0.06015625 0.03984375
13 0.6359375 0.3296875 0.0609375 0.0453125
13 0.69375 0.45078125 0.0515625 0.04921875
13 0.61953125 0.48984375 0.053125 0.05390625
13 0.57734375 0.55703125 0.0640625 0.05859375
13 0.73125 0.6140625 0.075 0.0796875
13 0.72265625 0.53671875 0.0703125 0.05234375
13 0.75 0.4 0.08359375 0.06171875
13 0.78046875 0.48984375 0.0796875 0.0984375
13 0.7 0.37734375 0.0640625 0.04921875
13 0.709375 0.3109375 0.0609375 0.065625
13 0.4890625 0.31953125 0.03203125 0.03828125