15 0.054073660937500004 0.1868395453125 0.118359375 0.222984121875 0.30050223125 0.27519295781249997 0.38978794843750003 0.2872411515625 0.5364118343750001 0.2921875 0.5736307203125001 0.2921875 0.6076450890625 0.28523311875 0.718359375 0.28523311875 0.8540736609374999 0.220976090625 0.85625 0.1720303265625 0.85625 0.1396351015625 0.821930803125 0.11455038749999999 0.7505022328125001 0.0884459703125 0.6326450890624999 0.0623415515625 0.568359375 0.058325487499999995 0.393359375 0.064349584375 0.30050223125 0.082421875 0.2362165171875 0.08442990624999999 0.093359375 0.11455038749999999 0.050502232812500006 0.146678903125 0.054073660937500004 0.1868395453125
15 1 0.586083859375 0.9071428578124999 0.5016283890625 0.746428571875 0.38315449375 0.6661960140625001 0.29881714375 0 0.29881714375 0 0.8885607343749999 0.0892857140625 0.9233151359375 0.2571428578125 0.9715079062499999 0.35357142812500003 0.9915882281249999 0.4571428578125 0.99962035625 0.6 0.9895801953125 0.828571428125 0.94339545625 1 0.87799098125 1 0.586083859375
15 0.9680245546874999 0.2854135296875 0.860881696875 0.2633251765625 0.75731026875 0.2652662765625 0.75731026875 0.4109375 0.7696930859375 0.4109375 0.8501674124999999 0.395855296875 0.996595984375 0.32758220625 0.996875 0.32601344062500004 0.996875 0.3052393625 0.9680245546874999 0.2854135296875
19 0.1109375 0.18828125 0.066015625 0.0169921875
19 0.25546875 0.209375 0.0486328125 0.0310546875
19 0.40859375 0.2171875 0.1107421875 0.041015625
19 0.546875 0.2125 0.0625 0.0248046875
19 0.50234375 0.1671875 0.0513671875 0.027734375
19 0.5953125 0.18671875 0.07109375 0.023046875
19 0.7296875 0.18828125 0.0533203125 0.025
19 0.74453125 0.134375 0.0578125 0.0185546875
19 0.5609375 0.14765625 0.0625 0.03125
19 0.6234375 0.146875 0.0529296875 0.0095703125
19 0.60859375 0.109375 0.092578125 0.03671875
19 0.38203125 0.1703125 0.076171875 0.01640625
19 0.3953125 0.14375 0.072265625 0.018359375
19 0.41875 0.109375 0.062890625 0.02578125
19 0.48671875 0.11015625 0.0486328125 0.01875
19 0.2640625 0.121875 0.1125 0.028515625
19 0.334375 0.09375 0.0564453125 0.01875
19 0.43125 0.071875 0.1060546875 0.025390625
19 0.190625 0.11015625 0.03828125 0.0171875
19 0.2609375 0.16484375 0.047265625 0.01875
9 0.4859375 0.340625 0.115234375 0.0435546875
9 0.671875 0.6703125 0.099609375 0.043359375
9 0.12578125 0.4375 0.1076171875 0.0658203125
9 0.1890625 0.53359375 0.103515625 0.046875
9 0.490625 0.38515625 0.0904296875 0.03125