15 0.027820121875 0.2544438078125 0.1822916671875 0.327838303125 0.3083079265625 0.327838303125 0.347783278125 0.3359375 0.3847815296875 0.3359375 0.5562754062499999 0.33013188125 0.6579014234375 0.31637041250000003 0.8652184953125 0.2567373859375 0.938389228125 0.21545298124999998 0.9421875 0.1725917484375 0.9421875 0.1693807328125 0.8936737812500001 0.132884175 0.7310721546875001 0.0984805046875 0.6579014234375 0.0961869265625 0.5522103656249999 0.07554472500000001 0.3530233734375 0.068663990625 0.2798526421875 0.07325114687499999 0.1457063015625 0.1030676609375 0.0644054875 0.132884175 0.02375508125 0.1627006875 0.027820121875 0.2544438078125
15 1 0.4708695109375 0.8373983734375001 0.4086152515625 0.5772357718750001 0.3558629578125 0.414634146875 0.3443950671875 0.2967479671875 0.3535693796875 0.1869918703125 0.376505159375 0 0.43037984218750003 0 1 0.80949643125 1 0.92682926875 0.9132024078125 1 0.8464188125 1 0.4708695109375
15 0.8293730937499999 0.453125 0.8488956796875 0.453125 0.9635194359374999 0.42941155468750003 0.996875 0.40640947499999996 0.996875 0.38595900781250003 0.9960397593750001 0.381246415625 0.8293730937499999 0.3032647640625 0.8293730937499999 0.453125
19 0.09375 0.2171875 0.075390625 0.01875
19 0.25859375 0.24140625 0.055078125 0.035546875
19 0.4328125 0.25078125 0.1251953125 0.0484375
19 0.590625 0.2453125 0.0716796875 0.0279296875
19 0.5390625 0.19296875 0.058984375 0.0298828125
19 0.6453125 0.215625 0.078515625 0.0251953125
19 0.79765625 0.21796875 0.0611328125 0.0294921875
19 0.81484375 0.15625 0.0669921875 0.019140625
19 0.60546875 0.17109375 0.070703125 0.0359375
19 0.67734375 0.16953125 0.0607421875 0.0111328125
19 0.66015625 0.12734375 0.1048828125 0.0419921875
19 0.40234375 0.196875 0.086328125 0.019140625
19 0.41796875 0.16640625 0.0828125 0.0201171875
19 0.44375 0.1265625 0.0720703125 0.0310546875
19 0.521875 0.12734375 0.05625 0.021875
19 0.26796875 0.14140625 0.128125 0.033203125
19 0.3484375 0.109375 0.0654296875 0.0216796875
19 0.4578125 0.08515625 0.12109375 0.030078125
19 0.184375 0.128125 0.0439453125 0.0189453125
19 0.26484375 0.18984375 0.0548828125 0.0205078125
9 0.52109375 0.39140625 0.1296875 0.0484375
9 0.7328125 0.7671875 0.112890625 0.049609375
9 0.1109375 0.5015625 0.121875 0.0751953125
9 0.1828125 0.61171875 0.1189453125 0.0544921875
9 0.52578125 0.4421875 0.101953125 0.03515625