15 0.11072664375 0.13671875 0.0761245671875 0.162109375 0.079584775 0.240234375 0.21107266406249997 0.302734375 0.3183391 0.302734375 0.356401384375 0.310546875 0.5294117640625 0.3046875 0.6159169546875 0.29296875 0.79238754375 0.2421875 0.8546712796874999 0.20703125 0.8581314875 0.16796875 0.8166089968750001 0.13671875 0.6782006921875 0.107421875 0.6159169546875 0.10546875 0.5259515578125 0.087890625 0.356401384375 0.08203125 0.294117646875 0.0859375 0.1799307953125 0.111328125 0.11072664375 0.13671875
15 1 0.42578125 0.9100346015625 0.390625 0.7474048437499999 0.34375 0.6539792390625 0.32421875 0.55363321875 0.31640625 0.4152249140625 0.326171875 0.1937716265625 0.37109375 0 0.4453125 0 0.693359375 0.117647059375 0.80078125 0.27335640156249996 0.916015625 0.3529411765625 1 1 1 1 0.42578125
15 1 0.283203125 0.896193771875 0.28125 0.79238754375 0.302734375 0.761245675 0.32421875 0.7647058828125 0.34375 0.90657439375 0.41015625 1 0.427734375 1 0.283203125
19 0.13515625 0.20859375 0.065625 0.015625
19 0.275 0.22890625 0.04765625 0.0296875
19 0.4234375 0.23671875 0.10703125 0.04140625
19 0.5578125 0.23203125 0.06015625 0.0234375
19 0.5140625 0.18828125 0.04921875 0.02578125
19 0.6046875 0.20703125 0.06796875 0.021875
19 0.734375 0.20859375 0.05234375 0.02421875
19 0.7484375 0.15625 0.05625 0.0171875
19 0.57109375 0.16953125 0.0609375 0.03046875
19 0.63203125 0.16796875 0.05078125 0.01015625
19 0.6171875 0.13203125 0.08984375 0.03515625
19 0.3984375 0.19140625 0.0734375 0.01640625
19 0.4109375 0.165625 0.07109375 0.01640625
19 0.43359375 0.13125 0.06171875 0.02578125
19 0.49921875 0.13203125 0.04765625 0.01875
19 0.28359375 0.14375 0.109375 0.028125
19 0.3515625 0.11640625 0.05546875 0.01796875
19 0.4453125 0.0953125 0.10234375 0.02578125
19 0.2125 0.1328125 0.0375 0.01640625
19 0.28046875 0.18515625 0.046875 0.01796875
9 0.4984375 0.35703125 0.11015625 0.04140625
9 0.67890625 0.67734375 0.09609375 0.0421875
9 0.14921875 0.45078125 0.10390625 0.06484375
9 0.2109375 0.54453125 0.1015625 0.04609375
9 0.503125 0.4 0.0875 0.03046875