15 0 0 0 0.9364406781250001 0.08262711874999999 0.9639830515625001 0.144067796875 0.9936440671875 0.188559321875 1 0.8365617437499999 1 0.8432203390625 0.9957627125 0.8601694921874999 0.9703389828125 0.8834745765625 0.9597457625000001 0.9067796609375 0.9300847453125 0.9830508468750001 0.894067796875 1 0.8821406140624999 1 0 0 0
2 0.221875 0.4171875 0.2220703125 0.1248046875
2 0.52109375 0.828125 0.25 0.1654296875
2 0.13203125 0.22109375 0.1642578125 0.1234375
2 0.42421875 0.11640625 0.1888671875 0.1296875
2 0.73125 0.1453125 0.212890625 0.097265625
2 0.58046875 0.27578125 0.148828125 0.165625
2 0.85 0.29765625 0.1408203125 0.1517578125
2 0.603125 0.4890625 0.1279296875 0.1033203125
2 0.24609375 0.75234375 0.1484375 0.1015625
2 0.453125 0.69921875 0.212890625 0.128125
2 0.9234375 0.5 0.1529296875 0.1873046875
2 0.396875 0.49296875 0.18125 0.138671875
0 0.42578125 0.3953125 0.15 0.12734375
0 0.0390625 0.4609375 0.078125 0.175390625
0 0.18828125 0.64375 0.151171875 0.112109375
0 0.8484375 0.64296875 0.303125 0.145703125
0 0.5078125 0.6 0.128515625 0.0904296875
0 0.528125 0.153125 0.1341796875 0.128125
0 0.92890625 0.2375 0.1421875 0.1689453125
0 0.7828125 0.36640625 0.1904296875 0.0890625
0 0.19140625 0.29453125 0.15625 0.090625
0 0.4640625 0.2828125 0.0845703125 0.1283203125