15 1 0.0103874359375 0 0.0103874359375 0 0.8444010421874999 0.018367346875000003 0.8573262109374999 0.09183673437499999 0.8920200890625001 0.11428571406250002 0.9205915171875001 0.13673469375 0.9307955984375 0.153061225 0.9552853953125 0.19795918437499999 0.9838568234375 0.310240953125 0.996875 0.36931416875 0.996875 0.58367346875 0.9736527421875 0.7 0.9838568234375 0.7693877546875 0.96140784375 0.8265306125 0.9532445781250001 0.8857142859374999 0.9246731499999999 1 0.8865779109374999 1 0.0103874359375
2 0.215625 0.453125 0.212890625 0.1189453125
2 0.50390625 0.8484375 0.241796875 0.158984375
2 0.1296875 0.2640625 0.159375 0.11875
2 0.41015625 0.16328125 0.18125 0.125
2 0.70625 0.19140625 0.20625 0.0951171875
2 0.56171875 0.31640625 0.14375 0.159375
2 0.82109375 0.3375 0.1359375 0.146875
2 0.5828125 0.52265625 0.1220703125 0.1
2 0.2390625 0.77578125 0.1435546875 0.0984375
2 0.43828125 0.725 0.205078125 0.12421875
2 0.909375 0.5328125 0.18125 0.178515625
2 0.384375 0.52578125 0.175 0.133203125
0 0.4125 0.43125 0.1439453125 0.121875
0 0.0390625 0.49453125 0.0779296875 0.1701171875
0 0.18359375 0.67109375 0.1453125 0.1076171875
0 0.83671875 0.6703125 0.3265625 0.140625
0 0.49140625 0.62890625 0.125 0.086328125
0 0.5109375 0.1984375 0.128515625 0.12265625
0 0.9140625 0.2796875 0.1716796875 0.1626953125
0 0.75546875 0.40390625 0.1828125 0.0859375
0 0.1859375 0.334375 0.15 0.0875
0 0.44921875 0.3234375 0.0826171875 0.1248046875