15 1 0.146484375 0.8828125 0.107421875 0.826171875 0.080078125 0.771484375 0.072265625 0.705078125 0.05078125 0.59375 0.060546875 0.359375 0.03515625 0.224609375 0.05078125 0.181640625 0.078125 0.166015625 0.1015625 0.14453125 0.111328125 0.123046875 0.138671875 0.052734375 0.171875 0 0.208984375 0 0.994140625 0.005859375 1 1 1 1 0.146484375
2 0.2421875 0.45859375 0.20546875 0.1140625
2 0.5171875 0.8375 0.23046875 0.1515625
2 0.159375 0.278125 0.15234375 0.1140625
2 0.428125 0.18125 0.1734375 0.11953125
2 0.7109375 0.20859375 0.196875 0.090625
2 0.57265625 0.328125 0.1375 0.153125
2 0.82109375 0.3484375 0.13046875 0.140625
2 0.59296875 0.525 0.1171875 0.0953125
2 0.2640625 0.76796875 0.13671875 0.09375
2 0.4546875 0.71875 0.19609375 0.11796875
2 0.90859375 0.5359375 0.18046875 0.17265625
2 0.403125 0.528125 0.1671875 0.128125
0 0.4296875 0.43828125 0.13828125 0.1171875
0 0.0546875 0.49921875 0.109375 0.1625
0 0.2109375 0.66796875 0.1390625 0.10234375
0 0.83984375 0.66796875 0.3203125 0.13359375
0 0.50546875 0.62734375 0.11953125 0.0828125
0 0.52421875 0.215625 0.12265625 0.11796875
0 0.91484375 0.29375 0.1703125 0.15703125
0 0.75859375 0.4125 0.175 0.08203125
0 0.21328125 0.3453125 0.14375 0.08359375
0 0.46484375 0.33515625 0.078125 0.11875