15 0.3084763953125 0 0.1781115875 0.051502145312500004 0.05364806875 0.1351931328125 0 0.2115384609375 0 0.8314854546875001 0.0407725328125 0.8733905578125001 0.1330472109375 0.9377682406250001 0.1802575109375 0.9635193140625 0.2253218890625 0.9699570812499999 0.285407725 1 0.8707081546875 1 0.8755364812499999 0.9978540765625 1 0.90530428125 1 0.1807667125 0.88626609375 0.109442059375 0.6802575109375 0.0257510734375 0.5415978859374999 0 0.42703862656249997 0 0.39484978593750003 0.0064377687500000004 0.3898426328125 0 0.3084763953125 0
2 0.5109375 0.14296875 0.24375 0.1609375
2 0.80546875 0.35703125 0.2421875 0.1984375
2 0.17265625 0.3640625 0.2875 0.1533203125
2 0.26328125 0.5703125 0.3390625 0.2
2 0.5546875 0.4578125 0.25625 0.21484375
2 0.56953125 0.66328125 0.2984375 0.1669921875
0 0.24296875 0.434375 0.1421875 0.1314453125
0 0.3296875 0.146875 0.168359375 0.202734375
0 0.68046875 0.26484375 0.220703125 0.108203125
0 0.69296875 0.42890625 0.13125 0.1169921875
0 0.4140625 0.4875 0.125390625 0.224609375
0 0.65625 0.68125 0.209375 0.103125