15 1 0.28515625 0.982421875 0.228515625 0.912109375 0.15625 0.828125 0.09765625 0.78515625 0.07421875 0.744140625 0.068359375 0.673828125 0.033203125 0.52734375 0.001953125 0.310546875 0 0.1875 0.02734375 0.15234375 0.04296875 0 0.15625 0 0.75 0.02734375 0.779296875 0.142578125 0.8515625 0.330078125 0.927734375 0.466796875 0.953125 0.55078125 0.953125 0.58984375 0.9453125 0.603515625 0.962890625 0.62890625 0.966796875 0.787109375 0.904296875 0.900390625 0.828125 0.951171875 0.755859375 1 0.70703125 1 0.28515625
2 0.50390625 0.17109375 0.221875 0.14609375
2 0.77265625 0.36640625 0.2203125 0.18046875
2 0.19609375 0.37265625 0.26171875 0.140625
2 0.27890625 0.56015625 0.30859375 0.18203125
2 0.54375 0.4578125 0.23359375 0.19453125
2 0.55703125 0.64453125 0.271875 0.1515625
0 0.2609375 0.4359375 0.1296875 0.1203125
0 0.3390625 0.175 0.15234375 0.184375
0 0.65859375 0.28203125 0.20078125 0.0984375
0 0.6703125 0.43125 0.11953125 0.10625
0 0.415625 0.484375 0.1140625 0.20390625
0 0.6359375 0.66171875 0.190625 0.09375