15 0.40198863593749995 0 0.29545454531250004 0.0227272734375 0.22107437968750002 0.0599173546875 0.17768595 0.06611570312500001 0.1322314046875 0.090909090625 0.0433884296875 0.1528925625 0 0.197486225 0 0.7851239671875 0.002066115625 0.7871900828125 0.055785123437499994 0.8636363640625 0.175619834375 0.9442148765624999 0.3168259296875 1 0.374655646875 1 0.3842975203125 0.9876033062499999 0.42561983437500006 0.9958677687499999 0.514462809375 0.9958677687499999 0.6590909093749999 0.9690082640625001 0.8574380171874999 0.8884297515625 0.9793388437500001 0.8119834703125001 1 0.7898465171875 1 0.14674719218750001 0.8471074375000001 0.033057851562500004 0.8099173546875 0.016528925 0.735537190625 0 0.40198863593749995 0
2 0.525 0.16875 0.2345703125 0.155859375
2 0.80859375 0.375 0.2328125 0.190625
2 0.19921875 0.38125 0.2765625 0.149609375
2 0.28671875 0.5796875 0.3265625 0.191015625
2 0.5671875 0.471875 0.246875 0.20625
2 0.58125 0.66953125 0.2875 0.1607421875
0 0.2671875 0.44921875 0.1373046875 0.1267578125
0 0.35078125 0.17265625 0.1611328125 0.1951171875
0 0.68828125 0.2859375 0.2125 0.103515625
0 0.70078125 0.44375 0.1265625 0.1125
0 0.43125 0.5 0.121484375 0.216015625
0 0.66484375 0.6875 0.2015625 0.0998046875