15 0 0.770209884375 0.0936008515625 0.7734375 0.11547264531250001 0.7734375 0.2862065609375 0.7429493 0.584961746875 0.6371401718749999 0.7281152734375 0.566600753125 0.76960905 0.5686754406250001 0.8774928687499999 0.43174598125 0.9065385109375 0.38195345 0.921875 0.3263586734375 0.921875 0.306907434375 0.9127625765625 0.1993808359375 0.885791621875 0.126766728125 0.854671290625 0.11224390625 0.8214762703125 0.11016921718749999 0.7301899625 0.05207793125 0.595335190625 0.0043600890625 0.5781449125 0.00021071093750000001 0.454256353125 0.00021071093750000001 0.2384887171875 0.0022854 0.23018996249999998 0.0541526203125 0.190770875 0.0748995078125 0.15965054375 0.108094528125 0.155501165625 0.15373768125 0.0828870578125 0.1599617484375 0.0828870578125 0.1807086359375 0.0662895484375 0.19315676875 0.064214859375 0.21390365625 0.1098580125 0.2699202546875 0.1077833234375 0.3010405859375 0.09948456875 0.3300862296875 0.0413932828125 0.3861028265625 0.014422328125 0.442119425 0.014422328125 0.487762578125 0.035169215625 0.5126588437499999 0.0372439046875 0.5292563546875 0.0123476390625 0.5707501296874999 0 0.6089155609375 0 0.770209884375
13 0.45078125 0.2609375 0.1953125 0.080859375
13 0.3875 0.390625 0.131640625 0.0779296875
13 0.59765625 0.37265625 0.1609375 0.1423828125
13 0.47109375 0.046875 0.1361328125 0.0845703125
13 0.43359375 0.146875 0.094921875 0.074609375
13 0.28125 0.07578125 0.0748046875 0.04375
1 0.23984375 0.52109375 0.1109375 0.06875
1 0.353125 0.15859375 0.075 0.0580078125
1 0.2671875 0.17265625 0.078515625 0.0419921875
11 0.615625 0.1578125 0.1001953125 0.0748046875
11 0.08828125 0.43515625 0.1359375 0.1236328125
11 0.18046875 0.12421875 0.046875 0.0423828125
11 0.21328125 0.2515625 0.0638671875 0.053515625
11 0.3 0.28359375 0.084375 0.0375