15 0 0.7490405171875001 0.11845005625 0.753125 0.12050302500000001 0.753125 0.29738594375 0.721538765625 0.6011834140625 0.613943828125 0.746753034375 0.5422138703125 0.788947125 0.5443235750000001 0.8986517671875 0.40508306875000005 0.9281876328124999 0.3544501578125 0.94375 0.2980365734375 0.94375 0.277748553125 0.9345167453125001 0.16879614999999998 0.9070905859374999 0.09495648749999999 0.875445015625 0.0801885546875 0.8416897421874999 0.07807885 0.7488627390625 0.0190071203125 0.69520285625 0.000019778125 0.2437994453125 0.000019778125 0.24042391875 0.021116825 0.2003395296875 0.0422138703125 0.1686939609375 0.0759691453125 0.1644745515625 0.122382646875 0.0906348890625 0.1287117609375 0.0906348890625 0.1498088078125 0.0737572515625 0.1624670359375 0.071647546875 0.18356408125 0.11806104843750001 0.2405261078125 0.11595134375 0.2721716765625 0.107512525 0.3017075421875 0.0484407953125 0.3586695671875 0.0210146359375 0.41563159218749995 0.0210146359375 0.46204509531250004 0.04211168125 0.48736155 0.0442213859375 0.5042391875 0.01890493125 0.5464332796875 0 0.604866703125 0 0.7490405171875001
13 0.46484375 0.23203125 0.1986328125 0.0826171875
13 0.40078125 0.36328125 0.135546875 0.078125
13 0.6140625 0.3453125 0.165234375 0.146484375
13 0.484375 0.028125 0.1375 0.05625
13 0.44765625 0.115625 0.0955078125 0.0751953125
13 0.29296875 0.04296875 0.0763671875 0.0451171875
1 0.25 0.49609375 0.1125 0.0701171875
1 0.365625 0.12734375 0.0751953125 0.0607421875
1 0.27734375 0.1421875 0.08125 0.04140625
11 0.63203125 0.1265625 0.103125 0.0751953125
11 0.09609375 0.40859375 0.138671875 0.126171875
11 0.18984375 0.0921875 0.048046875 0.04375
11 0.22265625 0.221875 0.0640625 0.0560546875
11 0.3109375 0.2546875 0.084765625 0.0376953125