15 0.2421875 0.21484375 0.189453125 0.234375 0.12890625 0.283203125 0.080078125 0.33984375 0.033203125 0.42578125 0.02734375 0.49609375 0.033203125 0.6171875 0.05078125 0.6875 0.111328125 0.7890625 0.220703125 0.86328125 0.271484375 0.88671875 0.357421875 0.900390625 0.501953125 0.90234375 0.6875 0.857421875 0.7578125 0.822265625 0.82421875 0.7578125 0.90625 0.701171875 0.935546875 0.658203125 0.95703125 0.599609375 0.970703125 0.5078125 0.966796875 0.45703125 0.931640625 0.353515625 0.87109375 0.283203125 0.822265625 0.251953125 0.73046875 0.23046875 0.650390625 0.197265625 0.537109375 0.166015625 0.474609375 0.1640625 0.41015625 0.171875 0.333984375 0.19921875 0.2421875 0.21484375
2 0.315625 0.31171875 0.08828125 0.0671875
2 0.32109375 0.38515625 0.09453125 0.07578125
2 0.64453125 0.35859375 0.12890625 0.07421875
2 0.434375 0.63828125 0.1640625 0.13359375
0 0.28828125 0.56796875 0.07734375 0.08515625
0 0.29609375 0.45390625 0.13515625 0.10859375
0 0.44453125 0.43984375 0.11953125 0.09296875
0 0.68828125 0.53828125 0.125 0.22109375
0 0.53203125 0.5703125 0.08671875 0.140625
2 0.446875 0.35234375 0.08984375 0.065625
2 0.33359375 0.50546875 0.15390625 0.046875
2 0.39609375 0.4046875 0.08828125 0.03671875
2 0.58828125 0.44375 0.08203125 0.1359375
2 0.53515625 0.4796875 0.0359375 0.0640625
2 0.59921875 0.5859375 0.04296875 0.1203125
2 0.6640625 0.6671875 0.1765625 0.08828125
2 0.78515625 0.5265625 0.08984375 0.0890625
2 0.7359375 0.42890625 0.0859375 0.18359375
2 0.5140625 0.35234375 0.0984375 0.1390625