15 0.33180891875 0.1916563734375 0.2389235421875 0.20746665000000003 0.185563859375 0.22722949531249997 0.1242990359375 0.27663661093749997 0.074891921875 0.3339488640625 0.0274610921875 0.42090538593750004 0.021532237500000002 0.49205162968750005 0.0274610921875 0.614581275 0.045247653124999995 0.6857275203125 0.10651247500000001 0.78849431875 0.21718441249999998 0.8635931328125 0.268567809375 0.887308546875 0.3555243328125 0.9011425390625 0.3866014453125 0.9015625 0.5081976828125 0.9015625 0.6895164281249999 0.8576642781249999 0.7606626734375 0.82209115625 0.8278563468750001 0.7568737640625 0.9108603000000001 0.6995615125 0.9405045703124999 0.6560832515625 0.9622436999999999 0.5967947140625001 0.975 0.5111452703125 0.975 0.4898993375 0.9721251234375 0.4525259390625 0.9365520015625 0.34778285625 0.875287178125 0.27663661093749997 0.8258800640624999 0.24501605781250002 0.7329946890625 0.2232769265625 0.6519670203125 0.1896800890625 0.5373425140625 0.1580595359375 0.4741014078125 0.1560832515625 0.408884015625 0.1639883890625 0.33180891875 0.1916563734375
2 0.3140625 0.30546875 0.08984375 0.067578125
2 0.31953125 0.38046875 0.0955078125 0.0765625
2 0.64609375 0.353125 0.1298828125 0.075
2 0.43359375 0.6359375 0.1669921875 0.1345703125
0 0.2859375 0.56484375 0.078125 0.0859375
0 0.29375 0.44921875 0.137109375 0.110546875
0 0.44375 0.43515625 0.1216796875 0.09375
0 0.690625 0.53515625 0.125390625 0.2234375
0 0.53203125 0.5671875 0.0875 0.141015625
2 0.44609375 0.346875 0.091796875 0.066015625
2 0.33125 0.5015625 0.1560546875 0.0470703125
2 0.39453125 0.4 0.0890625 0.0373046875
2 0.5890625 0.4390625 0.083984375 0.1375
2 0.53515625 0.47578125 0.0359375 0.0642578125
2 0.6 0.5828125 0.0435546875 0.1216796875
2 0.665625 0.665625 0.1783203125 0.087890625
2 0.7890625 0.52265625 0.091015625 0.089453125
2 0.73828125 0.42421875 0.0861328125 0.1859375
2 0.5140625 0.34609375 0.0998046875 0.140625