15 0.34701140937499997 0.1919518859375 0.265662203125 0.2256820453125 0.172408234375 0.2475074421875 0.122805059375 0.2792534734375 0.061297123437500003 0.3506820453125 0.0255828375 0.455840775 0.021875 0.504042653125 0.021875 0.5091765921875 0.0355034734375 0.6006820453125 0.0573288703125 0.6602058546875 0.0870907734375 0.7038566484375 0.1704241078125 0.7613963312500001 0.237884425 0.8268725218749999 0.309312996875 0.8625868062500001 0.49611476874999993 0.9078125 0.528087921875 0.9078125 0.64463045625 0.9062376000000001 0.73193204375 0.8923487109374999 0.7835193453125 0.8685391875 0.89463045625 0.7931423625 0.9561383921875001 0.689967759375 0.9739955359374999 0.6185391874999999 0.9796875 0.50090526875 0.9796875 0.49239830781249994 0.9739955359374999 0.42409474375 0.9263764890624999 0.33679315625 0.8767733140624999 0.2792534734375 0.8152653765625001 0.2296502984375 0.7616939484375 0.2098090296875 0.6684399796875 0.1939360125 0.591059028125 0.1661582359375 0.5255828375 0.158221728125 0.46209077499999995 0.16020585468749998 0.34701140937499997 0.1919518859375
2 0.31484375 0.30859375 0.0892578125 0.0673828125
2 0.3203125 0.38359375 0.0966796875 0.0765625
2 0.6484375 0.35625 0.13125 0.075
2 0.43515625 0.63984375 0.1671875 0.1359375
0 0.2875 0.56953125 0.078125 0.0861328125
0 0.29453125 0.453125 0.1375 0.1095703125
0 0.4453125 0.43828125 0.1216796875 0.09375
0 0.69296875 0.5390625 0.1267578125 0.225
0 0.534375 0.57109375 0.0876953125 0.1423828125
2 0.4484375 0.35 0.0908203125 0.0658203125
2 0.3328125 0.50546875 0.15625 0.0482421875
2 0.39609375 0.40390625 0.0890625 0.0375
2 0.59140625 0.44296875 0.0828125 0.1388671875
2 0.5375 0.4796875 0.0373046875 0.065625
2 0.60234375 0.58671875 0.04375 0.121875
2 0.66875 0.6703125 0.180859375 0.0904296875
2 0.7921875 0.52734375 0.0908203125 0.0892578125
2 0.74140625 0.42734375 0.0861328125 0.1861328125
2 0.51640625 0.35 0.1 0.1408203125