15 0.033704370312499995 0 0 0.015236221875 0 0.8753526 0.0199115046875 0.8912818031249999 0.08407079687499999 0.9111933078125001 0.210176990625 0.9333172015625 0.3562361703125 0.94375 0.368044803125 0.94375 0.5022123890625 0.9156180859375 0.57300885 0.8890694140625 0.621681415625 0.884644634375 0.7676991156249999 0.8271225109375001 0.8119469031250001 0.8005738390625 0.9247787609375001 0.7762375546875 0.9756637171874999 0.74747649375 1 0.7231402109375 1 0.26506215312500003 0.9646017703125 0.1988039265625 0.9137168140625 0.15013136093749999 0.8628318578125 0.1324322453125 0.8429203546874999 0.103671184375 0.7809734515625 0.0505738390625 0.6929375109375 0 0.033704370312499995 0
19 0.2109375 0.5890625 0.421875 0.375
19 0.20234375 0.275 0.33125 0.227734375
19 0.40625 0.08046875 0.3 0.1609375
19 0.79609375 0.053125 0.265625 0.10625
19 0.9609375 0.13046875 0.0779296875 0.0705078125
19 0.828125 0.375 0.34375 0.171875
19 0.7828125 0.690625 0.4341796875 0.419140625
0 0.16953125 0.275 0.148046875 0.11953125
0 0.190625 0.52578125 0.071484375 0.0625
0 0.39140625 0.60390625 0.2361328125 0.1453125
0 0.7671875 0.50078125 0.26015625 0.194921875
0 0.628125 0.30625 0.180859375 0.121875
0 0.79609375 0.07421875 0.1859375 0.09375
0 0.9375 0.2328125 0.125 0.14375