15 1 0.40264522812500003 0.9190871375 0.2511929453125 0.8713692953125 0.20554979218749997 0.8236514515625 0.1889522828125 0.8049792531250001 0.161981328125 0.7468879671875001 0.11218879687500001 0.6493775937499999 0.0561721984375 0.5228215765625001 0.0188278 0.439834025 0.0063796671875 0.3775933609375 0.0105290453125 0.3412863078125 0.0001556015625 0.3166729546875 0.0001556015625 0.1431535265625 0.020902489062499998 0 0.085615728125 0 0.8740145234375 0.033195020312500004 0.9005705390625 0.0933609953125 0.9192427390625 0.21161825781250002 0.9399896265625 0.3517634890625 0.95 0.358578040625 0.95 0.485477178125 0.923392115625 0.5518672203125 0.89849585 0.5975103734375 0.8943464734375001 0.734439834375 0.8404045640625 0.775933609375 0.8155082984375 0.8817427390624999 0.792686721875 0.9294605812500001 0.7657157671875 0.9564315359375 0.7387448125 0.9771784234374999 0.6951763484375 0.9854771781249999 0.62671161875 1 0.5922199171875 1 0.40264522812500003
19 0.2390625 0.61875 0.409765625 0.35
19 0.2375 0.32265625 0.3095703125 0.2138671875
19 0.43046875 0.13203125 0.2826171875 0.1671875
19 0.7953125 0.1 0.2501953125 0.1310546875
19 0.95625 0.18671875 0.0875 0.066796875
19 0.8265625 0.41796875 0.321875 0.163671875
19 0.7890625 0.71171875 0.4216796875 0.3951171875
0 0.20703125 0.321875 0.1388671875 0.1125
0 0.2265625 0.55703125 0.06640625 0.058203125
0 0.41484375 0.63046875 0.221875 0.1359375
0 0.7671875 0.53359375 0.2439453125 0.1826171875
0 0.63671875 0.3515625 0.167578125 0.11484375
0 0.79453125 0.134375 0.1736328125 0.0876953125
0 0.934375 0.2828125 0.1310546875 0.1345703125