15 1 0.1015625 0.857421875 0.037109375 0.677734375 0.015625 0.63671875 0.02734375 0.578125 0.0234375 0.5 0.03515625 0.380859375 0.0703125 0.2890625 0.123046875 0.234375 0.169921875 0.216796875 0.1953125 0.171875 0.2109375 0.126953125 0.25390625 0.05078125 0.396484375 0.0390625 0.482421875 0.048828125 0.5703125 0.064453125 0.607421875 0.072265625 0.671875 0.091796875 0.712890625 0.1171875 0.73828125 0.162109375 0.763671875 0.26171875 0.78515625 0.30078125 0.80859375 0.4296875 0.859375 0.47265625 0.86328125 0.53515625 0.88671875 0.65625 0.912109375 0.79296875 0.90234375 0.904296875 0.8828125 0.9609375 0.865234375 1 0.833984375 1 0.1015625
19 0.27578125 0.6 0.38671875 0.32890625
19 0.27421875 0.32109375 0.2921875 0.20078125
19 0.45625 0.1421875 0.26484375 0.1578125
19 0.8 0.11171875 0.2359375 0.12265625
19 0.95546875 0.19375 0.0890625 0.0625
19 0.82890625 0.41171875 0.303125 0.153125
19 0.7984375 0.6890625 0.403125 0.3703125
0 0.2453125 0.3203125 0.13046875 0.10625
0 0.2640625 0.5421875 0.06328125 0.0546875
0 0.44140625 0.61171875 0.20859375 0.128125
0 0.7734375 0.5203125 0.23046875 0.171875
0 0.65 0.3484375 0.15859375 0.10703125
0 0.7984375 0.14375 0.1640625 0.0828125
0 0.93515625 0.28515625 0.1296875 0.12734375