15 0.192467284375 0 0.14937759374999998 0.0207468875 0.045643153125 0.09751037343749999 0 0.15667742499999998 0 0.7922841328125 0.0518672203125 0.865145228125 0.116182571875 0.9211618250000001 0.1825726140625 0.9522821578125 0.19502074687499998 0.975103734375 0.25247366875 1 0.6922199171875 1 0.7821576765625 0.9647302906249999 0.894190871875 0.8879668046875 0.9481327796875 0.834024896875 1 0.76709945 1 0.20659532500000002 0.9730290453125001 0.1597510375 0.9066390046875 0.08921161875 0.8485477171875001 0.045643153125 0.79045643125 0.014522821875 0.775025934375 0 0.192467284375 0
19 0.36640625 0.23046875 0.1640625 0.153125
19 0.20859375 0.32421875 0.1826171875 0.175
19 0.190625 0.5390625 0.159375 0.1845703125
19 0.32421875 0.434375 0.1578125 0.0375
19 0.29921875 0.6765625 0.140625 0.153125
19 0.44921875 0.5859375 0.1830078125 0.1466796875
19 0.4890625 0.48984375 0.1595703125 0.109375
19 0.540625 0.253125 0.137890625 0.1533203125
19 0.7578125 0.34140625 0.1873046875 0.1484375
19 0.75078125 0.5296875 0.208203125 0.16484375
19 0.65390625 0.72265625 0.115625 0.1328125
0 0.2953125 0.53828125 0.091015625 0.23125
0 0.3828125 0.29453125 0.1 0.1640625
0 0.16328125 0.4671875 0.1859375 0.071875
0 0.71953125 0.465625 0.1453125 0.15
0 0.59453125 0.64140625 0.1451171875 0.140625
0 0.640625 0.796875 0.131640625 0.09921875
0 0.3265625 0.7375 0.0720703125 0.090625
0 0.28515625 0.84453125 0.0671875 0.058203125
0 0.44921875 0.2578125 0.085546875 0.140625
0 0.375 0.14375 0.099609375 0.0314453125
0 0.64609375 0.2765625 0.0875 0.153125