15 0.443359375 0 0.2890625 0.025390625 0.23046875 0.05078125 0.21875 0.072265625 0.15625 0.1015625 0.095703125 0.154296875 0.013671875 0.26953125 0 0.296875 0 0.478515625 0.0078125 0.494140625 0.0078125 0.529296875 0 0.583984375 0 0.73828125 0.037109375 0.80859375 0.08984375 0.876953125 0.1875 0.94921875 0.240234375 0.974609375 0.294921875 0.984375 0.330078125 1 0.72265625 1 0.7578125 0.986328125 0.791015625 0.955078125 0.845703125 0.92578125 0.900390625 0.884765625 0.962890625 0.818359375 1 0.75390625 1 0.517578125 0.994140625 0.484375 1 0.462890625 1 0.26171875 0.939453125 0.18359375 0.888671875 0.1328125 0.783203125 0.060546875 0.68359375 0.021484375 0.619140625 0.01171875 0.595703125 0 0.443359375 0
19 0.39140625 0.24453125 0.1546875 0.14375
19 0.24375 0.3328125 0.1716796875 0.1654296875
19 0.2265625 0.53515625 0.15 0.1736328125
19 0.35234375 0.43671875 0.1484375 0.0359375
19 0.32890625 0.66484375 0.1328125 0.1451171875
19 0.46953125 0.57890625 0.173046875 0.1375
19 0.50703125 0.48828125 0.151171875 0.103125
19 0.55546875 0.265625 0.1298828125 0.1439453125
19 0.7609375 0.34921875 0.1751953125 0.1392578125
19 0.75390625 0.52578125 0.1955078125 0.1544921875
19 0.6625 0.7078125 0.109375 0.125
0 0.325 0.53359375 0.0873046875 0.2173828125
0 0.40703125 0.3046875 0.09375 0.153515625
0 0.20078125 0.4671875 0.175 0.066015625
0 0.72421875 0.465625 0.1361328125 0.1408203125
0 0.60625 0.63046875 0.137109375 0.1328125
0 0.65 0.77734375 0.1248046875 0.0921875
0 0.3546875 0.72109375 0.0685546875 0.0857421875
0 0.315625 0.82265625 0.0626953125 0.0546875
0 0.46953125 0.2703125 0.0798828125 0.133984375
0 0.4 0.1625 0.093359375 0.030859375
0 0.65546875 0.2875 0.0826171875 0.14375