15 0.75390625 1 0.751953125 0.9659685859374999 0.798828125 0.9319371734375 0.853515625 0.869109946875 0.93359375 0.7172774875 0.9609375 0.5994764390625 0.982421875 0.5680628265625 0.982421875 0.4659685859375 0.96484375 0.39528795781250003 0.939453125 0.34031413593750004 0.87890625 0.2486911 0.8203125 0.188481675 0.763671875 0.146596859375 0.693359375 0.11256544531249998 0.607421875 0.08900523593750001 0.39453125 0.0654450265625 0.287109375 0.0942408375 0.2109375 0.1361256546875 0.140625 0.23298429375000002 0.07421875 0.366492146875 0.048828125 0.4502617796875 0.04296875 0.5680628265625 0.060546875 0.67277486875 0.1015625 0.7801047125 0.123046875 0.821989528125 0.17578125 0.8874345546875 0.287109375 0.960732984375 0.27734375 1 0.75390625 1
19 0.253125 0.28359375 0.0921875 0.11015625
19 0.396875 0.17265625 0.08671875 0.0921875
19 0.50390625 0.18828125 0.0859375 0.08828125
19 0.53984375 0.86484375 0.12890625 0.13671875
19 0.86015625 0.47578125 0.1109375 0.10078125
19 0.753125 0.65703125 0.13203125 0.14921875
19 0.67734375 0.4203125 0.12421875 0.07578125
19 0.78125 0.27734375 0.11953125 0.078125
2 0.39765625 0.2515625 0.10234375 0.0671875
2 0.246875 0.55078125 0.1 0.1078125
2 0.453125 0.46953125 0.11875 0.11640625
2 0.4890625 0.7296875 0.1 0.146875
2 0.74765625 0.484375 0.12265625 0.115625
0 0.56171875 0.5828125 0.2 0.08203125
0 0.14453125 0.55546875 0.0875 0.2234375
0 0.2453125 0.41953125 0.09609375 0.1359375
0 0.33046875 0.3125 0.040625 0.096875
0 0.45546875 0.28359375 0.16953125 0.1203125
0 0.4046875 0.8125 0.06171875 0.10234375
0 0.2921875 0.665625 0.053125 0.10859375
0 0.490625 0.396875 0.0671875 0.06015625
0 0.84921875 0.27421875 0.08515625 0.06484375
0 0.765625 0.68671875 0.06875 0.10859375
0 0.5421875 0.92109375 0.065625 0.109375
0 0.621875 0.825 0.04453125 0.05
0 0.86015625 0.540625 0.04296875 0.059375
0 0.640625 0.590625 0.0671875 0.05703125
0 0.5578125 0.49765625 0.03671875 0.0640625
0 0.66484375 0.35 0.065625 0.05390625