15 0.16302923125 0.17022804062500002 0.08036794375 0.32698479687500004 0.0521421359375 0.44860641875 0.0299647171875 0.48103885156250004 0.0299647171875 0.58644425625 0.048109878125 0.6594172296874999 0.0743195578125 0.7161739859375 0.13681955625 0.81076858125 0.197303425 0.8729307437499999 0.2557711671875 0.9161739859375 0.3283518140625 0.951309121875 0.4170614890625 0.9756334453125 0.6368195578125 0.9999577703125 0.7477066531250001 0.9702280406250001 0.8263356843749999 0.926984796875 0.89891633125 0.8269847968749999 0.96746471875 0.689146959375 0.9936743953124999 0.6026604734375 0.9984375 0.50688343125 0.9984375 0.47338120000000006 0.9815776203125001 0.37293074375 0.9392389109374999 0.2621199328125 0.9170614921875 0.21887668906250002 0.8626260078125 0.151309121875 0.7477066531250001 0.0756334453125 0.7517389109375 0.059417229687499996 0.267247596875 0.059417229687499996 0.26786794375 0.070228040625 0.21948084531249998 0.105363175 0.16302923125 0.17022804062500002
19 0.24765625 0.284375 0.0953125 0.1126953125
19 0.3953125 0.1703125 0.090234375 0.0939453125
19 0.50625 0.18671875 0.087890625 0.0919921875
19 0.54375 0.88515625 0.1341796875 0.1419921875
19 0.8734375 0.48359375 0.115234375 0.1044921875
19 0.76328125 0.6703125 0.1359375 0.1533203125
19 0.68515625 0.42578125 0.128125 0.078125
19 0.7921875 0.278125 0.122265625 0.08125
2 0.39609375 0.2515625 0.1048828125 0.0689453125
2 0.240625 0.56015625 0.103125 0.1109375
2 0.45390625 0.4765625 0.1232421875 0.1189453125
2 0.490625 0.7453125 0.103125 0.152734375
2 0.75703125 0.4921875 0.1265625 0.11875
0 0.565625 0.59375 0.2064453125 0.0845703125
0 0.13515625 0.565625 0.090625 0.2310546875
0 0.2390625 0.425 0.0998046875 0.140625
0 0.3265625 0.31484375 0.041015625 0.1
0 0.45625 0.284375 0.175 0.124609375
0 0.403125 0.83046875 0.0626953125 0.1048828125
0 0.2875 0.67890625 0.055859375 0.111328125
0 0.4921875 0.4015625 0.0689453125 0.0623046875
0 0.8625 0.275 0.0876953125 0.0658203125
0 0.7765625 0.70078125 0.0716796875 0.1125
0 0.54609375 0.94296875 0.0673828125 0.1125
0 0.62734375 0.84375 0.0455078125 0.050390625
0 0.8734375 0.55078125 0.0439453125 0.0609375
0 0.64765625 0.6015625 0.0701171875 0.059375
0 0.56171875 0.50546875 0.038671875 0.066796875
0 0.671875 0.353125 0.0685546875 0.0560546875