15 0.3733031671875 0 0.27149321249999997 0.0272727265625 0.18325791875 0.075757575 0.10180995468750001 0.1878787875 0.024886878125 0.3424242421875 0 0.42447552499999996 0 0.6430976421875 0.0090497734375 0.696969696875 0.0565610859375 0.8212121218749999 0.0814479640625 0.8696969703124999 0.1425339359375 0.9454545453125001 0.22543632812499997 1 0.8600765750000001 1 0.86425339375 0.996969696875 0.927601809375 0.9242424249999999 1 0.787065778125 1 0.27106549375 0.9570135750000001 0.20606060624999997 0.8891402718749999 0.1363636359375 0.8235294124999999 0.0878787875 0.7420814484375 0.0484848484375 0.6425339359375 0.021212121875 0.450729009375 0 0.3733031671875 0
19 0.23203125 0.24609375 0.107421875 0.126953125
19 0.3984375 0.11875 0.1 0.10625
19 0.52265625 0.13671875 0.0986328125 0.1017578125
19 0.56484375 0.91953125 0.15 0.1578125
19 0.93515625 0.46875 0.128125 0.1158203125
19 0.8109375 0.67890625 0.152734375 0.173046875
19 0.7234375 0.4046875 0.14375 0.0875
19 0.84375 0.2390625 0.1376953125 0.090625
2 0.39921875 0.209375 0.11875 0.078125
2 0.225 0.55546875 0.115625 0.1236328125
2 0.4640625 0.46171875 0.1375 0.134375
2 0.50546875 0.7625 0.115625 0.169140625
2 0.8046875 0.4796875 0.1408203125 0.1341796875
0 0.58984375 0.59296875 0.2326171875 0.0953125
0 0.10625 0.56171875 0.100390625 0.2580078125
0 0.2234375 0.40390625 0.1123046875 0.1576171875
0 0.321875 0.2796875 0.047265625 0.1125
0 0.46640625 0.246875 0.196875 0.13828125
0 0.40703125 0.85859375 0.0705078125 0.11875
0 0.27734375 0.6890625 0.061328125 0.125390625
0 0.50703125 0.378125 0.078125 0.0689453125
0 0.921875 0.2359375 0.0998046875 0.075
0 0.8265625 0.71328125 0.078515625 0.1263671875
0 0.56484375 0.96015625 0.0765625 0.0796875
0 0.659375 0.87265625 0.050390625 0.0578125
0 0.93515625 0.54453125 0.05 0.06875
0 0.68125 0.6015625 0.078125 0.0658203125
0 0.58515625 0.49453125 0.0423828125 0.0736328125
0 0.709375 0.3234375 0.075390625 0.0625