15 1 0.43359375 0.9765625 0.392578125 0.91015625 0.337890625 0.880859375 0.302734375 0.80078125 0.25390625 0.591796875 0.17578125 0.55078125 0.171875 0.51953125 0.177734375 0.39453125 0.173828125 0.2578125 0.1875 0.173828125 0.212890625 0.111328125 0.240234375 0.103515625 0.25 0.060546875 0.263671875 0 0.318359375 0 0.50390625 0.015625 0.515625 0.01171875 0.544921875 0.01953125 0.556640625 0.021484375 0.591796875 0.015625 0.603515625 0 0.59765625 0 0.705078125 0.009765625 0.7109375 0.037109375 0.787109375 0.0859375 0.849609375 0.11328125 0.873046875 0.150390625 0.875 0.189453125 0.900390625 0.2890625 0.935546875 0.306640625 0.9296875 0.326171875 0.939453125 0.37890625 0.939453125 0.40234375 0.947265625 0.49609375 0.94140625 0.65625 0.955078125 0.80078125 0.923828125 0.9375 0.859375 1 0.814453125 1 0.43359375
13 0.834375 0.3421875 0.128125 0.0890625
13 0.72265625 0.32578125 0.0984375 0.1125
13 0.61328125 0.25546875 0.06953125 0.07578125
13 0.44453125 0.26640625 0.10234375 0.07421875
13 0.29296875 0.2734375 0.12421875 0.0734375
13 0.17421875 0.415625 0.11796875 0.09375
13 0.4109375 0.64296875 0.09140625 0.06171875
13 0.346875 0.6 0.08046875 0.09921875
13 0.34140625 0.46171875 0.0859375 0.0734375
13 0.42578125 0.72890625 0.05546875 0.0703125
13 0.47109375 0.7921875 0.1046875 0.0296875
13 0.7375 0.7703125 0.13515625 0.07890625
13 0.84921875 0.49453125 0.11328125 0.09375
13 0.73671875 0.56484375 0.0703125 0.05859375
13 0.56796875 0.6265625 0.10625 0.09765625
13 0.51484375 0.5375 0.04453125 0.0390625
13 0.41484375 0.51328125 0.11328125 0.05625
11 0.86015625 0.54765625 0.09140625 0.065625
11 0.571875 0.81796875 0.1 0.05625
11 0.60859375 0.71328125 0.03828125 0.08046875
11 0.7296875 0.6765625 0.06875 0.025
11 0.5625 0.48984375 0.04296875 0.04296875
11 0.51640625 0.38828125 0.0421875 0.05859375
11 0.4375 0.32578125 0.06328125 0.03203125
11 0.6640625 0.403125 0.03671875 0.03203125
6 0.328125 0.34140625 0.078125 0.05078125
6 0.1796875 0.603125 0.0765625 0.07421875
6 0.196875 0.3484375 0.06328125 0.08359375
6 0.4484375 0.42265625 0.0390625 0.0671875
6 0.65234375 0.66484375 0.0375 0.07265625
6 0.7359375 0.76328125 0.075 0.0265625
6 0.825 0.665625 0.0625 0.059375