15 1 0.1834556296875 0.8846153843750001 0.129060025 0.8427601812500001 0.12001025000000001 0.31674208125000003 0.12001025000000001 0.31221719531250003 0.12227269375000001 0.3054298640625 0.12001025000000001 0.27903469062499997 0.12001025000000001 0.1764705875 0.1562093453125 0.13122171875 0.185621109375 0.08823529375 0.187883553125 0.0565610859375 0.21503287499999998 0 0.2874310640625 0 0.8692439375 0.027149321875 0.89376590625 0.0769230765625 0.9096030109375001 0.08597285 0.9209152296875001 0.15837104062500001 0.9525894375 0.255656109375 0.9820012015625 0.404394103125 0.996875 0.4448528953125 0.996875 0.5588235296875 0.9933134171875 0.57781863125 0.996875 0.6288929828125001 0.996875 0.6425339359375 0.9955758609375 0.8846153843750001 0.905078125 0.9773755656249999 0.8485170390624999 1 0.821367715625 1 0.1834556296875
13 0.9234375 0.3171875 0.147265625 0.103125
13 0.79453125 0.2984375 0.113671875 0.130859375
13 0.6671875 0.21640625 0.0810546875 0.0888671875
13 0.471875 0.2296875 0.11875 0.0873046875
13 0.29609375 0.23828125 0.14375 0.0857421875
13 0.159375 0.40234375 0.1373046875 0.1080078125
13 0.4328125 0.665625 0.1060546875 0.0716796875
13 0.35859375 0.615625 0.092578125 0.115234375
13 0.353125 0.45546875 0.0998046875 0.084375
13 0.45078125 0.76484375 0.064453125 0.08125
13 0.503125 0.83828125 0.121875 0.034375
13 0.81171875 0.81328125 0.1576171875 0.0919921875
13 0.9375 0.49296875 0.1248046875 0.1080078125
13 0.81015625 0.57578125 0.08125 0.0673828125
13 0.61484375 0.646875 0.1232421875 0.1126953125
13 0.553125 0.54296875 0.050390625 0.0451171875
13 0.4375 0.515625 0.1310546875 0.0654296875
11 0.95 0.5546875 0.0998046875 0.077734375
11 0.61953125 0.86875 0.115625 0.0654296875
11 0.66171875 0.746875 0.0451171875 0.09375
11 0.80234375 0.70390625 0.0796875 0.0296875
11 0.60859375 0.48828125 0.05 0.0486328125
11 0.5546875 0.3703125 0.0498046875 0.0685546875
11 0.46328125 0.2984375 0.0734375 0.0375
11 0.72578125 0.3875 0.0421875 0.0373046875
6 0.3375 0.315625 0.090234375 0.058984375
6 0.165625 0.61953125 0.0876953125 0.0859375
6 0.18515625 0.32421875 0.0734375 0.096875
6 0.4765625 0.4109375 0.046484375 0.0779296875
6 0.7125 0.69140625 0.04375 0.084375
6 0.81015625 0.8046875 0.0861328125 0.03125
6 0.91328125 0.69140625 0.073046875 0.06875