15 1 0.4216796875 0.990234375 0.4158203125 0.962890625 0.3396484375 0.9140625 0.2771484375 0.88671875 0.2537109375 0.849609375 0.2517578125 0.810546875 0.2263671875 0.7109375 0.1912109375 0.693359375 0.1970703125 0.673828125 0.1873046875 0.62109375 0.1873046875 0.59765625 0.1794921875 0.50390625 0.1853515625 0.346037946875 0.171875 0.3428466796875 0.171875 0.19921875 0.2029296875 0.0625 0.2673828125 0 0.3123046875 0 0.6931640625 0.0234375 0.7341796875 0.08984375 0.7888671875 0.119140625 0.8240234375 0.19921875 0.8728515625 0.408203125 0.9509765625 0.44716796875 0.9546875 0.45026041718750004 0.9546875 0.48046875 0.9490234375 0.60546875 0.9529296875 0.7421875 0.9392578125 0.826171875 0.9138671875 0.888671875 0.8865234375 0.896484375 0.8767578125 0.939453125 0.8630859375 1 0.8083984375 1 0.6228515625 0.984375 0.6111328125 0.98828125 0.5818359375 0.98046875 0.5701171875 0.978515625 0.5349609375 0.984375 0.5232421875 1 0.5291015625 1 0.4216796875
13 0.834375 0.3421875 0.128125 0.090234375
13 0.72265625 0.32578125 0.0984375 0.1125
13 0.61328125 0.25546875 0.0701171875 0.0763671875
13 0.44453125 0.26640625 0.1017578125 0.0736328125
13 0.29296875 0.2734375 0.1236328125 0.072265625
13 0.17421875 0.415625 0.1173828125 0.09375
13 0.4109375 0.64296875 0.091015625 0.061328125
13 0.346875 0.6 0.0810546875 0.0998046875
13 0.34140625 0.46171875 0.0859375 0.0734375
13 0.42578125 0.72890625 0.0548828125 0.0703125
13 0.47109375 0.7921875 0.1046875 0.02890625
13 0.7375 0.7703125 0.134765625 0.078515625
13 0.84921875 0.49453125 0.1138671875 0.09375
13 0.73671875 0.56484375 0.0703125 0.058203125
13 0.56796875 0.6265625 0.10625 0.0970703125
13 0.51484375 0.5375 0.0451171875 0.037890625
13 0.41484375 0.51328125 0.1138671875 0.05625
11 0.86015625 0.54765625 0.0919921875 0.065625
11 0.571875 0.81796875 0.1 0.05625
11 0.60859375 0.71328125 0.0388671875 0.0798828125
11 0.7296875 0.6765625 0.06875 0.025
11 0.5625 0.48984375 0.043359375 0.042578125
11 0.51640625 0.38828125 0.0421875 0.0580078125
11 0.4375 0.32578125 0.0626953125 0.0326171875
11 0.6640625 0.403125 0.0373046875 0.0314453125
6 0.328125 0.34140625 0.078125 0.0513671875
6 0.1796875 0.603125 0.077734375 0.0748046875
6 0.196875 0.3484375 0.0626953125 0.0841796875
6 0.4484375 0.42265625 0.040234375 0.0671875
6 0.65234375 0.66484375 0.0375 0.073046875
6 0.7359375 0.76328125 0.075 0.0265625
6 0.825 0.665625 0.0625 0.059375