15 1 0.071387615625 0.73619631875 0.025516056250000002 0.41411042968749995 0.03469036875 0.22699386562499999 0.075974771875 0.1564417171875 0.075974771875 0.1503067484375 0.08514908437499999 0.0828220859375 0.10120412812499999 0.00613496875 0.13560779843749998 0 0.14223369218749998 0 0.9801359765625 0.0286101921875 1 1 1 1 0.071387615625
9 0.11796875 0.69140625 0.0919921875 0.0875
9 0.14296875 0.81328125 0.1375 0.0767578125
9 0.68515625 0.64609375 0.1013671875 0.0625
9 0.7484375 0.5171875 0.1126953125 0.0748046875
9 0.85703125 0.4265625 0.0859375 0.0564453125
9 0.40703125 0.1953125 0.080078125 0.0375
9 0.53828125 0.1 0.0515625 0.059765625
17 0.0203125 0.25703125 0.0404296875 0.1736328125
17 0.09375 0.46875 0.1875 0.190625
17 0.09375 0.91484375 0.1875 0.119921875
17 0.4953125 0.90703125 0.5373046875 0.1859375
17 0.86171875 0.7796875 0.2763671875 0.059375
17 0.409375 0.67734375 0.4564453125 0.2607421875
17 0.31953125 0.42421875 0.4953125 0.2388671875
17 0.4703125 0.2234375 0.572265625 0.240234375
17 0.790625 0.09921875 0.1091796875 0.0673828125
17 0.890625 0.315625 0.21875 0.096875