15 1 0.1953125 0.9895287953125 0.177734375 0.9659685859374999 0.15234375 0.9005235609375 0.123046875 0.8429319375000001 0.109375 0.8376963343750001 0.1015625 0.7774869109375 0.1015625 0.617801046875 0.06640625 0.3429319375 0.05859375 0.117801046875 0.09765625 0 0.146484375 0 0.5234375 0.0130890046875 0.533203125 0 0.5390625 0 1 0.633507853125 1 0.6910994765625 0.98046875 0.7303664921874999 0.9765625 0.9267015703125001 0.90234375 1 0.8515625 1 0.1953125
9 0.21875 0.62578125 0.078125 0.075
9 0.23984375 0.7296875 0.1171875 0.06640625
9 0.70234375 0.5875 0.0859375 0.053125
9 0.75625 0.47734375 0.096875 0.06328125
9 0.84921875 0.40078125 0.0734375 0.0484375
9 0.465625 0.203125 0.06875 0.03203125
9 0.57734375 0.121875 0.04453125 0.0515625
17 0.09921875 0.25703125 0.109375 0.146875
17 0.06796875 0.62890625 0.1359375 0.1859375
17 0.1484375 0.4375 0.25859375 0.1609375
17 0.15078125 0.8171875 0.2578125 0.10234375
17 0.5421875 0.8640625 0.45859375 0.26640625
17 0.86875 0.7015625 0.26171875 0.05078125
17 0.4671875 0.6140625 0.38984375 0.221875
17 0.390625 0.3984375 0.42265625 0.203125
17 0.51953125 0.22734375 0.48984375 0.203125
17 0.79296875 0.12109375 0.0921875 0.0578125
17 0.89296875 0.30703125 0.2140625 0.0828125