15 1 0.07650659062500001 0.9176136359375 0.04237288125 0.6732954546875 0 0.375 0.008474576562499999 0.2017045453125 0.04661016875 0.1363636359375 0.04661016875 0.13068181875 0.0550847453125 0.06818181875 0.0699152546875 0 0.100423728125 0 0.8877118640624999 0.0397727265625 0.9152542374999999 0.25284090937500003 0.9957627125 0.29545454531250004 1 1 1 1 0.07650659062500001
9 0.19140625 0.615625 0.0857421875 0.08125
9 0.21484375 0.728125 0.1267578125 0.071875
9 0.71640625 0.5734375 0.09375 0.058984375
9 0.77578125 0.4546875 0.1046875 0.06875
9 0.87578125 0.37109375 0.0796875 0.053125
9 0.459375 0.15703125 0.075 0.0357421875
9 0.58125 0.06875 0.0470703125 0.0560546875
17 0.06171875 0.21484375 0.11875 0.159375
17 0.05078125 0.61796875 0.1015625 0.2015625
17 0.128125 0.41015625 0.2560546875 0.1763671875
17 0.128125 0.821875 0.2560546875 0.1095703125
17 0.54140625 0.8640625 0.496875 0.2716796875
17 0.8765625 0.696875 0.246875 0.055859375
17 0.46171875 0.60234375 0.4232421875 0.240625
17 0.378125 0.36875 0.4591796875 0.219140625
17 0.51796875 0.1828125 0.53125 0.221484375
17 0.81484375 0.06796875 0.1013671875 0.0638671875
17 0.903125 0.26875 0.1935546875 0.087890625