15 0.12844018125 0.32611990468749996 0.15633717656249999 0.34757913125 0.2722170046875 0.349725053125 0.8494702249999999 0.34543320781250003 0.9546204390625 0.336849515625 0.9717878203125 0.3218280578125 0.9996848187499999 0.266034065625 0.9911011265624999 0.2059482296875 0.9996848187499999 0.1673216203125 0.9953929703125001 0.092214325 0.96105820625 0.0514417921875 0.928869365625 0.047149946875 0.5705002671875 0.053587715625 0.4889552046875 0.047149946875 0.1498994109375 0.049295870312500004 0.12844018125 0.0707550953125 0.12844018125 0.32611990468749996
13 0.54609375 0.29140625 0.148828125 0.1140625
13 0.87265625 0.153125 0.234375 0.109375
16 0.27734375 0.16171875 0.1701171875 0.071875
16 0.321875 0.2734375 0.137109375 0.1279296875
16 0.4625 0.171875 0.074609375 0.03046875
19 0.8578125 0.75 0.075 0.096875
19 0.62578125 0.84375 0.0671875 0.0591796875
19 0.82734375 0.95234375 0.0453125 0.0953125
19 0.6140625 0.61171875 0.0966796875 0.053125
19 0.809375 0.640625 0.074609375 0.055859375
19 0.74765625 0.68046875 0.05625 0.0267578125
19 0.80234375 0.46953125 0.040625 0.0703125
19 0.9421875 0.54375 0.10625 0.1