15 0.173828125 0.099609375 0.1484375 0.150390625 0.15625 0.205078125 0.1484375 0.240234375 0.15234375 0.30859375 0.18359375 0.345703125 0.212890625 0.349609375 0.5390625 0.34375 0.61328125 0.349609375 0.921875 0.34765625 0.94140625 0.328125 0.94140625 0.095703125 0.916015625 0.076171875 0.810546875 0.07421875 0.28515625 0.078125 0.189453125 0.0859375 0.173828125 0.099609375
13 0.528125 0.296875 0.13515625 0.10390625
13 0.825 0.17109375 0.21328125 0.09921875
16 0.28359375 0.178125 0.15390625 0.06484375
16 0.32421875 0.28046875 0.1234375 0.115625
16 0.45234375 0.1875 0.0671875 0.02734375
19 0.8125 0.7140625 0.06796875 0.08828125
19 0.60078125 0.79921875 0.0609375 0.053125
19 0.78515625 0.90234375 0.040625 0.09375
19 0.58984375 0.5875 0.0875 0.0484375
19 0.76796875 0.6140625 0.0671875 0.04921875
19 0.71171875 0.65078125 0.0515625 0.025
19 0.76171875 0.45859375 0.03671875 0.0640625
19 0.8890625 0.5265625 0.096875 0.090625