15 0.9453125 0.24466038124999998 0.9453125 0.23109181250000002 0.9385556562499999 0.18379390625 0.9453125 0.1533881078125 0.9453125 0.12022049374999999 0.9426878875 0.0742897734375 0.9096300375 0.035033575 0.8812532234375 0.03125 0.8592297640625001 0.03125 0.5335969796875 0.0370996890625 0.459500896875 0.03125 0.39999689374999997 0.03125 0.1286383015625 0.032967459375 0.10797714375 0.053628617187500005 0.10797714375 0.299496384375 0.1348366484375 0.320157540625 0.22757945781250002 0.321875 0.2933011640625 0.321875 0.8021920203124999 0.318091425 0.9034316890625 0.30982696249999997 0.9199606156250001 0.2953641546875 0.9453125 0.24466038124999998
13 0.509375 0.26640625 0.1435546875 0.1107421875
13 0.8234375 0.1328125 0.2251953125 0.103515625
16 0.25078125 0.140625 0.163671875 0.06875
16 0.29296875 0.24921875 0.1298828125 0.1232421875
16 0.42890625 0.15078125 0.070703125 0.029296875
19 0.809375 0.7078125 0.071875 0.09375
19 0.5859375 0.79765625 0.065234375 0.05625
19 0.78046875 0.90703125 0.0423828125 0.0986328125
19 0.575 0.57421875 0.093359375 0.0515625
19 0.76328125 0.60234375 0.070703125 0.051953125
19 0.703125 0.640625 0.0533203125 0.0251953125
19 0.75625 0.4375 0.03828125 0.068359375
19 0.890625 0.509375 0.102734375 0.096484375