15 1 0.2728045640625 0.9603524234374999 0.19740349375 0.8942731281249999 0.13269761093750002 0.8612334796875001 0.08563878750000001 0.7863436125 0.032697610937499996 0.6091685015625 0.0003446703125 0.3316551296875 0.0003446703125 0.202643171875 0.029756434375 0.12334801718749999 0.0679917296875 0.013215859375 0.17093290625 0 0.1947024140625 0 0.76474889375 0.061674009375000005 0.8238740828125 0.169603525 0.8826976109375 0.370044053125 0.9562270234374999 0.466491428125 0.9671875 0.4854132265625 0.9671875 0.6035242296875001 0.9591681984375 0.75991189375 0.8974034937500001 0.9118942734375001 0.8150505515625 0.9823788546875001 0.741521140625 1 0.6955827640625001 1 0.2728045640625
19 0.07578125 0.4125 0.1515625 0.13125
19 0.13828125 0.6046875 0.18125 0.21875
19 0.34765625 0.6578125 0.1765625 0.2439453125
19 0.475 0.7 0.125390625 0.0810546875
19 0.62265625 0.64609375 0.1294921875 0.2044921875
19 0.81953125 0.55625 0.1955078125 0.1654296875
19 0.6953125 0.42890625 0.1564453125 0.1234375
19 0.63203125 0.57890625 0.1048828125 0.1361328125
19 0.53984375 0.45 0.1236328125 0.1439453125
19 0.33515625 0.4953125 0.1482421875 0.1376953125
19 0.23984375 0.37734375 0.1296875 0.109375
19 0.1046875 0.27578125 0.1345703125 0.1294921875
19 0.22734375 0.28515625 0.1078125 0.0578125
19 0.35625 0.27578125 0.1126953125 0.0921875
19 0.20703125 0.17265625 0.09375 0.0798828125
19 0.3609375 0.121875 0.109765625 0.065625
19 0.40625 0.19140625 0.0748046875 0.0701171875
19 0.825 0.11796875 0.059765625 0.0921875
19 0.63125 0.03671875 0.09453125 0.057421875
19 0.74765625 0.0875 0.084375 0.0658203125
19 0.7546875 0.1984375 0.1564453125 0.075
19 0.75390625 0.29609375 0.1296875 0.125
19 0.92265625 0.25703125 0.1544921875 0.14375
19 0.90546875 0.41484375 0.1609375 0.136328125
19 0.42421875 0.03359375 0.0736328125 0.0513671875
19 0.52890625 0.071875 0.091796875 0.06875
17 0.565625 0.23359375 0.2248046875 0.2455078125