15 1 0.375 0.904296875 0.203125 0.806640625 0.1119791671875 0.736328125 0.078125 0.576171875 0.0416666671875 0.447265625 0.0390625 0.21875 0.08072916718749999 0.15234375 0.1276041671875 0.123046875 0.1692708328125 0.064453125 0.2265625 0 0.3489583328125 0.00390625 0.6015625 0.044921875 0.7083333328125 0.107421875 0.7734375 0.2421875 0.8463541671874999 0.380859375 0.9010416671874999 0.49609375 0.9088541671874999 0.587890625 0.8984375 0.765625 0.8333333328125001 0.861328125 0.78125 0.9375 0.7083333328125 1 0.5859375 1 0.375
19 0.0859375 0.41953125 0.15546875 0.11796875
19 0.15234375 0.5875 0.1609375 0.19296875
19 0.3375 0.634375 0.15625 0.21640625
19 0.45078125 0.671875 0.11171875 0.07109375
19 0.58125 0.62421875 0.1140625 0.18046875
19 0.75625 0.54453125 0.1734375 0.14609375
19 0.64609375 0.43203125 0.1390625 0.109375
19 0.58984375 0.56484375 0.09375 0.12109375
19 0.5078125 0.45078125 0.11015625 0.128125
19 0.3265625 0.490625 0.13125 0.12265625
19 0.2421875 0.3859375 0.115625 0.096875
19 0.121875 0.29609375 0.11953125 0.1140625
19 0.23125 0.3046875 0.0953125 0.0515625
19 0.3453125 0.29609375 0.1 0.08125
19 0.21328125 0.20546875 0.08359375 0.07109375
19 0.34921875 0.159375 0.0984375 0.0578125
19 0.38984375 0.22109375 0.065625 0.06171875
19 0.7609375 0.15625 0.053125 0.08203125
19 0.5890625 0.084375 0.084375 0.05078125
19 0.6921875 0.1296875 0.075 0.05859375
19 0.6984375 0.228125 0.13984375 0.06640625
19 0.69765625 0.3140625 0.11484375 0.11015625
19 0.85390625 0.28125 0.1484375 0.12734375
19 0.83203125 0.41953125 0.14296875 0.12109375
19 0.40546875 0.08203125 0.065625 0.0453125
19 0.4984375 0.115625 0.08046875 0.0609375
17 0.53125 0.259375 0.1984375 0.21796875