15 1 0.3261284734375 0.95 0.22821180624999998 0.86875 0.150434028125 0.7666666671875 0.0948784734375 0.5770833328125 0.025434028125 0.4791666671875 0.014322917187500001 0.35625 0.0226562515625 0.20833333281250002 0.080989584375 0.0645833328125 0.1587673625 0 0.2260416671875 0 0.7064946328125 0.01875 0.7421006953125 0.08125 0.80321180625 0.1125 0.84765625 0.1833333328125 0.89765625 0.41899006562499996 0.940625 0.5001302421875 0.940625 0.5645833328125 0.9393229171874999 0.7354166671875 0.9004340265625 0.8104166671874999 0.8643229171875 0.9145833328125 0.7671006953124999 1 0.613699334375 1 0.3261284734375
19 0.0625 0.41796875 0.125 0.125
19 0.1125 0.5984375 0.1716796875 0.20625
19 0.309375 0.64921875 0.1658203125 0.2298828125
19 0.43046875 0.6890625 0.1201171875 0.077734375
19 0.5703125 0.63828125 0.121875 0.1921875
19 0.75625 0.553125 0.1845703125 0.1560546875
19 0.6390625 0.4328125 0.147265625 0.116015625
19 0.57890625 0.575 0.1 0.128515625
19 0.4921875 0.453125 0.118359375 0.137109375
19 0.2984375 0.4953125 0.140234375 0.130859375
19 0.2078125 0.384375 0.122265625 0.103125
19 0.08046875 0.28828125 0.1267578125 0.121875
19 0.19609375 0.296875 0.1017578125 0.055859375
19 0.31796875 0.28828125 0.107421875 0.086328125
19 0.17734375 0.19140625 0.0890625 0.0763671875
19 0.32265625 0.1421875 0.1048828125 0.0623046875
19 0.365625 0.20859375 0.069140625 0.065625
19 0.76171875 0.1390625 0.0576171875 0.0875
19 0.57890625 0.0625 0.0892578125 0.0533203125
19 0.68828125 0.11015625 0.0798828125 0.0625
19 0.69453125 0.21484375 0.1486328125 0.0703125
19 0.69375 0.30703125 0.122265625 0.117578125
19 0.8609375 0.271875 0.15859375 0.13671875
19 0.8375 0.41953125 0.1529296875 0.1296875
19 0.38203125 0.059375 0.0703125 0.04921875
19 0.48125 0.0953125 0.087109375 0.0654296875
17 0.51640625 0.2484375 0.2111328125 0.233984375