15 1 0.168804825 0 0.168804825 0 0.85543519375 0.046052631249999997 0.86178728125 0.16008771875 0.8530153500000001 0.23464912343750002 0.8705592093750001 0.2763157890625 0.896875 0.35087719375000004 0.9012609656249999 0.39912280624999996 0.896875 0.45175438593750006 0.8705592093750001 0.5416666671875 0.8771381578125 0.6118421046875 0.896875 0.6513157890625 0.9253837703125001 0.7061403515625 0.9275767531250001 0.7653508765625 0.9802083343750001 0.8223684203125 0.9824013140625001 0.896929825 0.999945175 1 0.9977752765625001 1 0.168804825
15 0 0.2359375 0.2393948734375 0.2359375 0.24776589843750002 0.2263706140625 0.278467653125 0.15619517656249998 0.33109923281250003 0.1013706140625 0.340625 0.0575520796875 0.340625 0.05010964999999999 0.3267132671875 0.0421600890625 0.26092379375 0.044353071875 0.181976425 0.024616228125 0.1227658984375 0.02900219375 0.0898711625 0.009265353125 0.0021518640625 0.0004934234375 0.006537828125000001 0.0487390375 0 0.05408816875 0 0.2359375
15 0.5041872234375 0.09375 0.996875 0.09375 0.996875 0.091218478125 0.9910293296875 0.0842036734375 0.8769942421874999 0.046922971875000004 0.83752055625 0.00964226875 0.7805030125 0.000870340625 0.738836346875 0.024993146875 0.657695996875 0.024993146875 0.5305030125 0.016221215625 0.5041872234375 0.00043174218749999994 0.5041872234375 0.09375
13 0.85859375 0.403125 0.2828125 0.187890625
13 0.12265625 0.53203125 0.2453125 0.208203125
13 0.93828125 0.25859375 0.1232421875 0.1669921875
13 0.05703125 0.0515625 0.1140625 0.0904296875
13 0.66015625 0.01171875 0.1515625 0.0234375
7 0.31640625 0.5890625 0.3263671875 0.13125
7 0.36953125 0.5015625 0.158203125 0.083984375
7 0.22890625 0.78671875 0.4578125 0.1671875
7 0.79375 0.65703125 0.4125 0.309375
7 0.0578125 0.17421875 0.100390625 0.066796875
7 0.98359375 0.0265625 0.0328125 0.052734375