15 1 0.18359375 0.814453125 0.1796875 0.748046875 0.1953125 0.697265625 0.197265625 0.64453125 0.244140625 0.595703125 0.24609375 0.560546875 0.271484375 0.498046875 0.2890625 0.41796875 0.294921875 0.37109375 0.271484375 0.328125 0.267578125 0.26171875 0.271484375 0.224609375 0.294921875 0.158203125 0.310546875 0.056640625 0.302734375 0 0.310546875 0 0.576171875 0.009765625 0.599609375 0 0.615234375 0 0.990234375 0.01171875 1 0.486328125 1 0.51171875 0.9921875 0.533203125 1 0.681640625 1 0.638671875 0.986328125 0.708984375 0.986328125 0.7109375 1 1 1 1 0.18359375
15 0 0.1796875 0.021484375 0.197265625 0.017578125 0.240234375 0.095703125 0.232421875 0.125 0.21484375 0.177734375 0.21875 0.248046875 0.201171875 0.306640625 0.203125 0.3203125 0.1953125 0.310546875 0.150390625 0.263671875 0.1015625 0.236328125 0.0390625 0.208984375 0.0078125 0.1875 0.001953125 0.0078125 0 0 0.0078125 0 0.1796875
15 0.466796875 0 0.462890625 0.02734375 0.47265625 0.0390625 0.57421875 0.072265625 0.609375 0.10546875 0.66015625 0.11328125 0.697265625 0.091796875 0.76953125 0.091796875 0.8828125 0.099609375 0.912109375 0.1171875 0.93359375 0.119140625 0.986328125 0.115234375 1 0.099609375 1 0.078125 0.990234375 0.0625 1 0.046875 1 0.013671875 0.984375 0.01171875 0.974609375 0 0.75 0 0.7421875 0.01171875 0.732421875 0.01171875 0.7265625 0 0.466796875 0
13 0.784375 0.390625 0.25703125 0.16796875
13 0.11796875 0.50390625 0.2359375 0.1859375
13 0.88125 0.2609375 0.16953125 0.1484375
13 0.06015625 0.07578125 0.11484375 0.08046875
13 0.6046875 0.025 0.134375 0.05
7 0.29765625 0.55390625 0.28984375 0.1171875
7 0.34453125 0.47578125 0.14140625 0.07421875
7 0.21328125 0.73125 0.42109375 0.146875
7 0.76953125 0.615625 0.4578125 0.275
7 0.0671875 0.184375 0.08984375 0.059375
7 0.9203125 0.04296875 0.08671875 0.06796875