15 0.3776622765625 0 0.312235278125 0.0128205125 0.24198734531250002 0.00641025625 0.2047972625 0.028846153125000003 0.1490121390625 0.08012820468750001 0.0952931296875 0.1634615390625 0.014714617187500001 0.349358975 0.0023179234375 0.45512820468750004 0.0023179234375 0.5320512828124999 0.014714617187500001 0.6602564109375 0.0828964359375 0.8012820515625 0.14074767500000002 0.86858974375 0.1758716421875 0.9294871796875 0.20892949375 0.9551282046875 0.212545196875 1 0.722152634375 1 0.71719395625 0.9903846156249999 0.9093427171874999 0.8429487171875 0.96719395625 0.7564102562499999 1 0.68370821875 1 0.33776375625 0.9961195765624999 0.3237179484375 0.9547972625 0.23076923124999998 0.8576898249999999 0.121794871875 0.7399212296875 0.028846153125000003 0.6572766015625 0.003205128125 0.6549522203125 0 0.3776622765625 0
13 0.56328125 0.48828125 0.1017578125 0.1107421875
13 0.48046875 0.67578125 0.0984375 0.1142578125
13 0.53828125 0.6171875 0.096875 0.1345703125
13 0.63046875 0.59453125 0.126953125 0.1125
13 0.70625 0.53828125 0.1498046875 0.11875
13 0.63671875 0.41484375 0.0798828125 0.0859375
13 0.59921875 0.21796875 0.09375 0.073828125
13 0.66875 0.290625 0.081640625 0.056640625
13 0.73203125 0.38359375 0.0888671875 0.084375
13 0.7296875 0.7578125 0.115625 0.115234375
13 0.83828125 0.44609375 0.0828125 0.0892578125
13 0.91328125 0.35390625 0.079296875 0.089453125
13 0.71796875 0.19765625 0.071875 0.073828125
13 0.84296875 0.16875 0.0640625 0.0904296875
13 0.7375 0.08828125 0.0595703125 0.0796875
1 0.221875 0.5453125 0.11875 0.137109375
1 0.18203125 0.128125 0.0673828125 0.0904296875
1 0.29609375 0.378125 0.1298828125 0.1248046875
1 0.3890625 0.5 0.1033203125 0.1189453125
1 0.4375 0.41640625 0.0935546875 0.1138671875
1 0.21953125 0.284375 0.071875 0.0873046875
1 0.284375 0.20859375 0.0720703125 0.06875
1 0.35546875 0.24140625 0.06875 0.0736328125
1 0.39375 0.178125 0.0720703125 0.08125
1 0.3296875 0.11015625 0.0685546875 0.0828125
1 0.39609375 0.0625 0.0736328125 0.078125
1 0.515625 0.05546875 0.1373046875 0.1048828125
1 0.51015625 0.134375 0.075 0.0904296875
0 0.14140625 0.62421875 0.09375 0.0611328125
0 0.190625 0.4078125 0.0716796875 0.1
0 0.478125 0.30859375 0.0498046875 0.0611328125
0 0.3109375 0.68203125 0.134375 0.1
0 0.33125 0.5546875 0.040234375 0.046484375
0 0.4796875 0.55390625 0.0689453125 0.109375
0 0.50546875 0.4328125 0.0330078125 0.08125
0 0.7765625 0.146875 0.0779296875 0.059375
0 0.3375 0.05390625 0.043359375 0.0576171875
0 0.58671875 0.415625 0.0423828125 0.0689453125
0 0.32890625 0.28046875 0.0453125 0.046875
0 0.2375 0.69296875 0.043359375 0.080078125
0 0.79609375 0.26328125 0.128125 0.035546875
13 0.88671875 0.23515625 0.0986328125 0.1078125
0 0.709375 0.1875 0.0341796875 0.050390625
0 0.6109375 0.13359375 0.053125 0.0171875
0 0.65078125 0.86640625 0.034375 0.0423828125