15 0.1809832328125 0 0.17717225781249998 0.0474683546875 0.1446519328125 0.07278480937500001 0.1100990859375 0.1329113921875 0.05318851718749999 0.1993670890625 0.0003429890625 0.30907173125 0.0003429890625 0.6785134687500001 0.0653836390625 0.8291139234375 0.11822916718750001 0.9113924046875 0.1731072171875 0.9620253171875 0.20969258281249997 0.984177215625 0.278798271875 0.9778481015624999 0.391433775 1 0.6090828265625 1 0.6182291671875 0.9873417718749999 0.6995299796875 0.9620253171875 0.8153836374999999 0.8702531640625001 0.9109120953125001 0.7626582281250001 0.9515625 0.6708860765625 0.98125 0.56303401875 0.98125 0.41683643281249994 0.9657901421874999 0.3386075953125 0.9231072156250001 0.2436708859375 0.8661966453125001 0.15822784843749998 0.67717225625 0.012658228125 0.6836763203125 0 0.1809832328125 0
13 0.52578125 0.49140625 0.1013671875 0.109375
13 0.44375 0.6765625 0.096875 0.1126953125
13 0.5015625 0.61875 0.094140625 0.13203125
13 0.5921875 0.596875 0.125 0.112109375
13 0.66640625 0.540625 0.146875 0.118359375
13 0.59765625 0.41875 0.079296875 0.084765625
13 0.5609375 0.225 0.091015625 0.074609375
13 0.6296875 0.29609375 0.0814453125 0.0576171875
13 0.69140625 0.38828125 0.0861328125 0.0828125
13 0.6890625 0.7578125 0.11484375 0.1125
13 0.796875 0.45 0.08125 0.0876953125
13 0.8703125 0.359375 0.0779296875 0.0876953125
13 0.678125 0.2046875 0.0716796875 0.072265625
13 0.80078125 0.1765625 0.0638671875 0.090234375
13 0.696875 0.096875 0.059375 0.0783203125
1 0.18984375 0.54765625 0.1169921875 0.1357421875
1 0.15078125 0.1359375 0.0671875 0.090234375
1 0.2625 0.3828125 0.1283203125 0.1220703125
1 0.35390625 0.503125 0.1017578125 0.1185546875
1 0.40234375 0.42109375 0.0919921875 0.1111328125
1 0.1875 0.28984375 0.069140625 0.0859375
1 0.2515625 0.215625 0.071484375 0.068359375
1 0.32109375 0.24765625 0.0673828125 0.0734375
1 0.35859375 0.18515625 0.070703125 0.0796875
1 0.29609375 0.11875 0.0671875 0.0814453125
1 0.3609375 0.07109375 0.072265625 0.0767578125
1 0.47890625 0.0640625 0.134375 0.103515625
1 0.4734375 0.1421875 0.0748046875 0.0876953125
0 0.1109375 0.62578125 0.09140625 0.0609375
0 0.159375 0.41171875 0.0689453125 0.0984375
0 0.4421875 0.3140625 0.047265625 0.059765625
0 0.27734375 0.6828125 0.132421875 0.09765625
0 0.29765625 0.55703125 0.0390625 0.0453125
0 0.44296875 0.55625 0.06875 0.106640625
0 0.46875 0.43671875 0.031640625 0.0798828125
0 0.7359375 0.1546875 0.077734375 0.0591796875
0 0.303125 0.0625 0.0408203125 0.05625
0 0.54921875 0.41953125 0.0421875 0.06875
0 0.29453125 0.2859375 0.0451171875 0.0466796875
0 0.2046875 0.69375 0.041015625 0.0783203125
0 0.7546875 0.26953125 0.127734375 0.0357421875
13 0.84375 0.24140625 0.097265625 0.10625
0 0.66953125 0.19453125 0.0328125 0.0513671875
0 0.57265625 0.14140625 0.0517578125 0.0171875
0 0.61171875 0.86484375 0.0330078125 0.0421875