15 0.6953125 1 0.6875 0.98480243125 0.869140625 0.8449848031249999 0.923828125 0.7629179328125 0.96484375 0.6717325234375 0.98046875 0.5927051671875 0.98046875 0.45896656562500004 0.951171875 0.3525835859375 0.912109375 0.264437690625 0.8203125 0.16109422499999998 0.708984375 0.07294832812499999 0.630859375 0.04863221875 0.61328125 0.024316109375 0.490234375 0.0212765953125 0.3046875 0.057750759375 0.23828125 0.0516717328125 0.203125 0.07294832812499999 0.150390625 0.121580546875 0.099609375 0.20060790312500001 0.0234375 0.3768996953125 0.01171875 0.47720364687499994 0.01171875 0.550151975 0.0234375 0.6717325234375 0.087890625 0.8054711250000001 0.142578125 0.8693009125 0.17578125 0.927051671875 0.20703125 0.9513677812499999 0.2109375 1 0.6953125 1
13 0.5421875 0.50859375 0.096875 0.1046875
13 0.4640625 0.68671875 0.09296875 0.10859375
13 0.51875 0.63125 0.09140625 0.128125
13 0.60625 0.609375 0.1203125 0.10625
13 0.67734375 0.55625 0.140625 0.1125
13 0.61171875 0.43828125 0.07578125 0.08203125
13 0.57578125 0.25234375 0.08828125 0.0703125
13 0.6421875 0.32109375 0.07890625 0.0546875
13 0.7015625 0.409375 0.08359375 0.0796875
13 0.69921875 0.7640625 0.109375 0.1078125
13 0.80234375 0.46875 0.078125 0.08515625
13 0.8734375 0.38125 0.07421875 0.08515625
13 0.6890625 0.23359375 0.06796875 0.0703125
13 0.80625 0.20625 0.0609375 0.08515625
13 0.70703125 0.1296875 0.05703125 0.07578125
1 0.21953125 0.5625 0.11171875 0.1296875
1 0.18203125 0.1671875 0.06484375 0.08515625
1 0.28984375 0.4046875 0.1234375 0.1171875
1 0.37734375 0.51953125 0.0984375 0.11328125
1 0.4234375 0.440625 0.0875 0.1078125
1 0.2171875 0.31484375 0.06796875 0.08203125
1 0.27890625 0.24375 0.06875 0.065625
1 0.3453125 0.27421875 0.065625 0.0703125
1 0.38203125 0.21484375 0.06875 0.0765625
1 0.32109375 0.15078125 0.06484375 0.078125
1 0.384375 0.1046875 0.0703125 0.07421875
1 0.496875 0.0984375 0.12890625 0.1
1 0.4921875 0.1734375 0.07109375 0.08515625
0 0.14375 0.6375 0.08828125 0.05859375
0 0.18984375 0.43203125 0.0671875 0.09453125
0 0.46171875 0.33828125 0.046875 0.05859375
0 0.30390625 0.69296875 0.1265625 0.09453125
0 0.3234375 0.571875 0.0375 0.04375
0 0.4625 0.57109375 0.065625 0.10390625
0 0.4875 0.45546875 0.03203125 0.07734375
0 0.74453125 0.18515625 0.0734375 0.05625
0 0.32890625 0.096875 0.03984375 0.05390625
0 0.56484375 0.43984375 0.040625 0.06640625
0 0.3203125 0.31171875 0.04296875 0.04453125
0 0.234375 0.703125 0.040625 0.07578125
0 0.7625 0.2953125 0.12109375 0.03359375
13 0.84765625 0.26875 0.09375 0.10234375
0 0.68046875 0.2234375 0.03125 0.0484375
0 0.5875 0.17265625 0.05078125 0.01640625
0 0.625 0.8671875 0.03203125 0.040625