15 0.3173927828125 0 0.3030973453125 0.0022123890625 0.2853982296875 0.015486725000000002 0.17256637187499999 0.05088495625 0.0287610625 0.1261061953125 0 0.151321371875 0 1 0.83263925 1 0.9292035390625 0.9380530968749999 1 0.8694690265625 1 0.5464601765625 0.9867256640625 0.5309734515625 1 0.5 1 0.14159292031249998 0.9579646015625001 0.1084070796875 0.9292035390625 0.10398230156249999 0.8274336281249999 0.037610618750000005 0.7632743359374999 0.0199115046875 0.7284292031249999 0 0.3173927828125 0
19 0.1109375 0.4625 0.058984375 0.043359375
19 0.17578125 0.425 0.0671875 0.0845703125
19 0.315625 0.5265625 0.1126953125 0.053125
19 0.2859375 0.36015625 0.153125 0.0984375
19 0.1875 0.24453125 0.0748046875 0.034375
19 0.5390625 0.72890625 0.0435546875 0.0734375
19 0.43046875 0.65 0.128125 0.04375
19 0.578125 0.58046875 0.040234375 0.034375
19 0.82890625 0.540625 0.0701171875 0.0466796875
19 0.9578125 0.575 0.0658203125 0.0466796875
19 0.99296875 0.37890625 0.0140625 0.0296875
19 0.97421875 0.32734375 0.051171875 0.0265625
19 0.76171875 0.278125 0.0796875 0.059375
19 0.58203125 0.37265625 0.0419921875 0.0375
19 0.71484375 0.19140625 0.0421875 0.03125
19 0.6109375 0.0796875 0.0564453125 0.0283203125
19 0.55390625 0.07578125 0.0296875 0.0328125
19 0.38828125 0.1046875 0.0359375 0.0220703125
19 0.80078125 0.128125 0.065625 0.034765625
19 0.7140625 0.13515625 0.047265625 0.021875
19 0.65234375 0.12734375 0.0234375 0.0173828125
0 0.03125 0.41875 0.0623046875 0.1375
0 0.134375 0.31171875 0.159375 0.1142578125
0 0.14296875 0.20703125 0.128125 0.0923828125
0 0.30234375 0.22734375 0.1078125 0.1140625
0 0.16796875 0.10390625 0.0703125 0.0580078125
0 0.3828125 0.04921875 0.0810546875 0.084375
0 0.28671875 0.0609375 0.0513671875 0.121875
0 0.4 0.5828125 0.159375 0.040625
0 0.22265625 0.71015625 0.0705078125 0.178125
0 0.18203125 0.54765625 0.151171875 0.126171875
0 0.02890625 0.44453125 0.0578125 0.1767578125
0 0.878125 0.77890625 0.1623046875 0.3361328125
0 0.66875 0.55078125 0.093359375 0.1330078125
0 0.52734375 0.565625 0.067578125 0.065234375
0 0.48203125 0.12421875 0.092578125 0.0578125
0 0.56484375 0.3046875 0.0548828125 0.0654296875
0 0.60234375 0.21015625 0.075 0.0673828125
0 0.54609375 0.171875 0.0451171875 0.0908203125
0 0.69765625 0.10234375 0.1205078125 0.0294921875
0 0.703125 0.38125 0.2001953125 0.0626953125
0 0.83828125 0.37421875 0.1390625 0.0888671875
0 0.67578125 0.54609375 0.109375 0.2111328125
0 0.8390625 0.48984375 0.0689453125 0.0888671875
0 0.38984375 0.803125 0.1111328125 0.2779296875
0 0.571875 0.87265625 0.100390625 0.1888671875
0 0.95859375 0.28203125 0.035546875 0.061328125
0 0.41171875 0.48125 0.116796875 0.091015625
0 0.45546875 0.37890625 0.075 0.1517578125