15 1 0.27734375 0.857421875 0.15234375 0.73046875 0.0859375 0.630859375 0.0546875 0.615234375 0.04296875 0.451171875 0.017578125 0.25 0.03515625 0.208984375 0.05859375 0.15234375 0.07421875 0.0625 0.1328125 0.037109375 0.13671875 0 0.166015625 0 0.482421875 0.01171875 0.509765625 0 0.5234375 0 0.80859375 0.0625 0.869140625 0.166015625 0.935546875 0.330078125 0.998046875 0.654296875 1 0.853515625 0.94921875 0.9375 0.91015625 1 0.859375 1 0.27734375
19 0.09765625 0.44921875 0.0515625 0.03828125
19 0.15546875 0.41640625 0.059375 0.075
19 0.278125 0.50546875 0.1 0.046875
19 0.25234375 0.35859375 0.13515625 0.08671875
19 0.16484375 0.25703125 0.065625 0.0296875
19 0.47578125 0.684375 0.03828125 0.06484375
19 0.3796875 0.61484375 0.11328125 0.03828125
19 0.51015625 0.55390625 0.03515625 0.03046875
19 0.73125 0.51796875 0.0609375 0.040625
19 0.84609375 0.5484375 0.05859375 0.040625
19 0.9234375 0.4890625 0.0671875 0.06953125
19 0.8828125 0.3765625 0.01953125 0.02421875
19 0.8671875 0.33125 0.05859375 0.02421875
19 0.67265625 0.28671875 0.0703125 0.05234375
19 0.5140625 0.3703125 0.03671875 0.0328125
19 0.63046875 0.21015625 0.03671875 0.02734375
19 0.53984375 0.1109375 0.05 0.02578125
19 0.4890625 0.1078125 0.0265625 0.02890625
19 0.34296875 0.13359375 0.03125 0.0203125
19 0.70703125 0.15390625 0.0578125 0.03125
19 0.63046875 0.16015625 0.0421875 0.01953125
19 0.57578125 0.153125 0.02109375 0.015625
0 0.02734375 0.4109375 0.0546875 0.12109375
0 0.11875 0.31640625 0.140625 0.1015625
0 0.1265625 0.22421875 0.11328125 0.08203125
0 0.2671875 0.24140625 0.0953125 0.10078125
0 0.1484375 0.1328125 0.06171875 0.0515625
0 0.33828125 0.084375 0.07109375 0.075
0 0.253125 0.09140625 0.0453125 0.11796875
0 0.353125 0.55546875 0.140625 0.0359375
0 0.196875 0.66796875 0.0625 0.15703125
0 0.16015625 0.525 0.13359375 0.1109375
0 0.025 0.4328125 0.05 0.15625
0 0.775 0.728125 0.14296875 0.296875
0 0.9328125 0.66953125 0.13359375 0.18359375
0 0.58984375 0.52734375 0.08125 0.11796875
0 0.465625 0.540625 0.06015625 0.0578125
0 0.42578125 0.15078125 0.08203125 0.05078125
0 0.49921875 0.31015625 0.04921875 0.0578125
0 0.53203125 0.2265625 0.065625 0.06015625
0 0.4828125 0.19296875 0.03984375 0.08046875
0 0.61640625 0.13125 0.10703125 0.025
0 0.62109375 0.378125 0.17734375 0.05546875
0 0.73984375 0.371875 0.12265625 0.078125
0 0.596875 0.5234375 0.096875 0.18671875
0 0.740625 0.4734375 0.0609375 0.078125
0 0.34375 0.75 0.0984375 0.2453125
0 0.5046875 0.81171875 0.08984375 0.16640625
0 0.959375 0.409375 0.08125 0.08828125
0 0.846875 0.28984375 0.03125 0.0546875
0 0.36328125 0.465625 0.103125 0.08046875
0 0.40234375 0.37578125 0.065625 0.134375