15 1 0.16239995625 0.9665354328125 0.1359805609375 0.9409448812500001 0.132043553125 0.8503937015625 0.072988434375 0.7933070859375 0.05724040312499999 0.7519685046875 0.033618356249999995 0.5492125984375 0.015901820312500002 0.3838582671875 0.041492371875 0.36811023593750003 0.0533033953125 0.2677165359375 0.0847994578125 0.1397637796875 0.1517285921875 0 0.2742612203125 0 0.8675258359375 0.05905511875 0.9155081203125001 0.14370078749999998 0.9548781984374999 0.320717084375 1 0.6819981828125 1 0.8366141734375001 0.9410986703124999 0.9409448812500001 0.8741695375 1 0.8169598921875 1 0.521151165625 0.9921259843750001 0.5119648125 1 0.49359210937500003 1 0.16239995625
19 0.09453125 0.45078125 0.051953125 0.038671875
19 0.15234375 0.41796875 0.060546875 0.076171875
19 0.2765625 0.5078125 0.1001953125 0.046875
19 0.25078125 0.359375 0.1359375 0.0875
19 0.1625 0.25703125 0.065625 0.030078125
19 0.47578125 0.6875 0.0388671875 0.0654296875
19 0.37890625 0.61796875 0.1140625 0.0390625
19 0.51015625 0.55625 0.0357421875 0.0310546875
19 0.73359375 0.5203125 0.0611328125 0.0408203125
19 0.8484375 0.55078125 0.059375 0.041796875
19 0.92734375 0.490625 0.067578125 0.069140625
19 0.88515625 0.378125 0.019921875 0.024609375
19 0.8703125 0.33203125 0.059375 0.025
19 0.67421875 0.28671875 0.0705078125 0.0517578125
19 0.5140625 0.37109375 0.0375 0.0330078125
19 0.63203125 0.21015625 0.0375 0.0267578125
19 0.53984375 0.11015625 0.051171875 0.026171875
19 0.4890625 0.10625 0.027734375 0.0283203125
19 0.34140625 0.1328125 0.032421875 0.02109375
19 0.70859375 0.153125 0.0580078125 0.03125
19 0.63125 0.159375 0.0435546875 0.0189453125
19 0.5765625 0.15234375 0.0216796875 0.015625
0 0.02578125 0.41171875 0.0515625 0.121875
0 0.115625 0.3171875 0.143359375 0.1029296875
0 0.1234375 0.2234375 0.11484375 0.08359375
0 0.265625 0.24140625 0.0966796875 0.1015625
0 0.14609375 0.13203125 0.0625 0.0517578125
0 0.33671875 0.08359375 0.071875 0.075
0 0.2515625 0.08984375 0.0466796875 0.11875
0 0.35234375 0.5578125 0.1421875 0.03515625
0 0.19453125 0.671875 0.0638671875 0.1591796875
0 0.1578125 0.5265625 0.134375 0.1123046875
0 0.0234375 0.43515625 0.046875 0.1578125
0 0.77734375 0.73203125 0.1451171875 0.2986328125
0 0.93359375 0.6703125 0.1328125 0.184375
0 0.590625 0.5296875 0.0814453125 0.1189453125
0 0.46484375 0.5421875 0.060546875 0.05859375
0 0.425 0.15 0.081640625 0.050390625
0 0.49921875 0.3109375 0.048828125 0.05859375
0 0.53203125 0.2265625 0.0669921875 0.0595703125
0 0.48203125 0.1921875 0.0392578125 0.08125
0 0.6171875 0.13046875 0.108984375 0.0263671875
0 0.621875 0.37890625 0.1783203125 0.05625
0 0.74140625 0.37265625 0.1236328125 0.078125
0 0.59765625 0.52578125 0.0982421875 0.1888671875
0 0.7421875 0.475 0.0623046875 0.0783203125
0 0.34296875 0.75390625 0.0986328125 0.246875
0 0.5046875 0.815625 0.090625 0.16796875
0 0.96015625 0.409375 0.0796875 0.090625
0 0.84921875 0.28984375 0.03125 0.0548828125
0 0.3625 0.4671875 0.1033203125 0.08125
0 0.4015625 0.3765625 0.0658203125 0.1345703125