15 0.6208513703125 0 0.5974025968750001 0.014450867187499999 0.44372294375 0.03468208125 0.30519480468750004 0.0231213875 0.1948051953125 0.03468208125 0.090909090625 0.089595375 0.0454545453125 0.1560693640625 0.0108225109375 0.2803468203125 0 0.30744219687499996 0 0.8748967796875 0.0324675328125 0.9306358375 0.0610389609375 1 0.8376623375 1 0.9134199140625 0.9277456640624999 0.958874459375 0.8988439312500001 0.9740259734375 0.87572254375 1 0.790351265625 1 0.552023121875 0.99350649375 0.5346820812499999 0.9978354984375001 0.48843930625 0.9913419906250001 0.447976878125 0.9545454546875 0.31502890156249996 0.9025974031249999 0.26011560624999996 0.8484848484375 0.176300578125 0.629136990625 0 0.6208513703125 0
0 0.3578125 0.43984375 0.3623046875 0.1140625
2 0.44765625 0.26328125 0.1798828125 0.096875
2 0.69921875 0.209375 0.0888671875 0.0529296875
2 0.69140625 0.290625 0.109375 0.0904296875
2 0.634375 0.34140625 0.081640625 0.0515625
2 0.8015625 0.3328125 0.0625 0.05859375
2 0.6140625 0.40390625 0.0625 0.0669921875
2 0.6484375 0.47734375 0.1 0.1140625
2 0.7609375 0.496875 0.05 0.14453125
2 0.7125 0.5984375 0.099609375 0.0935546875
2 0.6796875 0.71953125 0.0935546875 0.1236328125
2 0.6 0.68671875 0.05625 0.0826171875
2 0.528125 0.81015625 0.0970703125 0.1798828125
2 0.3484375 0.6765625 0.115625 0.041015625
2 0.3 0.52890625 0.119140625 0.090625
2 0.4578125 0.65703125 0.0501953125 0.1140625
2 0.4375 0.5390625 0.0345703125 0.0375
2 0.49296875 0.53671875 0.036328125 0.0578125
2 0.54609375 0.559375 0.035546875 0.059375
2 0.19453125 0.49375 0.053125 0.03828125
2 0.8078125 0.690625 0.040234375 0.0998046875
2 0.428125 0.80546875 0.0748046875 0.0736328125
2 0.41640625 0.7109375 0.079296875 0.06875
2 0.328125 0.37109375 0.0904296875 0.0423828125