15 1 0.36062091406249996 0.9916666671875 0.33055555625 0.9416666671874999 0.27777777812500004 0.8895833328125 0.197222221875 0.675 0.025 0.6479166671875001 0.0416666671875 0.5 0.061111110937500004 0.36666666718749996 0.05 0.2604166671875 0.061111110937500004 0.1604166671875 0.11388888906250001 0.1166666671875 0.177777778125 0.08333333281250001 0.29722222187499997 0.05 0.38055555625 0.0333333328125 0.5638888890625 0.0229166671875 0.61944444375 0 0.6805555562500001 0 0.7616666671875 0.0041666671875 0.775 0.0458333328125 0.8222222218749999 0.1041666671875 0.922222221875 0.13625 1 0.8711419749999999 1 0.8791666671874999 0.9888888890624999 0.9520833328125 0.91944444375 0.9958333328125001 0.8916666671875 1 0.8853174609375 1 0.36062091406249996
0 0.30859375 0.45078125 0.3482421875 0.1107421875
2 0.3953125 0.28046875 0.172265625 0.09375
2 0.6375 0.22890625 0.0845703125 0.05
2 0.6296875 0.30703125 0.1060546875 0.0861328125
2 0.57578125 0.35625 0.0796875 0.05
2 0.7359375 0.34765625 0.0595703125 0.0548828125
2 0.55546875 0.41640625 0.060546875 0.0640625
2 0.58828125 0.48671875 0.095703125 0.110546875
2 0.696875 0.50546875 0.047265625 0.139453125
2 0.65078125 0.60234375 0.094921875 0.089453125
2 0.61875 0.71953125 0.087890625 0.11875
2 0.5421875 0.6875 0.053515625 0.0783203125
2 0.4734375 0.80703125 0.09375 0.1734375
2 0.3 0.678125 0.1123046875 0.040625
2 0.253125 0.53671875 0.1154296875 0.0861328125
2 0.40546875 0.659375 0.0484375 0.1095703125
2 0.3859375 0.54609375 0.0341796875 0.0361328125
2 0.4390625 0.54375 0.0345703125 0.0560546875
2 0.48984375 0.565625 0.033203125 0.056640625
2 0.1515625 0.50234375 0.0501953125 0.0375
2 0.7421875 0.69140625 0.0375 0.0953125
2 0.3765625 0.8015625 0.0716796875 0.0716796875
2 0.365625 0.71171875 0.0751953125 0.0669921875
2 0.28046875 0.384375 0.0861328125 0.0408203125