15 0.8046875 1 0.83203125 0.9713541671874999 0.875 0.8671875 0.9296875 0.7734375 0.96875 0.7291666671875 0.978515625 0.6979166671875 0.974609375 0.6458333328125 0.951171875 0.5833333328125 0.94140625 0.53125 0.92578125 0.359375 0.89453125 0.28125 0.86328125 0.1692708328125 0.822265625 0.109375 0.728515625 0.05989583281250001 0.62890625 0.0494791671875 0.50390625 0.05989583281250001 0.365234375 0.0416666671875 0.33984375 0.0260416671875 0.138671875 0.1875 0.08984375 0.2630208328125 0.04296875 0.3125 0.009765625 0.4322916671875 0.00390625 0.46875 0.0078125 0.5104166671875 0 0.53125 0 0.734375 0.025390625 0.8177083328125001 0.0390625 0.8385416671874999 0.080078125 0.8645833328125001 0.1484375 0.9296875 0.19921875 1 0.8046875 1
0 0.32421875 0.425 0.3265625 0.103125
2 0.40546875 0.265625 0.1625 0.0875
2 0.6328125 0.2171875 0.0796875 0.046875
2 0.62578125 0.290625 0.0984375 0.08125
2 0.575 0.3359375 0.07421875 0.046875
2 0.725 0.328125 0.05625 0.05234375
2 0.55546875 0.39296875 0.05625 0.06015625
2 0.58671875 0.45859375 0.08984375 0.103125
2 0.68828125 0.4765625 0.04453125 0.13125
2 0.6453125 0.5671875 0.08828125 0.08359375
2 0.61484375 0.6765625 0.08359375 0.11171875
2 0.54375 0.646875 0.05078125 0.07421875
2 0.47890625 0.75859375 0.0875 0.1625
2 0.31640625 0.63828125 0.1046875 0.03828125
2 0.27265625 0.50546875 0.1078125 0.08125
2 0.415625 0.6203125 0.0453125 0.103125
2 0.396875 0.5140625 0.03125 0.034375
2 0.44609375 0.5125 0.0328125 0.0515625
2 0.49453125 0.5328125 0.03125 0.053125
2 0.17734375 0.47421875 0.04765625 0.03515625
2 0.73125 0.65078125 0.03515625 0.08984375
2 0.38828125 0.75390625 0.06640625 0.06640625
2 0.378125 0.66953125 0.07109375 0.0625
2 0.2984375 0.3625 0.08125 0.0390625