15 1 0.3093997296875 0.9736168046874999 0.284836065625 0.9572233609374999 0.2459016390625 0.9141905749999999 0.2131147546875 0.8711577875 0.1967213109375 0.83017418125 0.1967213109375 0.7297643453125 0.1680327875 0.6211577875 0.16598360625 0.5125512296875 0.18032786875 0.4271580421875 0.1640625 0.42539703281249996 0.1640625 0.39164959062500004 0.1680327875 0.3404200828125 0.186475409375 0.307633196875 0.2110655734375 0.289190575 0.2356557375 0.28099385312499997 0.2684426234375 0.1928791 0.3565573765625 0.1682889359375 0.397540984375 0.12320696874999999 0.5143442625 0.11296106718750001 0.6004098359375 0.1252561484375 0.6700819671875 0.16009221406250002 0.756147540625 0.16009221406250002 0.7950819671875 0.2092725421875 0.8381147546875001 0.27894467343749996 0.881147540625 0.39574795156250003 0.9303278687500001 0.5141051937500001 0.9609375 0.5156570171875 0.9609375 0.6498463125 0.9446721312499999 0.7092725421875 0.9221311468750001 0.8404200828124999 0.8954918031249999 0.8834528703125001 0.868852459375 0.95517418125 0.840163934375 0.9879610671875 0.784836065625 1 0.7744388046874999 1 0.3093997296875
6 0.63671875 0.771875 0.1357421875 0.2470703125
6 0.23828125 0.5234375 0.1955078125 0.0654296875
6 0.6625 0.2796875 0.071875 0.128515625
6 0.94140625 0.57265625 0.1171875 0.1125
6 0.5125 0.325 0.0345703125 0.01875
6 0.8625 0.56796875 0.04375 0.0421875
6 0.49453125 0.20390625 0.0357421875 0.021875
16 0.37421875 0.72265625 0.053125 0.2375
16 0.45078125 0.62578125 0.09375 0.069921875
16 0.27890625 0.35859375 0.1830078125 0.0826171875
16 0.52109375 0.2734375 0.0875 0.0560546875
16 0.8390625 0.3671875 0.221484375 0.0560546875
16 0.92890625 0.309375 0.0638671875 0.078125
16 0.821875 0.6546875 0.230859375 0.153125
12 0.2640625 0.66015625 0.155859375 0.094921875
12 0.3625 0.54375 0.0779296875 0.06875
12 0.5484375 0.40859375 0.1064453125 0.0953125
12 0.5375 0.225 0.121484375 0.090234375
12 0.79140625 0.27421875 0.1390625 0.0984375
12 0.87890625 0.821875 0.165625 0.1904296875
12 0.840625 0.515625 0.0564453125 0.053125
11 0.3671875 0.3515625 0.0408203125 0.040234375
11 0.1828125 0.45703125 0.040625 0.033203125
11 0.25859375 0.6125 0.0375 0.034375
11 0.275 0.66796875 0.046875 0.0390625
11 0.33046875 0.74375 0.0578125 0.037890625
11 0.35859375 0.69453125 0.0265625 0.0330078125
11 0.4609375 0.5609375 0.0314453125 0.041015625
11 0.5046875 0.49609375 0.066015625 0.0359375
11 0.67890625 0.54140625 0.0263671875 0.0390625
11 0.85625 0.440625 0.0376953125 0.0625
11 0.8890625 0.50390625 0.034765625 0.021875
11 0.6453125 0.81015625 0.04375 0.0701171875
11 0.378125 0.41875 0.043359375 0.0376953125
11 0.7984375 0.28203125 0.0466796875 0.0517578125
11 0.903125 0.3125 0.041015625 0.025390625
11 0.725 0.53671875 0.04375 0.0326171875
11 0.19921875 0.4125 0.0794921875 0.040625
11 0.3390625 0.61328125 0.046484375 0.051171875
11 0.64609375 0.22890625 0.0421875 0.040625
11 0.5984375 0.49609375 0.06015625 0.0296875
11 0.19921875 0.38515625 0.046875 0.070703125
11 0.81171875 0.58203125 0.078125 0.048828125