15 0.568722346875 0.1256706296875 0.45146570781250006 0.11018390468749999 0.33420907031249997 0.11239629375 0.225801990625 0.1433697453125 0.18155420312499998 0.1433697453125 0.1350940265625 0.1610688609375 0.0886338484375 0.196467090625 0.070934734375 0.2385024890625 0.0620851765625 0.24674173281249998 0.0620851765625 0.78952571875 0.0908462390625 0.8380600109375 0.16827986718750002 0.8690334625 0.21474004375 0.8977945249999999 0.35633296406250003 0.9265555859375001 0.42049225625000003 0.95089186875 0.56650995625 0.968590984375 0.6948285390625 0.9354051437500001 0.820934734375 0.8823077984375001 0.8961559749999999 0.8358476218750001 0.9492533203125 0.7893874453125 0.9492533203125 0.747352046875 0.9868639375000001 0.6544316921875 0.996875 0.5977023359375 0.996875 0.5517989562500001 0.9890763265625001 0.4862901 0.9404037609375001 0.3601839046875 0.9138550875 0.31593611718750003 0.8187223453125 0.22080337343749998 0.8098727875 0.18540514375 0.7899612828125 0.15885647187500002 0.7545630531249999 0.1323077984375 0.6992533187500001 0.11239629375 0.6616426984375 0.107971515625 0.568722346875 0.1256706296875
6 0.628125 0.76484375 0.1466796875 0.2673828125
6 0.19765625 0.496875 0.2111328125 0.0689453125
6 0.65546875 0.2328125 0.078125 0.1404296875
6 0.946875 0.55 0.10625 0.121875
6 0.49296875 0.2828125 0.0375 0.021484375
6 0.87109375 0.5453125 0.048046875 0.04609375
6 0.47421875 0.1515625 0.0388671875 0.022265625
16 0.34453125 0.71171875 0.0576171875 0.25625
16 0.42734375 0.60703125 0.1015625 0.075
16 0.24140625 0.31796875 0.1984375 0.0888671875
16 0.50234375 0.2265625 0.0951171875 0.0595703125
16 0.84609375 0.328125 0.2375 0.0595703125
16 0.94296875 0.265625 0.0673828125 0.0841796875
16 0.82734375 0.63828125 0.2482421875 0.165625
12 0.225 0.64453125 0.1685546875 0.1017578125
12 0.33125 0.51796875 0.0841796875 0.0736328125
12 0.53203125 0.37265625 0.115625 0.103125
12 0.52109375 0.17421875 0.13125 0.096875
12 0.79453125 0.22734375 0.15 0.10625
12 0.8890625 0.81875 0.178515625 0.205859375
12 0.8484375 0.4875 0.0623046875 0.056640625
11 0.33671875 0.3109375 0.0451171875 0.041015625
11 0.1375 0.425 0.04375 0.037109375
11 0.21953125 0.59296875 0.040625 0.036328125
11 0.2375 0.65234375 0.0501953125 0.0421875
11 0.296875 0.734375 0.0625 0.043359375
11 0.32734375 0.68125 0.029296875 0.037109375
11 0.43828125 0.5375 0.034375 0.0466796875
11 0.48515625 0.4671875 0.0732421875 0.0376953125
11 0.6734375 0.51640625 0.028125 0.0421875
11 0.86484375 0.4078125 0.041796875 0.068359375
11 0.9 0.475 0.037890625 0.024609375
11 0.6375 0.80625 0.0470703125 0.075
11 0.3484375 0.38359375 0.046484375 0.0419921875
11 0.80234375 0.2359375 0.0486328125 0.0564453125
11 0.915625 0.26875 0.0439453125 0.0279296875
11 0.72265625 0.5109375 0.0482421875 0.0345703125
11 0.15546875 0.3765625 0.085546875 0.04375
11 0.30625 0.59375 0.05 0.055859375
11 0.6375 0.17890625 0.044140625 0.04375
11 0.5859375 0.4671875 0.065625 0.0314453125
11 0.15546875 0.34765625 0.051171875 0.076953125
11 0.81640625 0.559375 0.084375 0.053125