15 1 0.40234375 0.95703125 0.365234375 0.92578125 0.3125 0.857421875 0.28515625 0.81640625 0.259765625 0.69140625 0.234375 0.634765625 0.212890625 0.505859375 0.197265625 0.392578125 0.2265625 0.28125 0.2734375 0.21484375 0.314453125 0.16796875 0.35546875 0.16796875 0.392578125 0.134765625 0.474609375 0.123046875 0.541015625 0.1328125 0.623046875 0.17578125 0.734375 0.19921875 0.7734375 0.283203125 0.857421875 0.291015625 0.888671875 0.30859375 0.912109375 0.33984375 0.935546875 0.388671875 0.953125 0.421875 0.95703125 0.50390625 0.94140625 0.607421875 0.955078125 0.7109375 0.953125 0.806640625 0.92578125 0.845703125 0.92578125 0.88671875 0.91015625 0.927734375 0.87890625 0.943359375 0.841796875 1 0.7890625 1 0.40234375
6 0.62265625 0.7765625 0.12890625 0.23671875
6 0.24296875 0.540625 0.18671875 0.06171875
6 0.646875 0.3078125 0.06875 0.1234375
6 0.92890625 0.5875 0.14140625 0.1078125
6 0.50390625 0.35078125 0.0328125 0.01796875
6 0.8375 0.5828125 0.0421875 0.040625
6 0.4875 0.23515625 0.03359375 0.02109375
16 0.37265625 0.7296875 0.05078125 0.2265625
16 0.4453125 0.6375 0.08984375 0.06640625
16 0.28203125 0.3828125 0.175 0.078125
16 0.5125 0.3015625 0.08359375 0.053125
16 0.815625 0.390625 0.21015625 0.053125
16 0.90078125 0.3359375 0.06015625 0.07421875
16 0.7984375 0.66484375 0.21875 0.14609375
12 0.2671875 0.6703125 0.1484375 0.08984375
12 0.3609375 0.55859375 0.0734375 0.065625
12 0.53828125 0.43046875 0.1015625 0.090625
12 0.528125 0.25546875 0.115625 0.0859375
12 0.76953125 0.30234375 0.1328125 0.09375
12 0.85390625 0.825 0.1578125 0.18125
12 0.8171875 0.53203125 0.0546875 0.05078125
12 0.98828125 0.46484375 0.0203125 0.04453125
11 0.365625 0.37578125 0.0390625 0.0375
11 0.18984375 0.4765625 0.03828125 0.03203125
11 0.2625 0.625 0.0359375 0.0328125
11 0.278125 0.67734375 0.0453125 0.0375
11 0.33046875 0.75 0.0546875 0.0375
11 0.3578125 0.703125 0.02578125 0.03203125
11 0.4546875 0.57578125 0.03046875 0.040625
11 0.496875 0.5140625 0.0640625 0.03359375
11 0.6625 0.55703125 0.02421875 0.0375
11 0.83203125 0.4609375 0.03671875 0.06015625
11 0.86328125 0.52109375 0.034375 0.0203125
11 0.63125 0.81328125 0.0421875 0.06640625
11 0.37578125 0.43984375 0.03984375 0.03671875
11 0.7765625 0.31015625 0.04375 0.05
11 0.8765625 0.3390625 0.03984375 0.02421875
11 0.70625 0.553125 0.0421875 0.03046875
11 0.98125 0.65703125 0.0375 0.0484375
11 0.20546875 0.43359375 0.07578125 0.03828125
11 0.3390625 0.62578125 0.04375 0.0484375
11 0.63125 0.259375 0.03984375 0.03828125
11 0.5859375 0.5140625 0.0578125 0.028125
11 0.20546875 0.4078125 0.0453125 0.06796875
11 0.7890625 0.5953125 0.07421875 0.046875