15 1 0.3283266125 0.9729729734375001 0.308165321875 0.9108108109374999 0.281955646875 0.816216215625 0.2617943546875 0.7675675671875 0.2396169359375 0.597297296875 0.1972782265625 0.5270270265625 0.1710685484375 0.4918918921875 0.1710685484375 0.46216216250000003 0.18114919375 0.41891891875000004 0.17510080625 0.40108108124999997 0.1690524203125 0.291216215625 0.1690524203125 0.27297297343750004 0.17510080625 0.116216215625 0.185181453125 0 0.2104670703125 0 0.9541906687499999 0.04324324375 0.963407259375 0.27297297343750004 0.979536290625 0.38108108125 0.995665321875 0.5135135140625 0.9916330640625001 0.7891891890625 0.9996975796875001 0.9540540546875 0.9553427421875 1 0.9339213703125001 1 0.3283266125
13 0.8328125 0.62578125 0.2435546875 0.0986328125
13 0.22265625 0.584375 0.1265625 0.103125
13 0.25859375 0.45 0.1078125 0.043359375
13 0.55546875 0.4828125 0.15625 0.1029296875
13 0.37734375 0.35546875 0.1923828125 0.1125
13 0.4359375 0.69453125 0.134375 0.075
13 0.165625 0.6359375 0.146875 0.1404296875
13 0.15390625 0.38046875 0.1326171875 0.0763671875
0 0.52265625 0.68125 0.0548828125 0.08125
0 0.4296875 0.59140625 0.056640625 0.044921875
0 0.2203125 0.70625 0.04765625 0.06875
0 0.12890625 0.56328125 0.108203125 0.091796875
0 0.34296875 0.57109375 0.1109375 0.0890625
0 0.44921875 0.5359375 0.1109375 0.1125
0 0.640625 0.55546875 0.106640625 0.0486328125
0 0.51953125 0.67578125 0.0640625 0.073046875
0 0.6484375 0.69375 0.115625 0.056640625
0 0.7484375 0.60390625 0.096875 0.090625
0 0.6171875 0.55390625 0.08359375 0.0390625
0 0.35078125 0.4328125 0.089453125 0.043359375
0 0.09375 0.45078125 0.119140625 0.053125
0 0.0171875 0.5890625 0.034375 0.05
0 0.05234375 0.62578125 0.0576171875 0.05
0 0.16953125 0.734375 0.028125 0.0591796875
0 0.09765625 0.33125 0.10625 0.0439453125
0 0.209375 0.3328125 0.084765625 0.040234375
0 0.03125 0.40390625 0.0625 0.0625
0 0.06328125 0.44140625 0.1265625 0.0421875
0 0.34921875 0.43515625 0.0892578125 0.0455078125
0 0.20078125 0.41328125 0.1048828125 0.053125
0 0.71328125 0.55546875 0.2515625 0.025
0 0.7390625 0.6109375 0.03125 0.065234375
0 0.565625 0.6140625 0.081640625 0.0720703125
0 0.63984375 0.69140625 0.128125 0.0796875
0 0.0203125 0.54453125 0.040625 0.032421875
0 0.7484375 0.61328125 0.05625 0.075
0 0.8203125 0.55390625 0.078125 0.0236328125
0 0.20625 0.33125 0.1 0.044140625
0 0.65859375 0.71875 0.0703125 0.025
0 0.6140625 0.68125 0.034765625 0.046875
2 0.56796875 0.2453125 0.1392578125 0.04375
2 0.34609375 0.28046875 0.1107421875 0.0482421875
2 0.6640625 0.309375 0.0654296875 0.037890625
2 0.55703125 0.34609375 0.1078125 0.0859375
2 0.859375 0.45546875 0.090625 0.0609375
2 0.91328125 0.46015625 0.1201171875 0.05625
2 0.9875 0.45859375 0.0248046875 0.0580078125
2 0.9140625 0.38671875 0.0591796875 0.0732421875
2 0.8078125 0.384375 0.072265625 0.099609375
2 0.85859375 0.3171875 0.064453125 0.052734375
2 0.9171875 0.3265625 0.077734375 0.053515625
2 0.70859375 0.4265625 0.0423828125 0.053125
2 0.86640625 0.5328125 0.0546875 0.0345703125
2 0.91875 0.5546875 0.1 0.041015625
2 0.45625 0.2578125 0.0279296875 0.059375
2 0.8546875 0.25234375 0.0560546875 0.0328125
2 0.44140625 0.33046875 0.0375 0.0296875