15 1 0.3001903890625 0.9719101125 0.2791819859375 0.9073033703125001 0.2518710609375 0.8089887640625 0.2308626578125 0.758426965625 0.2077534140625 0.5814606734375001 0.1636357671875 0.508426965625 0.13632484218750002 0.4719101125 0.13632484218750002 0.44101123593749997 0.14682904375 0.39606741562500003 0.1405265234375 0.3342696625 0.1195181203125 0.3325140453125 0.1174172796875 0.27528089843750003 0.1174172796875 0.269662921875 0.1321231625 0.244382021875 0.1405265234375 0.08146067343749999 0.151030725 0 0.1688003328125 0 0.9607546140625001 0.005617978125 0.9619550953125 0.244382021875 0.9787618171875 0.3567415734375 0.995568540625 0.494382021875 0.991366859375 0.7808988765625 0.9997702203125 0.9522471906250001 0.9535517328124999 1 0.9312303046875 1 0.3001903890625
13 0.865625 0.59375 0.252734375 0.103125
13 0.23125 0.55 0.13125 0.10703125
13 0.26875 0.41015625 0.1125 0.0451171875
13 0.57734375 0.44453125 0.1625 0.10625
13 0.3921875 0.31171875 0.2001953125 0.1171875
13 0.453125 0.66484375 0.140234375 0.078125
13 0.171875 0.60390625 0.152734375 0.145703125
13 0.159375 0.3375 0.1373046875 0.0783203125
0 0.54296875 0.65078125 0.0576171875 0.084375
0 0.446875 0.5578125 0.059375 0.0466796875
0 0.22890625 0.6765625 0.0513671875 0.071875
0 0.134375 0.528125 0.1125 0.094140625
0 0.35703125 0.5359375 0.115625 0.091015625
0 0.4671875 0.49921875 0.115234375 0.1171875
0 0.66640625 0.51953125 0.1125 0.0515625
0 0.53984375 0.6453125 0.0669921875 0.0751953125
0 0.67421875 0.6640625 0.1203125 0.0595703125
0 0.778125 0.57109375 0.1001953125 0.0951171875
0 0.64140625 0.51875 0.0859375 0.040625
0 0.36484375 0.3921875 0.09375 0.046484375
0 0.09765625 0.4109375 0.125 0.055859375
0 0.01796875 0.5546875 0.0359375 0.053125
0 0.05390625 0.59296875 0.059375 0.0517578125
0 0.17578125 0.70703125 0.029296875 0.061328125
0 0.1015625 0.2859375 0.109765625 0.0466796875
0 0.21796875 0.2875 0.0888671875 0.0408203125
0 0.03203125 0.36171875 0.0640625 0.0640625
0 0.065625 0.4015625 0.13125 0.04375
0 0.36328125 0.39453125 0.0923828125 0.0484375
0 0.20859375 0.371875 0.109375 0.055859375
0 0.74140625 0.51953125 0.261328125 0.0265625
0 0.76796875 0.57734375 0.0328125 0.0669921875
0 0.5875 0.58125 0.087109375 0.0751953125
0 0.66484375 0.66171875 0.1328125 0.083203125
0 0.02109375 0.50859375 0.0421875 0.0330078125
0 0.77734375 0.58046875 0.058203125 0.078125
0 0.853125 0.51796875 0.08125 0.0263671875
0 0.2140625 0.28671875 0.103515625 0.046875
0 0.684375 0.68984375 0.07421875 0.026171875
0 0.63828125 0.65078125 0.036328125 0.048828125
2 0.58984375 0.196875 0.145703125 0.046484375
2 0.359375 0.23359375 0.11328125 0.048828125
2 0.690625 0.26328125 0.068359375 0.040625
2 0.57890625 0.3015625 0.1111328125 0.0904296875
2 0.89375 0.41640625 0.0939453125 0.0638671875
2 0.9421875 0.4203125 0.1154296875 0.0591796875
2 0.95 0.34453125 0.062109375 0.0763671875
2 0.83984375 0.34140625 0.0765625 0.1017578125
2 0.8921875 0.271875 0.06640625 0.05546875
2 0.95390625 0.28203125 0.0796875 0.057421875
2 0.73671875 0.3859375 0.0451171875 0.0560546875
2 0.90078125 0.49609375 0.057421875 0.036328125
2 0.95078125 0.51875 0.0984375 0.043359375
2 0.47421875 0.21015625 0.028125 0.0625
2 0.88828125 0.20390625 0.0578125 0.034375
2 0.45859375 0.2859375 0.0390625 0.0310546875