15 1 0.212890625 0.9450261781249999 0.201171875 0.7225130890625 0.185546875 0.617801046875 0.169921875 0.4895287953125 0.173828125 0.2225130890625 0.166015625 0.062827225 0.208984375 0 0.23828125 0 0.8125 0.0130890046875 0.8125 0.044502617187499996 0.8359375 0.1047120421875 0.861328125 0.196335078125 0.880859375 0.243455496875 0.90234375 0.4083769640625 0.943359375 0.476439790625 0.96875 0.5104712046875 0.96875 0.539267015625 0.958984375 0.5811518328124999 0.96484375 0.6387434562500001 0.984375 0.6518324609375 1 0.688481675 1 0.6989528796875 0.97265625 0.7225130890625 0.96484375 0.8743455499999999 0.955078125 1 0.927734375 1 0.212890625
13 0.825 0.60859375 0.23515625 0.09609375
13 0.23359375 0.56796875 0.121875 0.1
13 0.26875 0.4375 0.1046875 0.04140625
13 0.55625 0.46953125 0.1515625 0.0984375
13 0.38359375 0.34609375 0.18671875 0.10859375
13 0.440625 0.675 0.13046875 0.07265625
13 0.178125 0.61875 0.1421875 0.1359375
13 0.1671875 0.3703125 0.12734375 0.0734375
0 0.52421875 0.66171875 0.053125 0.078125
0 0.434375 0.575 0.05546875 0.04296875
0 0.23125 0.6859375 0.046875 0.06640625
0 0.14375 0.54765625 0.1046875 0.0890625
0 0.35078125 0.5546875 0.1078125 0.0859375
0 0.45390625 0.52109375 0.10703125 0.109375
0 0.6390625 0.53984375 0.1046875 0.04765625
0 0.521875 0.65625 0.06171875 0.0703125
0 0.64609375 0.67421875 0.1125 0.05625
0 0.74375 0.5875 0.09375 0.08828125
0 0.61640625 0.5390625 0.08046875 0.03828125
0 0.3578125 0.42109375 0.0875 0.0421875
0 0.109375 0.4390625 0.11640625 0.0515625
0 0.02734375 0.57421875 0.05390625 0.04921875
0 0.06875 0.6078125 0.05546875 0.0484375
0 0.18203125 0.7140625 0.02734375 0.05703125
0 0.11328125 0.32265625 0.103125 0.04296875
0 0.22109375 0.32421875 0.08203125 0.03828125
0 0.0421875 0.39453125 0.0734375 0.06015625
0 0.07890625 0.43125 0.12578125 0.03984375
0 0.35625 0.4234375 0.08671875 0.04453125
0 0.2125 0.40234375 0.10234375 0.0515625
0 0.709375 0.53984375 0.24375 0.02421875
0 0.73359375 0.59375 0.03046875 0.06171875
0 0.565625 0.596875 0.0796875 0.0703125
0 0.63828125 0.671875 0.12421875 0.07734375
0 0.03515625 0.53046875 0.0453125 0.03125
0 0.74296875 0.59609375 0.0546875 0.07265625
0 0.81328125 0.53828125 0.07578125 0.0234375
0 0.21796875 0.32265625 0.096875 0.04375
0 0.65625 0.6984375 0.06875 0.02421875
0 0.61328125 0.66171875 0.034375 0.04609375
2 0.56875 0.23984375 0.1359375 0.04296875
2 0.35390625 0.2734375 0.10625 0.04609375
2 0.66171875 0.3015625 0.0625 0.0375
2 0.5578125 0.3375 0.10390625 0.08359375
2 0.85078125 0.44375 0.0875 0.059375
2 0.903125 0.44765625 0.115625 0.05390625
2 0.98125 0.446875 0.03125 0.05703125
2 0.903125 0.3765625 0.05703125 0.0703125
2 0.80078125 0.37421875 0.07109375 0.0953125
2 0.85 0.309375 0.06328125 0.05078125
2 0.90703125 0.31875 0.07421875 0.053125
2 0.7046875 0.415625 0.04140625 0.0515625
2 0.8578125 0.51796875 0.053125 0.03359375
2 0.9078125 0.5390625 0.096875 0.03984375
2 0.46015625 0.25234375 0.02578125 0.0578125
2 0.84609375 0.24609375 0.05390625 0.03203125
2 0.4453125 0.32265625 0.03671875 0.028125