15 1 0.189453125 0.9267015703125001 0.1484375 0.7382198953125 0.087890625 0.413612565625 0.0703125 0.2774869109375 0.095703125 0.20157068125 0.099609375 0.086387434375 0.140625 0 0.185546875 0 0.525390625 0.0130890046875 0.529296875 0.0130890046875 0.537109375 0 0.548828125 0 0.99609375 0.445026178125 1 0.51570680625 0.98046875 0.5445026171875 0.984375 0.5340314140625 1 1 1 1 0.189453125
16 0.490625 0.328125 0.1421875 0.06640625
16 0.1578125 0.44375 0.109375 0.0515625
16 0.034375 0.4515625 0.06796875 0.090625
16 0.05 0.38515625 0.09140625 0.04609375
16 0.05625 0.325 0.0984375 0.0734375
16 0.178125 0.33359375 0.02578125 0.03515625
16 0.2578125 0.35625 0.08828125 0.0171875
16 0.22890625 0.28671875 0.08984375 0.04375
16 0.7328125 0.5890625 0.059375 0.07421875
16 0.47421875 0.81328125 0.06953125 0.09609375
16 0.471875 0.678125 0.0609375 0.075
16 0.603125 0.72109375 0.06640625 0.08359375
16 0.70625 0.2203125 0.0953125 0.040625
16 0.359375 0.2515625 0.06875 0.0609375
13 0.24765625 0.546875 0.14765625 0.0890625
13 0.81328125 0.4984375 0.1484375 0.08359375
13 0.33984375 0.47734375 0.10390625 0.06796875
13 0.73046875 0.3625 0.10234375 0.08671875
13 0.74140625 0.2671875 0.1171875 0.053125
13 0.57890625 0.16015625 0.15390625 0.084375
13 0.12890625 0.18203125 0.12421875 0.02421875
13 0.2015625 0.8171875 0.1484375 0.08359375
13 0.46953125 0.80625 0.096875 0.10078125
13 0.8609375 0.8765625 0.18203125 0.10625
13 0.95390625 0.7265625 0.09140625 0.12109375
13 0.884375 0.58515625 0.13359375 0.06484375
13 0.27890625 0.94609375 0.190625 0.10703125
13 0.54296875 0.92890625 0.15390625 0.14140625
1 0.05 0.76484375 0.07890625 0.053125
1 0.53515625 0.6578125 0.090625 0.0921875
1 0.309375 0.61875 0.103125 0.06484375
1 0.30546875 0.58125 0.06640625 0.0375
1 0.6453125 0.58984375 0.07734375 0.05546875
1 0.8515625 0.73515625 0.07578125 0.0671875
1 0.95546875 0.63828125 0.08203125 0.07734375
1 0.8109375 0.30078125 0.0703125 0.05703125
1 0.1375 0.296875 0.1171875 0.06484375
1 0.16796875 0.3671875 0.10078125 0.0515625
1 0.1625 0.4171875 0.15078125 0.06171875
1 0.528125 0.38671875 0.0484375 0.0484375
1 0.4828125 0.24375 0.0859375 0.04765625
1 0.77265625 0.203125 0.0828125 0.06328125
1 0.8859375 0.18828125 0.084375 0.06015625
1 0.9171875 0.2703125 0.10546875 0.05390625
1 0.4296875 0.5359375 0.09765625 0.04921875
1 0.57734375 0.49609375 0.0625 0.03046875
1 0.65078125 0.5828125 0.125 0.065625
1 0.94609375 0.63671875 0.1078125 0.05546875
1 0.2765625 0.1625 0.08984375 0.0421875
1 0.8421875 0.64140625 0.12421875 0.04453125
1 0.78515625 0.196875 0.0921875 0.05625
9 0.1703125 0.565625 0.11484375 0.090625
9 0.0484375 0.35859375 0.0921875 0.0671875
9 0.1421875 0.2265625 0.13046875 0.08046875
9 0.3453125 0.159375 0.0578125 0.0421875
9 0.73984375 0.125 0.065625 0.05703125
9 0.9328125 0.44375 0.07265625 0.0640625
9 0.76796875 0.6890625 0.06484375 0.0640625
9 0.17265625 0.71484375 0.0859375 0.053125
9 0.4546875 0.93671875 0.1546875 0.0640625
9 0.2875 0.92578125 0.11171875 0.08984375
9 0.15625 0.87421875 0.16328125 0.07421875
9 0.82265625 0.46875 0.0890625 0.059375
9 0.76171875 0.8078125 0.0890625 0.065625
9 0.63125 0.8765625 0.1375 0.08515625
9 0.28359375 0.8390625 0.115625 0.05859375
9 0.80078125 0.3015625 0.090625 0.0671875
9 0.33046875 0.7375 0.096875 0.0984375
9 0.1765625 0.475 0.0703125 0.0421875
13 0.425 0.62421875 0.146875 0.11875
1 0.0546875 0.92421875 0.109375 0.14453125
1 0.62578125 0.81953125 0.16796875 0.115625