15 0 0 0 0.25261479531250003 0.1204081625 0.27142857187499997 0.1693877546875 0.2959183671875 0.208163265625 0.30204081562499996 0.171428571875 0.365306121875 0.1693877546875 0.3877551015625 0.1755102046875 0.45510204062500004 0.19795918437499999 0.5183673468750001 0.18979591875 0.7326530609375 0.2040816328125 0.7510204078125 0.2061224484375 0.771428571875 0.1959183671875 0.8244897953124999 0.2 0.8857142859374999 0.19183673437499998 0.9367346937500001 0.2040816328125 0.9693877546874999 0.2040816328125 1 0.7987110625 1 0.8142857140625 0.98979591875 0.9204081625 0.9 1 0.8052478140625 1 0.14951197968750002 0.955102040625 0.11632653125 0.8489795921875001 0.0673469390625 0.8224489796875 0.0244897953125 0.7624489796875 0 0 0
6 0.1890625 0.08828125 0.096875 0.094921875
6 0.3421875 0.29609375 0.08125 0.0923828125
6 0.3578125 0.6125 0.062109375 0.077734375
6 0.3265625 0.3734375 0.0685546875 0.078515625
11 0.828125 0.38203125 0.059375 0.061328125
11 0.8125 0.24453125 0.06875 0.090625
11 0.5171875 0.271875 0.090625 0.0939453125
11 0.33046875 0.53984375 0.09375 0.0734375
11 0.80078125 0.13671875 0.0767578125 0.1140625
11 0.034375 0.20703125 0.06875 0.0796875