15 0 0 0 0.236328125 0.02734375 0.255859375 0.15234375 0.275390625 0.19921875 0.298828125 0.236328125 0.3046875 0.201171875 0.365234375 0.19921875 0.38671875 0.205078125 0.451171875 0.2265625 0.51171875 0.21875 0.716796875 0.232421875 0.734375 0.234375 0.75390625 0.224609375 0.8046875 0.228515625 0.86328125 0.220703125 0.912109375 0.232421875 0.943359375 0.232421875 1 0.759765625 1 0.81640625 0.962890625 0.91796875 0.876953125 1 0.779296875 0.99609375 0.16015625 0.951171875 0.126953125 0.849609375 0.080078125 0.82421875 0.0390625 0.728515625 0 0 0
6 0.21796875 0.1 0.09296875 0.090625
6 0.36484375 0.29921875 0.07734375 0.0890625
6 0.37890625 0.6015625 0.05859375 0.07421875
6 0.35 0.37265625 0.065625 0.0765625
11 0.8296875 0.38125 0.05703125 0.059375
11 0.81484375 0.25 0.06640625 0.08671875
11 0.53203125 0.27578125 0.08671875 0.090625
11 0.353125 0.5328125 0.08984375 0.0703125
11 0.80390625 0.14609375 0.07421875 0.109375
11 0.06328125 0.21484375 0.0828125 0.07734375