15 1 0.0681875 0.524064171875 0.0681875 0 0.0681875 0 0.5125875 0.0106951875 0.5221875 0.0106951875 0.5301875 0 0.5333875 0 0.883581440625 0.085561496875 0.9281874999999999 0.20320855624999998 0.9701875 0.2807486625 0.9741875 0.40207219375000003 0.996875 0.48080065312500003 0.996875 0.7513368984375 0.9821875 0.9438502671875 0.9201874999999999 1 0.8886875 1 0.0681875
16 0.4984375 0.33203125 0.146484375 0.0673828125
16 0.15859375 0.45 0.1111328125 0.053125
16 0.03359375 0.45703125 0.0671875 0.09375
16 0.0484375 0.390625 0.0935546875 0.046875
16 0.0546875 0.32890625 0.1001953125 0.075
16 0.1796875 0.3375 0.027734375 0.037109375
16 0.2609375 0.36015625 0.090625 0.0171875
16 0.23046875 0.28984375 0.0921875 0.0451171875
16 0.74609375 0.5984375 0.060546875 0.075390625
16 0.48125 0.82890625 0.071484375 0.0984375
16 0.47890625 0.68984375 0.0625 0.0765625
16 0.6140625 0.734375 0.0685546875 0.0845703125
16 0.71875 0.221875 0.0970703125 0.0408203125
16 0.3640625 0.25390625 0.071484375 0.0625
13 0.25 0.55546875 0.150390625 0.090625
13 0.828125 0.50703125 0.150390625 0.0857421875
13 0.34453125 0.48515625 0.105078125 0.069921875
13 0.74296875 0.3671875 0.1046875 0.08984375
13 0.7546875 0.26953125 0.1189453125 0.0544921875
13 0.58828125 0.159375 0.1578125 0.0873046875
13 0.12890625 0.1828125 0.1267578125 0.025
13 0.203125 0.8328125 0.150390625 0.0845703125
13 0.47734375 0.821875 0.0986328125 0.103125
13 0.8765625 0.89375 0.184765625 0.1091796875
13 0.9625 0.7390625 0.075 0.1251953125
13 0.90078125 0.5953125 0.1361328125 0.0658203125
13 0.28046875 0.9546875 0.1921875 0.0904296875
13 0.54921875 0.93671875 0.1578125 0.1263671875
1 0.0484375 0.77890625 0.0810546875 0.0546875
1 0.54375 0.66953125 0.093359375 0.0951171875
1 0.3140625 0.6296875 0.1060546875 0.0658203125
1 0.309375 0.59140625 0.0685546875 0.0388671875
1 0.65625 0.6 0.080859375 0.0564453125
1 0.8671875 0.74921875 0.077734375 0.06875
1 0.96484375 0.6484375 0.0703125 0.078125
1 0.82578125 0.30390625 0.071875 0.0578125
1 0.1375 0.3 0.1189453125 0.0658203125
1 0.16875 0.371875 0.103125 0.053125
1 0.16328125 0.4234375 0.1546875 0.062890625
1 0.53671875 0.3921875 0.0486328125 0.05
1 0.48984375 0.2453125 0.0888671875 0.0498046875
1 0.78671875 0.20390625 0.084375 0.0642578125
1 0.90234375 0.1890625 0.0859375 0.0623046875
1 0.934375 0.2734375 0.106640625 0.0560546875
1 0.43671875 0.54453125 0.1 0.05
1 0.58671875 0.50390625 0.0640625 0.03125
1 0.66171875 0.59296875 0.1267578125 0.0671875
1 0.953125 0.646875 0.09375 0.056640625
1 0.28046875 0.1625 0.0919921875 0.0435546875
1 0.85703125 0.653125 0.1265625 0.044140625
1 0.79921875 0.19765625 0.09375 0.0578125
9 0.17109375 0.575 0.1171875 0.093359375
9 0.046875 0.36171875 0.09375 0.067578125
9 0.14296875 0.228125 0.1330078125 0.0814453125
9 0.35 0.159375 0.0591796875 0.0435546875
9 0.753125 0.12421875 0.068359375 0.0580078125
9 0.95 0.45078125 0.0748046875 0.065625
9 0.78125 0.7015625 0.066015625 0.065625
9 0.1734375 0.728125 0.0876953125 0.055859375
9 0.46171875 0.95546875 0.1580078125 0.065625
9 0.29140625 0.94375 0.1140625 0.09296875
9 0.15703125 0.89140625 0.1669921875 0.0763671875
9 0.8375 0.47578125 0.0908203125 0.0609375
9 0.77578125 0.8234375 0.0919921875 0.066015625
9 0.64140625 0.89375 0.1392578125 0.0875
9 0.28671875 0.85546875 0.117578125 0.060546875
9 0.815625 0.3046875 0.093359375 0.06875
9 0.33515625 0.7515625 0.0984375 0.1001953125
9 0.17734375 0.4828125 0.071875 0.04375
13 0.43125 0.63515625 0.15 0.120703125
1 0.053125 0.93359375 0.10625 0.1328125
1 0.6359375 0.8359375 0.171875 0.11875