15 0 0 0 0.21239773281250002 0.02643171875 0.2312775328125 0.16740088125000002 0.2533039640625 0.2202643171875 0.2797356828125 0.2621145375 0.2863436125 0.22246696093749999 0.35462555 0.2202643171875 0.378854625 0.22687224687500002 0.45154185 0.251101321875 0.5198237890625 0.2422907484375 0.751101321875 0.2577092515625 0.770925109375 0.25991189375 0.7929515421875 0.248898678125 0.8502202640625001 0.2533039640625 0.9162995593750001 0.24449339218750002 0.9713656390625 0.255231278125 1 0.9501401671874999 1 1 0.9578109125 1 0.05438834375 0.95374449375 0.033039646875 0.933291378125 0 0 0
6 0.24140625 0.05546875 0.1046875 0.1017578125
6 0.40703125 0.2796875 0.0875 0.1001953125
6 0.4234375 0.62109375 0.0658203125 0.0830078125
6 0.390625 0.36328125 0.074609375 0.0861328125
11 0.93125 0.3734375 0.062890625 0.0658203125
11 0.9140625 0.22421875 0.0748046875 0.0982421875
11 0.5953125 0.25390625 0.0970703125 0.1017578125
11 0.39453125 0.54296875 0.101171875 0.079296875
11 0.90234375 0.1078125 0.083203125 0.12265625
11 0.0671875 0.18515625 0.093359375 0.086328125