15 0.09597769687499999 0 0 0.030849975 0 1 1 1 1 0.0784108359375 0.9290123453125 0.0414746546875 0.8126102281250001 0 0.09597769687499999 0
16 0.54765625 0.2625 0.1673828125 0.0783203125
16 0.15546875 0.39921875 0.1294921875 0.0609375
16 0.025 0.40703125 0.0498046875 0.1080078125
16 0.03984375 0.32890625 0.0796875 0.0546875
16 0.04609375 0.2578125 0.0921875 0.0875
16 0.1796875 0.26875 0.0310546875 0.0408203125
16 0.2734375 0.2953125 0.10390625 0.02109375
16 0.23828125 0.2140625 0.10625 0.052734375
16 0.8328125 0.5703125 0.0689453125 0.0875
16 0.528125 0.83515625 0.0814453125 0.1138671875
16 0.52578125 0.675 0.071875 0.0876953125
16 0.68046875 0.7265625 0.078125 0.09765625
16 0.80234375 0.13515625 0.1125 0.0482421875
16 0.3921875 0.17265625 0.08125 0.071875
13 0.2609375 0.5203125 0.1748046875 0.103515625
13 0.91953125 0.46328125 0.160546875 0.096875
13 0.3703125 0.4390625 0.121875 0.0810546875
13 0.83046875 0.303125 0.1205078125 0.1029296875
13 0.84375 0.190625 0.1376953125 0.0625
13 0.6515625 0.0640625 0.1814453125 0.1
13 0.12109375 0.090625 0.146875 0.0283203125
13 0.20703125 0.83984375 0.175 0.0984375
13 0.52265625 0.82734375 0.1140625 0.1201171875
13 0.93828125 0.909375 0.1234375 0.125390625
13 0.965625 0.56484375 0.06875 0.0765625
13 0.29609375 0.9640625 0.221875 0.0716796875
13 0.60546875 0.94296875 0.1828125 0.1140625
1 0.03671875 0.775 0.0734375 0.0625
1 0.6 0.6515625 0.1064453125 0.1091796875
1 0.334375 0.60546875 0.121875 0.0765625
1 0.3296875 0.5609375 0.078125 0.0439453125
1 0.7296875 0.571875 0.091015625 0.065625
1 0.9625 0.7421875 0.075 0.078125
1 0.925 0.23046875 0.08203125 0.0671875
1 0.13125 0.22578125 0.1376953125 0.0765625
1 0.16640625 0.30859375 0.11875 0.0609375
1 0.1609375 0.36796875 0.178125 0.0734375
1 0.59140625 0.33203125 0.0576171875 0.0578125
1 0.53828125 0.16328125 0.1015625 0.05625
1 0.8796875 0.11484375 0.096875 0.073828125
1 0.98125 0.0953125 0.0373046875 0.0716796875
1 0.47578125 0.5078125 0.115625 0.058984375
1 0.65 0.4609375 0.074609375 0.034765625
1 0.73671875 0.56328125 0.146875 0.0767578125
1 0.2953125 0.0671875 0.10625 0.0498046875
1 0.94296875 0.63125 0.1140625 0.0501953125
1 0.8953125 0.1078125 0.1091796875 0.0658203125
9 0.1703125 0.54296875 0.1345703125 0.1076171875
9 0.03984375 0.296875 0.0796875 0.078125
9 0.13671875 0.14296875 0.1544921875 0.0951171875
9 0.3765625 0.0640625 0.068359375 0.049609375
9 0.840625 0.02734375 0.078125 0.0546875
9 0.87421875 0.68828125 0.0765625 0.0763671875
9 0.17265625 0.71875 0.1015625 0.0625
9 0.503125 0.97109375 0.1845703125 0.0578125
9 0.30703125 0.95625 0.1328125 0.0875
9 0.15390625 0.90703125 0.1921875 0.0875
9 0.9390625 0.42890625 0.1060546875 0.0703125
9 0.8671875 0.82890625 0.105859375 0.076953125
9 0.71328125 0.91015625 0.161328125 0.101171875
9 0.303125 0.865625 0.137109375 0.06875
9 0.91328125 0.23125 0.1076171875 0.0783203125
9 0.35859375 0.7453125 0.1140625 0.115625
9 0.17734375 0.4359375 0.0828125 0.05
13 0.4703125 0.6125 0.172265625 0.1404296875
1 0.04765625 0.93984375 0.0953125 0.119921875
1 0.70703125 0.84296875 0.1984375 0.1361328125