15 0.1937446859375 0.061817004687499996 0.152928359375 0.0648844921875 0.12231611406250001 0.0372771265625 0.07945897187499999 0.0219397046875 0.0508875421875 0.061817004687499996 0.0345610125 0.0710194609375 0.0243569296875 0.092491853125 0.028438562499999997 0.1139642453125 0.030648382812500003 0.115625 0.2609375 0.115625 0.2609375 0.11128978437499999 0.2529283578125 0.06795197343750001 0.2345610125 0.0403446125 0.2325201953125 0.0035347984375000002 0.2284385625 0.0004673140625 0.183540603125 0.00660228125 0.183540603125 0.0158047375 0.19578550156250002 0.028074675 0.20190795 0.04647958125 0.1937446859375 0.061817004687499996
15 0.06525031718749999 0.55792753125 0.10810746093750001 0.6039398015625 0.1489237875 0.600872315625 0.1713727671875 0.567129984375 0.18565848125 0.5640625 0.2203523578125 0.5763324390625 0.23055644062499997 0.594737346875 0.26933195 0.5978048312500001 0.2754544 0.6499520703125 0.30810746093749997 0.6683569781250001 0.357087053125 0.659154525 0.4713727671875 0.69289685625 0.750964603125 0.6867618859375 0.7734135828125 0.7051667953125 0.8285156234375 0.6867618859375 0.857087053125 0.7174367328125 0.9040258296875001 0.7419766109375 0.9530054234374999 0.7419766109375 0.9979033812500001 0.7113017640625 0.9984375 0.7103136828125 0.9984375 0.5460590015625 0.989740115625 0.5395226234375 0.8958625640625 0.5088477765625 0.86525031875 0.47203796093749995 0.8162707265625 0.44749808281250003 0.6101482781249999 0.4045532984375 0.3979033796875 0.38614838906250004 0.15096460312499999 0.398418328125 0.0958625625 0.41989072031249997 0.057087053124999995 0.46590299062499996 0.06525031718749999 0.55792753125
19 0.2921875 0.58828125 0.146875 0.05625
2 0.3078125 0.54765625 0.083984375 0.0361328125
2 0.3953125 0.51328125 0.058984375 0.055078125
2 0.421875 0.4671875 0.0529296875 0.040234375
19 0.4890625 0.6265625 0.153515625 0.084765625
19 0.63515625 0.62890625 0.1421875 0.0923828125
19 0.6265625 0.4984375 0.0625 0.034375
0 0.48359375 0.571875 0.0888671875 0.0845703125
0 0.39375 0.5828125 0.068359375 0.062109375
0 0.53671875 0.475 0.075 0.06328125
0 0.7390625 0.54375 0.066015625 0.0685546875
0 0.60625 0.59921875 0.0408203125 0.05
0 0.66328125 0.47265625 0.067578125 0.0390625
0 0.74375 0.4984375 0.0779296875 0.0435546875