15 1 0.114805546875 0.8377192984375 0.2045778515625 0.8026315796875 0.207501828125 0.7631578953125 0.2308936390625 0.743421053125 0.2572094296875 0.732456140625 0.251361478125 0.732456140625 0.22504568749999998 0.6973684203125 0.09931469375 0.6951754390625 0.0174433484375 0.67105263125 0.002823465625 0.620614034375 0.002823465625 0.5592105265625 0.032063231250000004 0.449561403125 0.0408351609375 0.44078947343749997 0.049607090625 0.44298245625000005 0.0788468578125 0.4298245609375 0.116858553125 0.3157894734375 0.0846948109375 0.2236842109375 0.0963907171875 0.17982456093750002 0.14025036562499998 0.1513157890625 0.21627375781249997 0.1381578953125 0.2835252203125 0.1228070171875 0.30984100937500003 0.07456140312500001 0.32446089218749996 0.006578946875 0.312764984375 0 0.3162737578125 0 0.5288734374999999 0.006578946875 0.5320632296875 0.0109649125 0.5613029984375 0 0.577047484375 0 0.7852638 0.063596490625 0.8127649859374999 0.1096491234375 0.8946363296875001 0.2587719296875 0.8946363296875001 0.28508771875 0.8683205421875 0.28508771875 0.9121801906250001 0.2697368421875 0.94434393125 0.25891812812500004 0.9984375 0.6062643015625 0.9984375 0.6118421046875 0.98527960625 0.646929825 0.7630573828125 0.6688596484375 0.774753290625 0.664473684375 0.8010690796875 0.6491228062500001 0.8186129390625 0.664473684375 0.8683205421875 0.8267543859375 0.9706597234375 0.960526315625 0.9969755109375 1 0.9861792890625001 1 0.114805546875
2 0.42421875 0.83984375 0.1705078125 0.221875
2 0.315625 0.328125 0.121875 0.169140625
2 0.578125 0.2390625 0.149609375 0.112890625
2 0.07890625 0.43046875 0.1357421875 0.1580078125
2 0.296875 0.57109375 0.105859375 0.0796875
2 0.89921875 0.32890625 0.082421875 0.059375
2 0.84296875 0.76640625 0.1484375 0.1826171875
2 0.7265625 0.4609375 0.125 0.1123046875
2 0.46640625 0.49765625 0.14375 0.1486328125
2 0.209375 0.8046875 0.224609375 0.172265625