15 0.126953125 0 0.1171875 0.01466275625 0.076171875 0.011730204687499999 0.0625 0.0175953078125 0.03515625 0.0381231671875 0.03125 0.0586510265625 0.041015625 0.0791788859375 0.056640625 0.0879765390625 0.083984375 0.12609970625 0.125 0.11143695 0.154296875 0.0850439875 0.193359375 0.0879765390625 0.201171875 0.102639296875 0.1953125 0.1202346046875 0.18359375 0.131964809375 0.18359375 0.14076246406249998 0.2265625 0.14662756562499998 0.23046875 0.14369501406250001 0.232421875 0.1085043984375 0.25 0.0821114375 0.259765625 0.0293255125 0.26953125 0.0175953078125 0.267578125 0 0.126953125 0
15 0.748046875 0.4398826984375 0.7265625 0.45747800625 0.458984375 0.451612903125 0.349609375 0.4838709671875 0.302734375 0.4750733140625 0.271484375 0.49266862187499993 0.265625 0.54252199375 0.228515625 0.5454545453125 0.21875 0.563049853125 0.185546875 0.574780059375 0.171875 0.5718475078125 0.150390625 0.5395894421875 0.111328125 0.5366568921875 0.0703125 0.5806451609375001 0.0625 0.6686217015625 0.099609375 0.7126099703125 0.15234375 0.7331378296875 0.388671875 0.7448680359375001 0.591796875 0.7272727265625 0.7890625 0.686217009375 0.8359375 0.6627565984375 0.865234375 0.6275659828125 0.955078125 0.59824046875 0.970703125 0.5865102640625001 0.984375 0.5454545453125 0.98828125 0.4809384171875 0.962890625 0.43401759531249995 0.919921875 0.40469208281249996 0.873046875 0.40469208281249996 0.828125 0.42815249218749996 0.80078125 0.45747800625 0.748046875 0.4398826984375
19 0.2875 0.59765625 0.140625 0.05390625
2 0.30234375 0.55859375 0.07890625 0.03515625
2 0.3859375 0.52578125 0.05625 0.053125
2 0.41171875 0.48125 0.05 0.03671875
19 0.47578125 0.634375 0.1484375 0.08203125
19 0.615625 0.63671875 0.1359375 0.0890625
19 0.6078125 0.51171875 0.06015625 0.0328125
0 0.4703125 0.58203125 0.08515625 0.08125
0 0.38515625 0.59296875 0.06484375 0.05859375
0 0.52109375 0.4890625 0.07109375 0.0609375
0 0.715625 0.5546875 0.0640625 0.065625
0 0.58828125 0.60859375 0.03984375 0.04765625
0 0.6421875 0.4875 0.06484375 0.0375
0 0.71953125 0.51171875 0.07421875 0.04140625