15 0.4800245109375 0 0.46458333281249997 0.0166666671875 0.4375 0.08055555625000001 0.40416666718750005 0.2916666671875 0.38333333281250004 0.28055555625 0.3875 0.25555555625 0.40208333281249997 0.2388888890625 0.3875 0.1916666671875 0.23333333281250002 0.09444444375 0.10625 0.06944444375 0.025 0.0916666671875 0 0.1101851859375 0 0.5861111109375 0.0083333328125 0.5944444437499999 0 0.600292396875 0 0.925 0.00625 0.9305555562500001 0.0270833328125 0.9305555562500001 0.22291666718749997 0.8222222218749999 0.25625 0.8194444437499999 0.29375 0.797222221875 0.3125 0.772222221875 0.3229166671875 0.777777778125 0.3229166671875 0.8027777781250001 0.35625 0.922222221875 0.3583333328125 1 0.4583333328125 1 0.4875 0.9861111109375 0.5916666671875 0.977777778125 0.6 0.9694444437499999 0.5979166671875 0.9416666671874999 0.6104166671875 0.9055555562500001 0.71875 0.9361111109375001 0.80625 0.925 0.8479166671874999 0.8833333328125 0.875 0.8111111109375001 0.8875 0.747222221875 0.9020833328125001 0.722222221875 0.9479166671874999 0.7083333328125 1 0.71729390625 1 0.26246246093750003 0.9583333328125001 0.24444444375000002 0.9145833328125 0.1666666671875 0.7729166671875001 0.1666666671875 0.7479166671875 0.1916666671875 0.7479166671875 0.15 0.7625 0.11944444375 0.7791666671875 0.0361111109375 0.8 0 0.4800245109375 0
2 0.384375 0.78125 0.1625 0.212109375
2 0.28046875 0.29453125 0.115625 0.1609375
2 0.53046875 0.21015625 0.1419921875 0.1076171875
2 0.06015625 0.390625 0.1203125 0.15
2 0.26328125 0.52578125 0.1 0.0763671875
2 0.8359375 0.29609375 0.078125 0.05625
2 0.78203125 0.7109375 0.1419921875 0.1720703125
2 0.671875 0.42109375 0.11875 0.10625
2 0.42421875 0.45625 0.136328125 0.14296875
2 0.1796875 0.74765625 0.2125 0.1642578125