15 0.0005562359375 0.6533854156250001 0.030510153125 0.7089409718749999 0.079047021875 0.7421875 0.13931631718749998 0.7421875 0.189496328125 0.7158854156250001 0.22175439375 0.68116319375 0.283966375 0.701996528125 0.309311996875 0.68116319375 0.6249802 0.6881076390625 0.7540124578125 0.64991319375 0.8093119953125001 0.6603298609375 0.8461783546874999 0.639496528125 0.8530907984375 0.58046875 0.8968695999999999 0.576996528125 0.9083903375 0.55616319375 0.9475608453125 0.5422743046875 0.9636898765625 0.545746528125 0.9890354984374999 0.5839409718749999 0.996875 0.58453165625 0.996875 0.35873731875 0.9867313515625 0.3547743046875 0.7079295078125 0.34088541562499997 0.468298171875 0.36171875 0.23557927812499999 0.4103298609375 0.1802797390625 0.4381076390625 0.1457175265625 0.47977430468750004 0.03972674375 0.514496528125 0.0212935640625 0.5283854156250001 0.00516453125 0.576996528125 0.0005562359375 0.6533854156250001
19 0.17109375 0.56875 0.165625 0.0626953125
2 0.18828125 0.52265625 0.09375 0.0419921875
2 0.2875 0.48359375 0.0658203125 0.0625
2 0.3171875 0.43125 0.059375 0.04375
19 0.39375 0.61171875 0.175 0.096875
19 0.5578125 0.61484375 0.1595703125 0.1048828125
19 0.54921875 0.4671875 0.070703125 0.03984375
0 0.38671875 0.55 0.1 0.0966796875
0 0.2859375 0.5625 0.077734375 0.0689453125
0 0.446875 0.440625 0.084375 0.071875
0 0.67578125 0.51796875 0.0763671875 0.0767578125
0 0.52578125 0.58125 0.046875 0.05625
0 0.58984375 0.43828125 0.0765625 0.0451171875
0 0.68046875 0.46640625 0.0875 0.0486328125