15 1 0.1302083328125 0.96484375 0.09895833281250001 0.9453125 0.09895833281250001 0.76171875 0.20052083281250002 0.73046875 0.203125 0.6953125 0.22395833281250002 0.677734375 0.24739583281250002 0.66796875 0.2421875 0.66796875 0.21875 0.63671875 0.1067708328125 0.634765625 0.0338541671875 0.61328125 0.0208333328125 0.568359375 0.0208333328125 0.513671875 0.046875 0.416015625 0.0546875 0.408203125 0.0625 0.41015625 0.08854166718749999 0.3984375 0.1223958328125 0.296875 0.09375 0.21484375 0.1041666671875 0.17578125 0.1432291671875 0.150390625 0.2109375 0.138671875 0.2708333328125 0.125 0.2942708328125 0.08203125 0.3072916671875 0.021484375 0.296875 0.01171875 0.3020833328125 0.001953125 0.328125 0 0.4817708328125 0.021484375 0.4921875 0.025390625 0.5182291671875 0 0.5546875 0 0.7109375 0.072265625 0.7421875 0.11328125 0.8151041671874999 0.24609375 0.8151041671874999 0.26953125 0.7916666671875 0.26953125 0.8307291671874999 0.255859375 0.859375 0.240234375 0.9375 0.220703125 0.9713541671874999 0.22265625 1 0.494140625 1 0.53515625 0.9557291671874999 0.560546875 0.8958333328125001 0.591796875 0.6979166671875 0.611328125 0.7083333328125 0.607421875 0.7317708328125 0.59375 0.7473958328125 0.607421875 0.7916666671875 0.751953125 0.8828125 0.87109375 0.90625 0.947265625 0.8854166671874999 1 0.8463541671874999 1 0.4192708328125 0.970703125 0.421875 0.962890625 0.4140625 1 0.3880208328125 1 0.1302083328125
2 0.39375 0.76640625 0.15234375 0.19765625
2 0.296875 0.31015625 0.10859375 0.15078125
2 0.53125 0.23125 0.1328125 0.10078125
2 0.0859375 0.4015625 0.1203125 0.14140625
2 0.2796875 0.5265625 0.09375 0.07109375
2 0.81640625 0.3109375 0.0734375 0.05234375
2 0.76640625 0.70078125 0.13203125 0.1625
2 0.66328125 0.42890625 0.1109375 0.09921875
2 0.43125 0.46171875 0.128125 0.13359375
2 0.20234375 0.734375 0.19921875 0.1546875