15 0.251431478125 0 0.0443925234375 0.0908951515625 0.0023364484375000003 0.12126898281250001 0 0.12418954374999999 0 0.7410119734375 0.067757009375 0.79182973125 0.18691588750000002 0.8665960859374999 0.2102803734375 0.868932534375 0.24065420624999997 0.8572502921874999 0.338785046875 0.8782783296875 0.5222348640625001 0.89375 0.53830558125 0.89375 0.7102803734375 0.8665960859374999 0.8364485984375 0.8222035625 0.94859813125 0.7567830015625 1 0.70803985 1 0.0834869 0.9649532703125001 0.0441661796875 0.9205607484374999 0.0114559 0.89535776875 0 0.251431478125 0
7 0.13515625 0.2890625 0.2703125 0.171875
7 0.203125 0.5140625 0.3154296875 0.2095703125
7 0.3828125 0.49765625 0.066015625 0.21875
7 0.37734375 0.171875 0.1486328125 0.16875
7 0.61640625 0.1609375 0.1765625 0.2154296875
7 0.7765625 0.2953125 0.2435546875 0.2439453125
16 0.86015625 0.55546875 0.1763671875 0.1109375
1 0.64453125 0.4515625 0.201171875 0.115625
1 0.3703125 0.33046875 0.183984375 0.0919921875
6 0.25390625 0.21640625 0.0796875 0.0763671875
6 0.5671875 0.5640625 0.093359375 0.049609375
6 0.5375 0.453125 0.087109375 0.081640625