15 0 0.662109375 0.03125 0.697265625 0.1015625 0.75 0.201171875 0.8125 0.220703125 0.814453125 0.24609375 0.8046875 0.328125 0.822265625 0.490234375 0.8359375 0.638671875 0.8125 0.744140625 0.775390625 0.837890625 0.720703125 0.951171875 0.61328125 0.966796875 0.5859375 0.990234375 0.4765625 0.99609375 0.34765625 0.98046875 0.29296875 0.931640625 0.21484375 0.8515625 0.125 0.814453125 0.09765625 0.75 0.068359375 0.6640625 0.04296875 0.560546875 0.03515625 0.41015625 0.044921875 0.322265625 0.05859375 0.08203125 0.1640625 0.046875 0.189453125 0 0.248046875 0 0.662109375
7 0.15 0.33046875 0.24296875 0.14375
7 0.21484375 0.51796875 0.26328125 0.17578125
7 0.36484375 0.50390625 0.05625 0.1828125
7 0.36015625 0.23125 0.125 0.140625
7 0.56015625 0.22265625 0.14765625 0.1796875
7 0.69453125 0.33515625 0.203125 0.2046875
16 0.7640625 0.55234375 0.146875 0.09296875
1 0.58359375 0.465625 0.16796875 0.096875
1 0.3546875 0.3640625 0.153125 0.0765625
6 0.25703125 0.26875 0.06640625 0.06328125
6 0.51875 0.559375 0.078125 0.04140625
6 0.49453125 0.4671875 0.071875 0.06953125