15 0.5104668125 0 0.3304347828125 0.0151834234375 0.23913043437499998 0.034748640625 0.210869565625 0.0238790765625 0.189130434375 0.026052989062499997 0.0782608703125 0.09561820625 0 0.1543138578125 0 0.69779211875 0.0173913046875 0.71953125 0.0565217390625 0.74779211875 0.264415384375 0.8390625 0.8335529890625001 0.8390625 0.8717391296875 0.8217051625 0.9130434781250001 0.7912703796875 1 0.6937094046875 1 0.2251159578125 0.8978260875 0.1282269015625 0.7934782609375 0.0673573375 0.67608695625 0.026052989062499997 0.511084690625 0 0.5104668125 0
7 0.13359375 0.27578125 0.2671875 0.1609375
7 0.20390625 0.48515625 0.2923828125 0.1953125
7 0.37109375 0.46953125 0.0625 0.203125
7 0.36640625 0.16640625 0.1390625 0.1576171875
7 0.5890625 0.15625 0.1654296875 0.2
7 0.73828125 0.28125 0.2263671875 0.228125
16 0.815625 0.5234375 0.1626953125 0.103125
1 0.61484375 0.4265625 0.1861328125 0.108984375
1 0.36015625 0.3140625 0.1703125 0.0845703125
6 0.2515625 0.2078125 0.074609375 0.07109375
6 0.54296875 0.53125 0.0861328125 0.044140625
6 0.515625 0.428125 0.080859375 0.0779296875