15 1 0.126140625 0.258 0.126140625 0.248 0.130140625 0.15 0.152140625 0.124 0.194140625 0.074 0.21214062500000003 0.028000000000000004 0.256140625 0 0.271413353125 0 0.961569196875 0.164760415625 0.996875 0.187619790625 0.996875 0.22200000000000003 0.9821406250000001 0.246 0.9821406250000001 0.262 0.992140625 0.316 0.9901406250000001 0.384 0.964140625 0.40800000000000003 0.976140625 0.45999999999999996 0.976140625 0.484 0.986140625 0.526 0.9741406250000001 0.622 0.9661406250000001 0.682 0.9341406250000001 0.736 0.9201406249999999 0.85 0.852140625 0.8960000000000001 0.8341406250000001 0.976 0.768140625 0.99 0.740140625 1 0.73458506875 1 0.126140625
7 0.74921875 0.7890625 0.1578125 0.1623046875
7 0.85625 0.70625 0.19375 0.1345703125
7 0.51328125 0.8265625 0.1705078125 0.1751953125
7 0.371875 0.85078125 0.1060546875 0.2140625
7 0.49140625 0.6484375 0.2328125 0.165625
7 0.0390625 0.66875 0.078125 0.11328125
7 0.09375 0.74921875 0.1095703125 0.1453125
7 0.11328125 0.9109375 0.1859375 0.178125
7 0.23125 0.778125 0.1439453125 0.0875
7 0.2609375 0.653125 0.2064453125 0.0998046875
7 0.72109375 0.4984375 0.171875 0.11484375
7 0.67890625 0.64921875 0.1767578125 0.1
7 0.08984375 0.49921875 0.0515625 0.0580078125
7 0.946875 0.33046875 0.0720703125 0.0798828125
7 0.32421875 0.21640625 0.0765625 0.04375
7 0.8515625 0.16640625 0.109375 0.0330078125