15 1 0.19541382499999999 0.9682203390625 0.1650158890625 0.9152542374999999 0.1459480921875 0.8877118640624999 0.10145656875 0.8405238828125 0.090863346875 0 0.090863346875 0 0.7285752109375 0.0127118640625 0.7539989421875 0.0974576265625 0.8239141953125 0.146186440625 0.842981990625 0.266949153125 0.9150158890625001 0.3241525421875 0.9298464 0.3877118640625 0.9637447046875 0.4894067796875 0.9722192812499999 0.5338983046875 0.9849311437500001 0.5593220343749999 0.9743379234375 0.6144067796875 0.9743379234375 0.6398305078125001 0.9616260593750001 0.7118644062499999 0.9891684312500001 0.769067796875 0.991287075 0.7860169484374999 0.9806938562499999 0.8114406781250001 0.9806938562499999 0.855932203125 0.999761653125 1 0.9688899796875001 1 0.19541382499999999
7 0.78125 0.79375 0.168359375 0.171875
7 0.89375 0.70625 0.205859375 0.1435546875
7 0.53125 0.83359375 0.18125 0.1859375
7 0.38125 0.85859375 0.112109375 0.2265625
7 0.5078125 0.64453125 0.246875 0.1763671875
7 0.03515625 0.66640625 0.0701171875 0.1205078125
7 0.08671875 0.7515625 0.1169921875 0.1533203125
7 0.10703125 0.9140625 0.196875 0.171875
7 0.2328125 0.78203125 0.153125 0.0923828125
7 0.26328125 0.65 0.2201171875 0.1060546875
7 0.75078125 0.48515625 0.1826171875 0.1205078125
7 0.70625 0.6453125 0.1876953125 0.10625
7 0.08203125 0.48671875 0.0546875 0.0611328125
7 0.97578125 0.30703125 0.0484375 0.084375
7 0.33046875 0.1875 0.08125 0.046875
7 0.8890625 0.134375 0.115625 0.037109375