15 1 0.171875 0.80859375 0.130859375 0.767578125 0.1484375 0.744140625 0.1484375 0.728515625 0.138671875 0.67578125 0.140625 0.609375 0.166015625 0.5859375 0.154296875 0.53515625 0.154296875 0.51171875 0.14453125 0.470703125 0.15625 0.376953125 0.1640625 0.318359375 0.1953125 0.265625 0.208984375 0.154296875 0.275390625 0.109375 0.29296875 0.03125 0.357421875 0.017578125 0.384765625 0 0.39453125 0 1 0.693359375 1 0.7421875 0.98046875 0.837890625 0.958984375 0.86328125 0.91796875 0.912109375 0.900390625 0.95703125 0.857421875 1 0.833984375 1 0.171875
7 0.7390625 0.778125 0.15390625 0.15859375
7 0.84375 0.69765625 0.1890625 0.13203125
7 0.509375 0.815625 0.1671875 0.17109375
7 0.37109375 0.83828125 0.103125 0.20859375
7 0.4875 0.64140625 0.22734375 0.16171875
7 0.04296875 0.6625 0.0859375 0.1125
7 0.1 0.73984375 0.1078125 0.1421875
7 0.11875 0.90234375 0.18046875 0.18125
7 0.23359375 0.76796875 0.14140625 0.08515625
7 0.2625 0.64609375 0.20234375 0.096875
7 0.71171875 0.49453125 0.16796875 0.11171875
7 0.67109375 0.6421875 0.1734375 0.09765625
7 0.0953125 0.4953125 0.05078125 0.05703125
7 0.93203125 0.33046875 0.07109375 0.078125
7 0.32421875 0.21953125 0.075 0.04296875
7 0.83984375 0.1703125 0.10703125 0.0328125