15 1 0.37109375 0.96875 0.337890625 0.86328125 0.265625 0.765625 0.224609375 0.607421875 0.1796875 0.501953125 0.173828125 0.3828125 0.18359375 0.203125 0.24609375 0.109375 0.30078125 0.04296875 0.353515625 0 0.40625 0 0.515625 0.013671875 0.52734375 0 0.578125 0.001953125 0.720703125 0.037109375 0.734375 0.06640625 0.7734375 0.15234375 0.859375 0.171875 0.86328125 0.19140625 0.85546875 0.212890625 0.875 0.296875 0.919921875 0.41796875 0.947265625 0.466796875 0.94921875 0.57421875 0.9375 0.748046875 0.88671875 0.80859375 0.861328125 0.931640625 0.7578125 1 0.630859375 1 0.37109375
0 0.2296875 0.5828125 0.0890625 0.09296875
0 0.43359375 0.4 0.1125 0.109375
0 0.82734375 0.42265625 0.1203125 0.109375
0 0.6375 0.51484375 0.09453125 0.09296875
0 0.56953125 0.6484375 0.0953125 0.109375
0 0.784375 0.575 0.15078125 0.08515625
0 0.45546875 0.29765625 0.10625 0.03984375
0 0.24140625 0.36953125 0.1546875 0.0609375
0 0.4515625 0.240625 0.090625 0.075
2 0.3796875 0.71015625 0.128125 0.1890625
2 0.7234375 0.725 0.11640625 0.15546875
0 0.221875 0.49765625 0.071875 0.0390625