15 1 0.2572574640625 0.8940092171874999 0.19542950625 0.68202765 0.1216967890625 0.5414746546875 0.11017605156250002 0.417050690625 0.11708849375 0.23041474687500002 0.17008388593749998 0.11520737343750001 0.21847098125 0 0.297409365625 0 0.7349291765625 0.0345622125 0.7991161421874999 0.1797235015625 0.9212359593749999 0.2511520734375 0.9511898750000001 0.40753576406249997 0.996875 0.7545596906250001 0.996875 0.7834101375 0.99036038125 0.8824884796875001 0.9373649921875 0.9078341015625 0.914323515625 0.9308755765625 0.9235401078125 0.95391705 0.9189318125 1 0.8728488609375 1 0.2572574640625
0 0.1375 0.59375 0.1060546875 0.109375
0 0.378125 0.378125 0.131640625 0.130859375
0 0.84296875 0.40390625 0.1421875 0.129296875
0 0.61796875 0.51328125 0.1111328125 0.109375
0 0.53828125 0.67109375 0.1138671875 0.1294921875
0 0.79140625 0.58359375 0.178125 0.1013671875
0 0.40390625 0.25625 0.125 0.046875
0 0.15078125 0.34140625 0.1826171875 0.071875
0 0.39921875 0.18984375 0.1076171875 0.0890625
2 0.31484375 0.74296875 0.1515625 0.2234375
2 0.71953125 0.7609375 0.1375 0.1841796875
0 0.128125 0.49296875 0.0845703125 0.0455078125