15 1 0.3926803296875 0.9899193546875 0.38876007968750004 0.9596774187499999 0.3484375 0.8709677421875 0.259727821875 0.8508064515625 0.2556955640625 0.8306451609375 0.26376007968750004 0.8084677421875 0.2435987890625 0.72177419375 0.19722782187500001 0.59677419375 0.169002015625 0.5514112812499999 0.1671875 0.5445228531249999 0.1671875 0.4354838703125 0.1790826625 0.25604838750000003 0.231502015625 0.1935483875 0.25771169375 0.0665322578125 0.36456653125 0 0.4881264390625 0 0.7680443546875 0.028225806250000002 0.7980342734375 0.13709677343749999 0.8726310484375001 0.2379032265625 0.9149697578125 0.401209678125 0.9613407265625 0.5064516203125 0.9671875 0.51254031875 0.9671875 0.633064515625 0.95730846875 0.8185483874999999 0.8927923375000001 0.9153225812500001 0.8363407265625 0.9838709671875 0.781905240625 1 0.76211051875 1 0.3926803296875
0 0.20859375 0.58984375 0.0921875 0.0955078125
0 0.41953125 0.4015625 0.1169921875 0.1126953125
0 0.82578125 0.42421875 0.1236328125 0.1138671875
0 0.6296875 0.51953125 0.097265625 0.095703125
0 0.56015625 0.6578125 0.0984375 0.1126953125
0 0.78125 0.58125 0.1560546875 0.0875
0 0.4421875 0.2953125 0.109375 0.0408203125
0 0.2203125 0.36953125 0.159375 0.0625
0 0.4375 0.23671875 0.09375 0.0767578125
2 0.3640625 0.72109375 0.133984375 0.1953125
2 0.71875 0.73671875 0.119140625 0.1609375
0 0.20078125 0.5015625 0.0736328125 0.040625