15 1 0.29244868749999997 0.9911504421874999 0.272478271875 0.9579646015625001 0.231058153125 0.9203539828125 0.2103480953125 0.7809734515625 0.08904632031250001 0.57300885 0.0387504625 0.526548671875 0.044667621875 0.44911504375 0.023957562499999998 0.378318584375 0.0269161421875 0.28761061875 0.0476262015625 0.194690265625 0.08608774062499999 0.13274336250000002 0.0920049 0.013274335937500001 0.2044309359375 0 0.2239575625 0 0.8020640703125 0.0088495578125 0.8138983906249999 0.0929203546875 0.899697209375 0.15486725625 0.899697209375 0.22123893749999998 0.9381587453125 0.2743362828125 0.935200165625 0.3849557515625 0.9736617046875 0.466814159375 0.9588688046874999 0.5132743359374999 0.9795788625 0.5228185062499999 1 0.5410318203125 1 0.6460176984375 0.9795788625 0.7256637171875 0.9943717640624999 0.7367256640625001 0.9766202859374999 0.754424778125 0.9736617046875 0.9137168140625 0.8582770890625 0.984513275 0.757685371875 1 0.7282552921875001 1 0.29244868749999997
13 0.478125 0.7234375 0.1533203125 0.15625
13 0.15859375 0.58359375 0.175 0.1078125
13 0.35546875 0.5234375 0.1263671875 0.1158203125
13 0.609375 0.64453125 0.1533203125 0.146875
13 0.83125 0.6015625 0.1748046875 0.140234375
13 0.95 0.3640625 0.0998046875 0.0939453125
13 0.9015625 0.44296875 0.1064453125 0.0888671875
13 0.19921875 0.16796875 0.0796875 0.0580078125
13 0.328125 0.1203125 0.1029296875 0.0689453125
13 0.60703125 0.1578125 0.067578125 0.072265625
13 0.8484375 0.16015625 0.121484375 0.0794921875
13 0.75546875 0.12109375 0.0984375 0.063671875
13 0.90625 0.25078125 0.0685546875 0.128125
13 0.94921875 0.2671875 0.0451171875 0.096875
13 0.32578125 0.63984375 0.1361328125 0.1171875
13 0.0734375 0.4625 0.146875 0.093359375
13 0.09375 0.35078125 0.112109375 0.115625
13 0.24609375 0.3234375 0.078125 0.096484375
13 0.328125 0.3375 0.0654296875 0.09375
13 0.43515625 0.27578125 0.228125 0.1390625
13 0.13515625 0.2328125 0.1421875 0.0658203125
1 0.5578125 0.48515625 0.1658203125 0.078125
1 0.5546875 0.60703125 0.078125 0.071875
1 0.440625 0.596875 0.0875 0.06171875
1 0.2140625 0.52421875 0.109375 0.044921875
1 0.146875 0.4359375 0.0595703125 0.0498046875
1 0.17578125 0.2625 0.098046875 0.071875
1 0.33046875 0.27890625 0.071875 0.0546875
1 0.42265625 0.19296875 0.128125 0.0517578125
1 0.6 0.2546875 0.1529296875 0.065625
1 0.75078125 0.24375 0.135546875 0.06328125
1 0.81953125 0.32421875 0.1142578125 0.0484375
1 0.76171875 0.46171875 0.0875 0.1142578125
1 0.81015625 0.1671875 0.034375 0.06875
1 0.81875 0.56015625 0.1029296875 0.0419921875
1 0.13515625 0.596875 0.06875 0.044140625
12 0.65078125 0.57734375 0.120703125 0.076171875
12 0.165625 0.378125 0.1029296875 0.090625
12 0.36328125 0.4765625 0.1642578125 0.0408203125
12 0.440625 0.41328125 0.1216796875 0.0888671875
12 0.44375 0.3046875 0.1529296875 0.0814453125
12 0.5703125 0.3546875 0.103515625 0.0498046875
12 0.71015625 0.42265625 0.16875 0.0576171875
12 0.86171875 0.3546875 0.0828125 0.053515625
12 0.80234375 0.24453125 0.0544921875 0.0919921875
12 0.66015625 0.2609375 0.0765625 0.078515625
12 0.87890625 0.22890625 0.0890625 0.034375
12 0.36484375 0.1703125 0.059375 0.05625
12 0.43203125 0.4046875 0.1015625 0.084765625
12 0.4453125 0.29765625 0.09375 0.05
6 0.8484375 0.4984375 0.1248046875 0.0658203125
6 0.3390625 0.7265625 0.103125 0.087890625
6 0.4265625 0.484375 0.06015625 0.09296875
6 0.5203125 0.60078125 0.058984375 0.0578125
6 0.71484375 0.51953125 0.0515625 0.059375
6 0.9359375 0.36328125 0.0310546875 0.046875
6 0.49296875 0.15859375 0.096875 0.0326171875
6 0.6125 0.1171875 0.0435546875 0.0248046875
6 0.2578125 0.15 0.0375 0.034375
6 0.19609375 0.4203125 0.05 0.0314453125
6 0.3484375 0.72578125 0.0439453125 0.0669921875
6 0.66640625 0.36796875 0.0609375 0.0267578125