15 1 0.4869791671875 0.990234375 0.46875 0.984375 0.3802083328125 0.974609375 0.34375 0.927734375 0.2838541671875 0.9140625 0.23958333281250002 0.89453125 0.2109375 0.7890625 0.1119791671875 0.734375 0.1067708328125 0.65234375 0.07291666718749999 0.572265625 0.0546875 0.509765625 0.05208333281250001 0.44140625 0.0703125 0.400390625 0.06510416718749999 0.216796875 0.109375 0.09375 0.21614583281250002 0.060546875 0.234375 0.03125 0.2708333328125 0 0.3411458328125 0.005859375 0.4791666671875 0 0.5 0 0.6276041671875 0.037109375 0.6979166671875 0.099609375 0.7864583328125 0.240234375 0.8880208328125001 0.255859375 0.890625 0.265625 0.90625 0.3359375 0.8932291671874999 0.443359375 0.9140625 0.453125 0.8932291671874999 0.494140625 0.875 0.56640625 0.8880208328125001 0.6640625 0.8541666671874999 0.7109375 0.8567708328125001 0.76953125 0.8229166671874999 0.82421875 0.8229166671874999 0.8984375 0.7473958328125 0.974609375 0.6458333328125 0.9921875 0.5546875 1 0.546875 1 0.4869791671875
13 0.44609375 0.66796875 0.1359375 0.1375
13 0.1640625 0.54453125 0.1546875 0.09453125
13 0.3375 0.4921875 0.11171875 0.10234375
13 0.56171875 0.5984375 0.1359375 0.12890625
13 0.7578125 0.5609375 0.15390625 0.121875
13 0.86875 0.35234375 0.0984375 0.08359375
13 0.81875 0.42109375 0.09453125 0.078125
13 0.19921875 0.17890625 0.0703125 0.0515625
13 0.31328125 0.13671875 0.08984375 0.0609375
13 0.559375 0.1703125 0.06015625 0.0640625
13 0.77265625 0.171875 0.10625 0.06875
13 0.68984375 0.1375 0.0875 0.05546875
13 0.8234375 0.25234375 0.059375 0.1125
13 0.8609375 0.26640625 0.0390625 0.08515625
13 0.3109375 0.59453125 0.1203125 0.103125
13 0.08828125 0.43828125 0.1296875 0.08125
13 0.10625 0.33984375 0.0984375 0.1015625
13 0.240625 0.315625 0.06875 0.084375
13 0.31328125 0.328125 0.0578125 0.08203125
13 0.40703125 0.27421875 0.2015625 0.121875
13 0.1421875 0.2359375 0.12578125 0.05859375
1 0.51640625 0.4578125 0.146875 0.06875
1 0.5125 0.565625 0.06875 0.06328125
1 0.4125 0.55703125 0.07734375 0.05390625
1 0.2125 0.49296875 0.096875 0.0390625
1 0.153125 0.41484375 0.053125 0.04375
1 0.17890625 0.26171875 0.0859375 0.06328125
1 0.31484375 0.2765625 0.0640625 0.0484375
1 0.39609375 0.2015625 0.11328125 0.04609375
1 0.553125 0.25546875 0.134375 0.0578125
1 0.6859375 0.2453125 0.11953125 0.05625
1 0.746875 0.31640625 0.1015625 0.0421875
1 0.6953125 0.4375 0.07734375 0.1015625
1 0.94375 0.41796875 0.05390625 0.03984375
1 0.7390625 0.178125 0.0296875 0.0609375
1 0.74609375 0.52421875 0.090625 0.03671875
1 0.1421875 0.55625 0.0609375 0.03984375
12 0.59765625 0.53984375 0.10703125 0.0671875
12 0.16953125 0.3640625 0.090625 0.08046875
12 0.34453125 0.45078125 0.1453125 0.03671875
12 0.4125 0.3953125 0.10703125 0.078125
12 0.41484375 0.29921875 0.134375 0.07265625
12 0.52734375 0.34296875 0.0921875 0.04296875
12 0.65 0.403125 0.14921875 0.05
12 0.78359375 0.34375 0.0734375 0.04765625
12 0.73125 0.246875 0.04765625 0.08046875
12 0.60625 0.2609375 0.06796875 0.0703125
12 0.79921875 0.2328125 0.07890625 0.03046875
12 0.3453125 0.18125 0.05234375 0.04921875
12 0.4046875 0.3875 0.08984375 0.07578125
12 0.41640625 0.29375 0.0828125 0.04375
6 0.771875 0.4703125 0.11015625 0.05859375
6 0.32265625 0.6703125 0.090625 0.07734375
6 0.4 0.4578125 0.05390625 0.08125
6 0.4828125 0.559375 0.05078125 0.05078125
6 0.6546875 0.4890625 0.0453125 0.05234375
6 0.84921875 0.35078125 0.02734375 0.04140625
6 0.45859375 0.17109375 0.0859375 0.028125
6 0.5640625 0.134375 0.03828125 0.02109375
6 0.25078125 0.16328125 0.0328125 0.03046875
6 0.196875 0.40078125 0.04375 0.028125
6 0.33046875 0.66953125 0.0390625 0.05859375
6 0.61171875 0.35546875 0.05390625 0.02421875