15 1 0.4170924828125 0.9939024390625001 0.411011403125 0.9756097562500001 0.31641680625 0.8963414640625 0.21101140312500002 0.8191056906249999 0.1326330234375 0.7621951218749999 0.1326330234375 0.7012195125 0.0974978875 0.652439025 0.100200590625 0.5508130078125 0.06506545625 0.47560975625 0.0785789703125 0.4329268296875 0.059660051562500004 0.422764228125 0.0380384296875 0.310975609375 0.059660051562500004 0.237804878125 0.0461465359375 0.2276422765625 0.062362753125 0.2113821140625 0.06506545625 0.06504065 0.17047086250000001 0 0.2623627546875 0 0.713173565625 0.024390243750000002 0.7434438359375 0.058943089062499995 0.7623627546875 0.1869918703125 0.8731735640625 0.37804878125 0.919119509375 0.4207317078125 0.9137141062499999 0.48666952500000005 0.93125 0.525152428125 0.93125 0.55691056875 0.9299303203125 0.640243903125 0.911011403125 0.72560975625 0.8758762671874999 0.782520325 0.8704708609375 0.8922764234375 0.7677681578125 0.9126016265624999 0.7380384296875 0.92682926875 0.692092484375 0.9756097562500001 0.6299303218750001 0.9857723578125 0.592092484375 0.99186991875 0.500200590625 1 0.48506545624999997 1 0.4170924828125
13 0.425 0.67734375 0.1408203125 0.1423828125
13 0.13203125 0.54921875 0.1609375 0.0984375
13 0.3125 0.49453125 0.115625 0.10625
13 0.54609375 0.60546875 0.1419921875 0.1330078125
13 0.75 0.565625 0.1595703125 0.125390625
13 0.86484375 0.35 0.103125 0.0873046875
13 0.8140625 0.42109375 0.097265625 0.08125
13 0.16875 0.16953125 0.07421875 0.053125
13 0.2875 0.12578125 0.09375 0.0638671875
13 0.54375 0.16015625 0.0625 0.0669921875
13 0.76484375 0.1625 0.1107421875 0.071875
13 0.6796875 0.1265625 0.090625 0.058984375
13 0.81796875 0.2453125 0.0625 0.116015625
13 0.8578125 0.26015625 0.040625 0.0888671875
13 0.28515625 0.60078125 0.1263671875 0.1076171875
13 0.06015625 0.43671875 0.1201171875 0.0830078125
13 0.071875 0.33671875 0.1029296875 0.1048828125
13 0.2125 0.31171875 0.071875 0.0875
13 0.2875 0.32421875 0.059765625 0.085546875
13 0.38515625 0.26875 0.209375 0.12578125
13 0.109375 0.22890625 0.13125 0.0609375
1 0.4984375 0.459375 0.153125 0.0716796875
1 0.4953125 0.57109375 0.071484375 0.065625
1 0.390625 0.56171875 0.0810546875 0.0548828125
1 0.1828125 0.4953125 0.1001953125 0.040625
1 0.1203125 0.41484375 0.05390625 0.0453125
1 0.146875 0.25546875 0.0904296875 0.065625
1 0.2890625 0.2703125 0.066015625 0.05
1 0.37421875 0.19296875 0.1171875 0.0482421875
1 0.53671875 0.2484375 0.140625 0.0595703125
1 0.675 0.2390625 0.1248046875 0.0591796875
1 0.7390625 0.3125 0.105859375 0.04375
1 0.68515625 0.4375 0.0798828125 0.1060546875
1 0.94296875 0.4171875 0.05625 0.0408203125
1 0.73046875 0.16875 0.03125 0.0626953125
1 0.73828125 0.528125 0.09375 0.0376953125
1 0.109375 0.56171875 0.0626953125 0.0419921875
12 0.58359375 0.54375 0.1111328125 0.0689453125
12 0.13828125 0.36171875 0.0951171875 0.0828125
12 0.31953125 0.4515625 0.1515625 0.0376953125
12 0.390625 0.39375 0.1123046875 0.08125
12 0.39296875 0.29453125 0.139453125 0.075
12 0.51015625 0.33984375 0.0955078125 0.0451171875
12 0.6375 0.40234375 0.1560546875 0.0517578125
12 0.77734375 0.33984375 0.0765625 0.05
12 0.72265625 0.23984375 0.05 0.0828125
12 0.5921875 0.2546875 0.07109375 0.072265625
12 0.79296875 0.225 0.0826171875 0.03125
12 0.3203125 0.171875 0.053515625 0.050390625
12 0.3828125 0.3859375 0.0935546875 0.0783203125
12 0.39453125 0.28828125 0.0859375 0.0453125
6 0.76484375 0.471875 0.1140625 0.062109375
6 0.29765625 0.6796875 0.0951171875 0.0810546875
6 0.37734375 0.45859375 0.0548828125 0.084375
6 0.46328125 0.56484375 0.053125 0.053125
6 0.64296875 0.49140625 0.046875 0.054296875
6 0.8453125 0.3484375 0.028125 0.043359375
6 0.4390625 0.1609375 0.090234375 0.028515625
6 0.5484375 0.1234375 0.0404296875 0.021875
6 0.22265625 0.153125 0.034375 0.03125
6 0.165625 0.4 0.044140625 0.030859375
6 0.30546875 0.67890625 0.040625 0.0607421875
6 0.59765625 0.35234375 0.05625 0.025