15 0.54750815 0 0.526548671875 0.014792900000000001 0.5154867249999999 0.032544378125 0.4756637171875 0.047337278125 0.4712389375 0.062130178125000005 0.48672566406250006 0.1035502953125 0.5420353984374999 0.2189349109375 0.548672565625 0.28402366875 0.5331858406250001 0.3698224859375 0.44911504375 0.3668639046875 0.39159292031250004 0.343195265625 0.25 0.3136094671875 0.10398230156249999 0.236686390625 0.024336282812500002 0.21597633125 0.004424778125 0.20118343125 0 0.20118343125 0 0.9201183437499999 0.26880530937499997 1 0.8903722921874999 1 0.9535398234375 0.9467455625 1 0.936804734375 1 0 0.54750815 0
14 0.82734375 0.84453125 0.128125 0.1015625
14 0.8734375 0.93359375 0.253125 0.1328125
14 0.20546875 0.9015625 0.0953125 0.1658203125
14 0.35625 0.84296875 0.1033203125 0.140625
14 0.1234375 0.90625 0.09375 0.1875
14 0.33828125 0.55 0.0986328125 0.131640625
14 0.22421875 0.78125 0.1263671875 0.1404296875
14 0.09609375 0.5859375 0.0953125 0.12734375
14 0.065625 0.6671875 0.1125 0.116015625
14 0.0328125 0.48046875 0.065625 0.0859375
14 0.20546875 0.48984375 0.08125 0.126171875
14 0.11171875 0.47890625 0.1017578125 0.1
14 0.09765625 0.4140625 0.1580078125 0.0748046875
14 0.72890625 0.809375 0.09375 0.109375
12 0.41875 0.29296875 0.06875 0.1328125
12 0.73359375 0.36171875 0.0861328125 0.0982421875
12 0.8625 0.290625 0.10625 0.0875
12 0.0578125 0.9125 0.1154296875 0.1216796875
6 0.071875 0.1328125 0.14375 0.083984375
6 0.5125 0.23671875 0.1095703125 0.0828125
6 0.50234375 0.08359375 0.0767578125 0.1515625
6 0.8890625 0.60390625 0.175390625 0.0578125
6 0.98359375 0.40859375 0.0328125 0.1013671875
6 0.7046875 0.56796875 0.1001953125 0.0826171875
6 0.66171875 0.46484375 0.1048828125 0.0798828125
9 0.74921875 0.4375 0.0705078125 0.0998046875
9 0.20859375 0.23984375 0.0888671875 0.090625
9 0.53984375 0.03828125 0.0578125 0.0765625
11 0.459375 0.01953125 0.0560546875 0.0388671875
11 0.4640625 0.075 0.0654296875 0.0595703125
11 0.8 0.3671875 0.0625 0.0623046875
11 0.94765625 0.3265625 0.0548828125 0.066015625
11 0.98671875 0.309375 0.0265625 0.1033203125
11 0.85859375 0.3953125 0.040625 0.0685546875
1 0.7140625 0.08125 0.0685546875 0.1189453125