15 0 0 0 0.8607456140625 0.037280701562500004 0.891812865625 0.09210526249999999 0.9035087718750001 0.19298245625 0.9883040937500001 0.254385965625 0.9970760234375 0.2603070171875 1 0.5525161578125 1 0.603070175 0.982456140625 0.6337719296875 0.9912280703125 0.68201754375 0.982456140625 1 0.8882391171874999 1 0.18469785625 0.9342105265624999 0.2017543859375 0.789473684375 0.27777777812500004 0.6491228062500001 0.30701754375 0.5921052625 0.33040935625 0.5087719296875 0.3333333328125 0.49342105312499995 0.2485380109375 0.5 0.1842105265625 0.5548245609375 0.0701754390625 0.5701754390625 0.029239765625000004 0.5657894734375 0.014619882812500002 0.5263157890625 0 0 0
14 0.86640625 0.878125 0.1265625 0.1001953125
14 0.89375 0.95 0.2125 0.099609375
14 0.2484375 0.925 0.09375 0.15
14 0.39921875 0.87734375 0.103125 0.1390625
14 0.16796875 0.9234375 0.0921875 0.153125
14 0.38125 0.5875 0.0970703125 0.13125
14 0.26796875 0.81640625 0.125 0.1388671875
14 0.14140625 0.62265625 0.0951171875 0.125
14 0.1109375 0.703125 0.1123046875 0.115625
14 0.05625 0.51875 0.1123046875 0.0845703125
14 0.24921875 0.528125 0.0798828125 0.1248046875
14 0.15703125 0.5171875 0.1015625 0.097265625
14 0.1421875 0.453125 0.1564453125 0.074609375
14 0.76796875 0.84375 0.092578125 0.108984375
12 0.4609375 0.33359375 0.0685546875 0.13125
12 0.7734375 0.4015625 0.084765625 0.096875
12 0.90078125 0.33125 0.1048828125 0.087109375
12 0.0796875 0.94296875 0.159375 0.1140625
6 0.11484375 0.1765625 0.15 0.083984375
6 0.55390625 0.27734375 0.109375 0.0826171875
6 0.54453125 0.1265625 0.0765625 0.1498046875
6 0.91953125 0.63828125 0.1609375 0.0546875
6 0.74453125 0.60546875 0.1 0.08125
6 0.7015625 0.503125 0.103515625 0.080859375
9 0.7890625 0.4765625 0.071484375 0.0970703125
9 0.253125 0.28125 0.0875 0.087890625
9 0.58203125 0.07734375 0.0578125 0.0861328125
11 0.50234375 0.0546875 0.053125 0.059375
11 0.50625 0.11796875 0.062890625 0.059375
11 0.8390625 0.40625 0.0625 0.062109375
11 0.978125 0.3640625 0.04375 0.06640625
11 0.896875 0.434375 0.040625 0.068359375
1 0.75390625 0.12421875 0.067578125 0.117578125