15 1 0.1640625 0.6484375 0.05989583281250001 0.60546875 0.05208333281250001 0.578125 0.05989583281250001 0.435546875 0.010416667187500001 0.376953125 0.0078125 0.3203125 0.0208333328125 0.267578125 0.046875 0.212890625 0.0546875 0.123046875 0.1302083328125 0.07421875 0.140625 0.02734375 0.1796875 0 0.1901041671875 0 1 0.4296875 1 0.5 0.9505208328125001 0.509765625 0.9348958328125001 0.544921875 0.921875 0.548828125 0.9088541671874999 0.53515625 0.8723958328125001 0.486328125 0.7708333328125 0.48046875 0.7135416671875 0.494140625 0.6380208328125 0.568359375 0.640625 0.619140625 0.6614583328125 0.744140625 0.6875 0.873046875 0.7552083328125 0.943359375 0.7734375 0.9609375 0.7864583328125 0.98828125 0.7864583328125 1 0.7994791671875 1 0.1640625
14 0.8125 0.8265625 0.1125 0.08984375
14 0.85703125 0.91015625 0.2296875 0.12421875
14 0.26328125 0.8765625 0.084375 0.14609375
14 0.39609375 0.82578125 0.0921875 0.1234375
14 0.1921875 0.8828125 0.08125 0.16640625
14 0.38046875 0.56796875 0.0875 0.1171875
14 0.2796875 0.77109375 0.1109375 0.1234375
14 0.1671875 0.59921875 0.084375 0.11171875
14 0.13984375 0.67109375 0.09921875 0.103125
14 0.09140625 0.50859375 0.10078125 0.075
14 0.26328125 0.51484375 0.071875 0.1109375
14 0.18046875 0.50546875 0.090625 0.08828125
14 0.16796875 0.44765625 0.13984375 0.06484375
14 0.725 0.79609375 0.0828125 0.09609375
12 0.4515625 0.34140625 0.0609375 0.1171875
12 0.7296875 0.4015625 0.0765625 0.0859375
12 0.84375 0.3390625 0.09375 0.0765625
12 0.11015625 0.88671875 0.15 0.10625
6 0.14375 0.2015625 0.13359375 0.0734375
6 0.534375 0.29140625 0.096875 0.0734375
6 0.52578125 0.15703125 0.06796875 0.1328125
6 0.86640625 0.61484375 0.15546875 0.05078125
6 0.96796875 0.44375 0.0640625 0.0890625
6 0.70390625 0.58359375 0.0890625 0.07265625
6 0.665625 0.49296875 0.09296875 0.07109375
9 0.74375 0.46875 0.0625 0.0875
9 0.26640625 0.29453125 0.078125 0.0796875
9 0.559375 0.11328125 0.0515625 0.07734375
11 0.48828125 0.09296875 0.04765625 0.053125
11 0.49140625 0.14921875 0.05703125 0.053125
11 0.78828125 0.40625 0.05546875 0.0546875
11 0.91875 0.3703125 0.04921875 0.059375
11 0.9671875 0.35703125 0.04921875 0.0921875
11 0.83984375 0.43125 0.0359375 0.06015625
11 0.98125 0.5453125 0.03671875 0.07578125
1 0.7125 0.15546875 0.06015625 0.1046875