15 0.435546875 0.9317073171875 0.640625 0.92195121875 0.705078125 0.9073170734374999 0.755859375 0.87560975625 0.822265625 0.8048780484375 0.865234375 0.736585365625 0.888671875 0.6804878046875 0.9140625 0.57560975625 0.92578125 0.497560975 0.919921875 0.41219512187499996 0.87890625 0.25609756093749997 0.818359375 0.139024390625 0.7890625 0.1 0.748046875 0.0707317078125 0.650390625 0.041463414062499995 0.44921875 0.0317073171875 0.158203125 0.039024390625 0.08984375 0.0317073171875 0 0.036585365625 0.001953125 0.9121951218750001 0.435546875 0.9317073171875
19 0.0546875 0.23203125 0.109375 0.22578125
19 0.06875 0.49375 0.13671875 0.20546875
19 0.184375 0.59765625 0.125 0.20078125
19 0.303125 0.22421875 0.1515625 0.15625
19 0.28359375 0.50546875 0.13984375 0.12734375
19 0.41484375 0.51796875 0.1375 0.16484375
19 0.5640625 0.6875 0.18203125 0.25859375
0 0.65625 0.21328125 0.18671875 0.05703125
0 0.44375 0.3046875 0.103125 0.1875
0 0.53515625 0.1890625 0.06171875 0.18046875
0 0.184375 0.334375 0.190625 0.175
0 0.0703125 0.6375 0.10546875 0.2234375
0 0.3421875 0.63515625 0.1359375 0.17734375
0 0.53359375 0.41796875 0.20546875 0.0984375
0 0.65078125 0.30390625 0.05546875 0.13359375
0 0.73125 0.48203125 0.2 0.15078125
0 0.74921875 0.6734375 0.16953125 0.11875
0 0.50625 0.6796875 0.04921875 0.1546875
0 0.1359375 0.765625 0.08671875 0.0765625
0 0.265625 0.63984375 0.07890625 0.0671875