15 0 0.9184355999999999 0.4228131015625 0.9375 0.44606608124999997 0.9375 0.6414554625 0.9281865765624999 0.7064160921875 0.9134082515624999 0.7575971953125 0.8813885453125 0.824526328125 0.8099599749999999 0.8678334156249999 0.7409944578125 0.8914554625 0.6843442125 0.9170460140625 0.5784328828125 0.928125 0.5045001953125 0.928125 0.488929103125 0.922951525 0.41340825 0.8816129421875001 0.2557727828125 0.8205893218750001 0.13754618125 0.7910617609374999 0.09813731406250001 0.749723178125 0.06858066406249999 0.6512979828125001 0.0390240140625 0.4485420765625 0.029171796875 0.1552349890625 0.036560959375 0.0863373515625 0.029171796875 0 0.033868665625 0 0.9184355999999999
19 0.053125 0.23046875 0.10625 0.2294921875
19 0.0671875 0.4953125 0.1341796875 0.2064453125
19 0.18125 0.6015625 0.1251953125 0.2029296875
19 0.3015625 0.2234375 0.1529296875 0.158984375
19 0.28125 0.5078125 0.140625 0.128515625
19 0.4140625 0.52109375 0.140234375 0.1671875
19 0.56484375 0.69140625 0.1830078125 0.2609375
0 0.65703125 0.21328125 0.1888671875 0.0578125
0 0.44296875 0.3046875 0.1044921875 0.190234375
0 0.53515625 0.18828125 0.0611328125 0.1826171875
0 0.18203125 0.33515625 0.1921875 0.1765625
0 0.06640625 0.640625 0.10625 0.2251953125
0 0.34140625 0.6390625 0.1361328125 0.1783203125
0 0.53359375 0.4203125 0.2076171875 0.1
0 0.65234375 0.30390625 0.0548828125 0.1357421875
0 0.7328125 0.484375 0.202734375 0.1529296875
0 0.7515625 0.67734375 0.171484375 0.1201171875
0 0.50625 0.684375 0.0498046875 0.15625
0 0.13359375 0.7703125 0.0861328125 0.0779296875
0 0.26328125 0.64375 0.0796875 0.068359375