15 0 0.92059403125 0.374507084375 0.9375 0.4179620640625 0.9375 0.6221600046875 0.9277553765625 0.6929754546875 0.9116263437500001 0.748769446875 0.8766801078125 0.8217308203125 0.79872311875 0.8689411218749999 0.7234543015625 0.8946921937500001 0.66162634375 0.9225891890625 0.546034946875 0.934375 0.46729389687499995 0.934375 0.4440874359375 0.929026959375 0.3659274203125 0.8839625812499999 0.193884409375 0.817438975 0.0648521515625 0.7852501328125 0.0218413984375 0.7552072140625 0.000336021875 0 0.000336021875 0 0.92059403125
19 0.01953125 0.165625 0.038671875 0.25
19 0.034375 0.4546875 0.06875 0.225390625
19 0.12109375 0.5703125 0.1375 0.221484375
19 0.2515625 0.1578125 0.1658203125 0.171875
19 0.2296875 0.46796875 0.153125 0.140625
19 0.37421875 0.48203125 0.1515625 0.1826171875
19 0.53828125 0.66875 0.2 0.2845703125
0 0.6390625 0.14609375 0.203515625 0.0638671875
0 0.40625 0.246875 0.112890625 0.20625
0 0.50625 0.11953125 0.0685546875 0.1984375
0 0.12109375 0.28046875 0.209375 0.1921875
0 0.02578125 0.61328125 0.0515625 0.2482421875
0 0.29453125 0.6109375 0.148828125 0.19609375
0 0.5046875 0.37265625 0.2251953125 0.1080078125
0 0.63359375 0.24609375 0.0609375 0.1482421875
0 0.721875 0.4421875 0.219140625 0.1658203125
0 0.7421875 0.653125 0.18515625 0.130859375
0 0.475 0.6609375 0.053515625 0.171484375
0 0.06796875 0.7546875 0.0951171875 0.084375
0 0.21015625 0.61640625 0.0861328125 0.0736328125