15 0.0796460171875 0 0.030973451562499997 0.024336282812500002 0.00663716875 0.05088495625 0 0.0527812890625 0 0.529393171875 0.02212389375 0.5309734515625 0 0.5578381796875 0 1 1 1 1 0 0.0796460171875 0
19 0.9015625 0.67578125 0.196875 0.1390625
19 0.77890625 0.5125 0.4421875 0.2060546875
19 0.88671875 0.196875 0.0875 0.109375
19 0.934375 0.1328125 0.1310546875 0.0623046875
19 0.71328125 0.06484375 0.0955078125 0.046875
19 0.91484375 0.05078125 0.1703125 0.0888671875
19 0.13125 0.2984375 0.2625 0.053125
19 0.28828125 0.3953125 0.2328125 0.0626953125
19 0.0296875 0.23125 0.059375 0.0501953125
19 0.27109375 0.05 0.082421875 0.012890625
19 0.365625 0.0953125 0.0283203125 0.053515625
19 0.0234375 0.665625 0.046484375 0.21796875
6 0.271875 0.73515625 0.4435546875 0.084375
6 0.70546875 0.6109375 0.2125 0.0875
6 0.371875 0.50546875 0.5873046875 0.1611328125
6 0.91484375 0.34609375 0.1703125 0.090625
6 0.4140625 0.31328125 0.2841796875 0.0861328125
6 0.075 0.34296875 0.15 0.0546875
6 0.57734375 0.11328125 0.1482421875 0.0357421875
6 0.51328125 0.215625 0.11875 0.0625
6 0.70625 0.23359375 0.134375 0.041796875
6 0.15234375 0.04765625 0.065625 0.046875
6 0.5171875 0.028125 0.0779296875 0.043359375
6 0.76875 0.02109375 0.1310546875 0.0421875
6 0.92578125 0.0953125 0.13125 0.093359375
6 0.9453125 0.196875 0.109375 0.071875
6 0.71328125 0.1109375 0.1451171875 0.0595703125
19 0.13203125 0.13671875 0.191796875 0.0921875
19 0.35546875 0.2078125 0.1953125 0.0814453125
19 0.72109375 0.3703125 0.2390625 0.072265625
19 0.60703125 0.16328125 0.1982421875 0.096875
19 0.428125 0.01875 0.1125 0.0375
19 0.0875 0.4625 0.175 0.131640625