15 0.041015625 0 0 0.0234375 0 0.484375 0.021484375 0.494140625 0.021484375 0.509765625 0.03515625 0.53515625 0.029296875 0.541015625 0 0.537109375 0 0.966796875 0.025390625 0.974609375 0.080078125 0.974609375 0.248046875 0.962890625 0.39453125 0.970703125 0.478515625 0.98828125 0.63671875 0.984375 0.708984375 0.998046875 0.986328125 1 0.998046875 0.9921875 1 0.513671875 0.97265625 0.48046875 1 0.478515625 1 0.060546875 0.986328125 0.056640625 0.96484375 0.033203125 0.8984375 0 0.533203125 0 0.494140625 0.005859375 0.484375 0 0.041015625 0
19 0.909375 0.60859375 0.18125 0.1234375
19 0.80078125 0.46484375 0.3984375 0.18203125
19 0.8921875 0.18515625 0.07734375 0.096875
19 0.93828125 0.1296875 0.121875 0.0546875
19 0.7390625 0.06875 0.084375 0.04140625
19 0.92109375 0.05625 0.1578125 0.078125
19 0.19765625 0.27578125 0.28984375 0.046875
19 0.3640625 0.36015625 0.20546875 0.05546875
19 0.10859375 0.21640625 0.1078125 0.04609375
19 0.34921875 0.05625 0.071875 0.01171875
19 0.43203125 0.09609375 0.02578125 0.0484375
19 0.07578125 0.60078125 0.1515625 0.19140625
6 0.35 0.6609375 0.390625 0.075
6 0.73203125 0.55078125 0.1875 0.07734375
6 0.4375 0.45859375 0.51796875 0.14296875
6 0.92109375 0.3171875 0.1578125 0.0796875
6 0.475 0.28828125 0.25 0.0765625
6 0.12421875 0.315625 0.2390625 0.04921875
6 0.61875 0.11171875 0.13046875 0.03125
6 0.5625 0.2015625 0.1046875 0.05546875
6 0.7328125 0.21796875 0.11875 0.0359375
6 0.0671875 0.09453125 0.125 0.0625
6 0.24453125 0.05390625 0.0578125 0.04140625
6 0.56640625 0.03671875 0.06796875 0.0375
6 0.7890625 0.025 0.115625 0.05
6 0.9265625 0.0953125 0.11640625 0.08203125
6 0.9484375 0.18671875 0.103125 0.0640625
6 0.7390625 0.109375 0.128125 0.053125
19 0.22578125 0.13203125 0.16875 0.08125
19 0.42265625 0.1953125 0.17265625 0.07265625
19 0.74609375 0.3390625 0.2109375 0.06484375
19 0.6453125 0.15625 0.175 0.0859375
19 0.4890625 0.028125 0.1 0.0375
19 0.13359375 0.4203125 0.26171875 0.115625