15 0 0 0 1 1 1 1 0 0 0
19 0.9625 0.58515625 0.075 0.146875
19 0.8328125 0.4125 0.334375 0.218359375
19 0.98203125 0.07734375 0.0359375 0.1140625
19 0.1828125 0.18671875 0.346875 0.05625
19 0.38125 0.28828125 0.2466796875 0.0669921875
19 0.0765625 0.11640625 0.12890625 0.055078125
19 0.06328125 0.575 0.1263671875 0.2283203125
6 0.36484375 0.64765625 0.4673828125 0.0892578125
6 0.821875 0.51640625 0.2248046875 0.0921875
6 0.46953125 0.40546875 0.6201171875 0.1705078125
6 0.9765625 0.2375 0.046875 0.0966796875
6 0.51484375 0.20234375 0.2986328125 0.0919921875
6 0.11796875 0.23515625 0.2359375 0.0580078125
6 0.6859375 0.0046875 0.15625 0.009375
6 0.61953125 0.09921875 0.125 0.0669921875
6 0.82265625 0.11875 0.1421875 0.04375
6 0.8296875 0.009375 0.1533203125 0.01875
19 0.2140625 0.03125 0.2 0.0625
19 0.45234375 0.090625 0.20625 0.0873046875
19 0.8390625 0.2625 0.252734375 0.077734375
19 0.7171875 0.046875 0.2095703125 0.09375
19 0.13046875 0.359375 0.2609375 0.140625