15 0.3321330703125 0 0.246606334375 0.13800905000000002 0.1493212671875 0.37556561093749996 0.09728506718749999 0.47285067812500003 0 0.7239819 0 1 1 1 1 0.938348415625 0.9886877828125 0.929864253125 0.927601809375 0.8325791859375 0.8914027156250001 0.7579185515625 0.86199095 0.6493212671874999 0.7828054296875 0.5135746609375 0.753393665625 0.4434389140625 0.705882353125 0.37556561093749996 0.5837104078124999 0.11990950156249999 0.48473748437499997 0 0.3321330703125 0
19 0.59921875 0.2421875 0.4203125 0.346875
19 0.5734375 0.69296875 0.4185546875 0.5203125
2 0.5734375 0.20859375 0.2970703125 0.2
2 0.53125 0.68359375 0.3345703125 0.3703125
0 0.3671875 0.20859375 0.0875 0.1451171875
0 0.47421875 0.125 0.1546875 0.0529296875
0 0.30859375 0.2859375 0.145703125 0.103515625
0 0.40546875 0.4203125 0.1423828125 0.2373046875
0 0.73125 0.353125 0.1189453125 0.155859375
0 0.621875 0.53359375 0.0841796875 0.1609375
0 0.39375 0.63828125 0.165625 0.2048828125
0 0.5109375 0.57890625 0.103515625 0.091796875
0 0.60703125 0.84453125 0.1861328125 0.1859375