15 0.55078125 0 0.515625 0.01171875 0.400390625 0.021484375 0.314453125 0.017578125 0.212890625 0.03125 0.078125 0.080078125 0.025390625 0.111328125 0.0234375 0.130859375 0.037109375 0.16015625 0.060546875 0.177734375 0.11328125 0.26171875 0.14453125 0.326171875 0.169921875 0.419921875 0.23828125 0.537109375 0.263671875 0.59765625 0.3046875 0.65625 0.41015625 0.876953125 0.51171875 1 0.615234375 1 0.701171875 0.861328125 0.78515625 0.65625 0.830078125 0.572265625 0.9140625 0.35546875 0.982421875 0.2109375 1 0.162109375 1 0.03515625 0.85546875 0 0.55078125 0
19 0.56796875 0.32578125 0.3625 0.3
19 0.5453125 0.715625 0.3609375 0.44921875
2 0.5453125 0.29765625 0.25703125 0.17265625
2 0.509375 0.70703125 0.2890625 0.3203125
0 0.36796875 0.296875 0.07578125 0.125
0 0.46015625 0.225 0.13359375 0.0453125
0 0.3171875 0.3640625 0.1265625 0.08984375
0 0.40078125 0.4796875 0.1234375 0.20390625
0 0.68203125 0.421875 0.103125 0.13359375
0 0.5875 0.57734375 0.071875 0.13828125
0 0.390625 0.66875 0.14296875 0.17734375
0 0.49140625 0.6171875 0.08984375 0.07890625
0 0.575 0.84609375 0.16171875 0.1609375