15 0.47316017343750005 0 0.4 0.0886363640625 0.2772727265625 0.3454545453125 0.22954545468749998 0.41363636406250004 0.2 0.484090909375 0.1204545453125 0.6204545453125 0.090909090625 0.7295454546875 0.054545454687499995 0.8045454546874999 0 0.891414140625 0 1 1 1 1 0.7242857140625001 0.9863636359375001 0.6954545453125001 0.8886363640624999 0.44318181875 0.8363636359375001 0.3454545453125 0.7386363640625 0.10681818125 0.6724391796875 0 0.47316017343750005 0
19 0.58359375 0.2703125 0.421875 0.347265625
19 0.5578125 0.7234375 0.42109375 0.522265625
2 0.5578125 0.23671875 0.2998046875 0.2015625
2 0.515625 0.7140625 0.337109375 0.3720703125
0 0.35078125 0.23671875 0.0888671875 0.1453125
0 0.4578125 0.15234375 0.153515625 0.053125
0 0.2921875 0.31484375 0.146875 0.1046875
0 0.3890625 0.44921875 0.14375 0.2375
0 0.71640625 0.38203125 0.1203125 0.1548828125
0 0.60625 0.56328125 0.083984375 0.1609375
0 0.37734375 0.66875 0.1669921875 0.20625
0 0.49453125 0.60859375 0.1046875 0.0919921875
0 0.5921875 0.875 0.1875 0.1873046875