15 0.50078125 0.5 0.9984375 1
11 0.603125 0.69921875 0.3546875 0.24375
11 0.4515625 0.3984375 0.22109375 0.1625
11 0.58359375 0.17265625 0.1546875 0.09765625
11 0.07734375 0.11875 0.13671875 0.096875
11 0.5546875 0.02734375 0.1796875 0.0546875
2 0.07734375 0.5265625 0.1453125 0.1453125
2 0.71328125 0.490625 0.2890625 0.22421875
2 0.51015625 0.54453125 0.17734375 0.1203125
2 0.896875 0.74609375 0.13515625 0.11953125
2 0.815625 0.28515625 0.29765625 0.15625
2 0.40234375 0.27734375 0.1921875 0.12890625
2 0.17421875 0.2421875 0.22109375 0.10546875
2 0.24609375 0.14453125 0.19140625 0.1109375
2 0.3421875 0.1609375 0.175 0.07421875
19 0.88828125 0.11328125 0.21796875 0.22109375
0 0.56015625 0.0890625 0.49375 0.17734375
0 0.109375 0.03828125 0.2046875 0.0765625
0 0.95703125 0.60234375 0.0859375 0.3921875