15 0.5 0.5 1 1
11 0.575 0.76328125 0.4029296875 0.2763671875
11 0.403125 0.42265625 0.25 0.1830078125
11 0.55234375 0.1671875 0.1763671875 0.1095703125
11 0.02734375 0.10390625 0.0546875 0.1109375
11 0.51875 0.01640625 0.20078125 0.0328125
2 0.0296875 0.56640625 0.059375 0.1640625
2 0.7 0.5265625 0.3279296875 0.253515625
2 0.46953125 0.5875 0.2013671875 0.137109375
2 0.9078125 0.81640625 0.153125 0.1357421875
2 0.815625 0.29375 0.3375 0.1779296875
2 0.34765625 0.2859375 0.2173828125 0.1466796875
2 0.10625 0.24375 0.2125 0.1189453125
2 0.1703125 0.13515625 0.216015625 0.125
2 0.2796875 0.15390625 0.197265625 0.0830078125
19 0.88671875 0.11171875 0.2265625 0.2234375
0 0.52578125 0.08515625 0.559375 0.1703125
0 0.065625 0.02890625 0.1310546875 0.0578125
0 0.96328125 0.65234375 0.0732421875 0.4421875