15 0.5 0.5 1 1
11 0.55234375 0.75703125 0.413671875 0.283203125
11 0.37578125 0.40703125 0.2576171875 0.1888671875
11 0.52890625 0.14453125 0.180078125 0.113671875
2 0.68046875 0.5140625 0.3359375 0.259765625
2 0.44375 0.5765625 0.20625 0.140234375
2 0.89375 0.8109375 0.1564453125 0.140234375
2 0.79921875 0.275 0.346875 0.1814453125
2 0.31875 0.26640625 0.22421875 0.15
2 0.08984375 0.22265625 0.1796875 0.1232421875
2 0.1359375 0.11171875 0.2220703125 0.1294921875
2 0.2484375 0.13046875 0.2033203125 0.0859375
19 0.87734375 0.10078125 0.2421875 0.2015625
0 0.50078125 0.07421875 0.575 0.1482421875
0 0.95625 0.64296875 0.0875 0.4546875