15 1 0.208984375 0.908203125 0.205078125 0.880859375 0.19921875 0.865234375 0.1875 0.853515625 0.19140625 0.8515625 0.205078125 0.84375 0.205078125 0.810546875 0.197265625 0.791015625 0.177734375 0.74609375 0.1640625 0.720703125 0.185546875 0.708984375 0.234375 0.693359375 0.23828125 0.580078125 0.126953125 0.544921875 0.1015625 0.51953125 0.099609375 0.50390625 0.11328125 0.509765625 0.14453125 0.47265625 0.197265625 0.3828125 0.14453125 0.328125 0.134765625 0.126953125 0.146484375 0.072265625 0.142578125 0.03125 0.1640625 0 0.146484375 0 0.88671875 0.03515625 0.912109375 0.146484375 0.955078125 0.216796875 0.96484375 0.337890625 1 0.67578125 1 0.67578125 0.98046875 0.6875 0.96875 0.861328125 0.916015625 0.9375 0.908203125 1 0.869140625 1 0.208984375
7 0.39375 0.5671875 0.5875 0.865625
7 0.603125 0.26328125 0.403125 0.20390625
7 0.815625 0.44765625 0.36796875 0.215625
7 0.9046875 0.59609375 0.190625 0.3015625
7 0.9015625 0.2796875 0.196875 0.1484375
17 0.403125 0.44609375 0.09765625 0.153125
17 0.11640625 0.665625 0.22734375 0.240625
17 0.09453125 0.35859375 0.184375 0.4078125
17 0.56796875 0.5234375 0.1671875 0.33515625
17 0.7 0.80546875 0.05390625 0.04765625