15 1 0.11069897656250001 0.006194690625000001 0.11069897656250001 0 0.1145706578125 0 0.8771271453124999 0.0818584078125 0.88061048125 0.1128318578125 0.8872476484374999 0.1305309734375 0.9005219859375 0.143805309375 0.89609720625 0.1460176984375 0.88061048125 0.15486725625 0.88061048125 0.19247787656249998 0.8894600390624999 0.2146017703125 0.9115839328125 0.26548672500000003 0.9270706578125001 0.29424778749999997 0.902734375 0.30752212343749996 0.847424640625 0.3252212390625 0.8429998609375 0.4535398234375 0.96910605625 0.491989128125 0.996875 0.5257861890625 0.996875 0.5398230093749999 0.9845927812499999 0.5331858406250001 0.9491945515625 0.5752212390625 0.8894600390624999 0.67699115 0.9491945515625 0.7389380531249999 0.9602564984375 0.966814159375 0.9469821625 1 0.94935258125 1 0.11069897656250001
7 0.33515625 0.575 0.665625 0.849609375
7 0.57265625 0.2953125 0.45625 0.23125
7 0.8015625 0.5046875 0.396875 0.24375
7 0.90234375 0.67265625 0.1951171875 0.340625
7 0.89921875 0.3140625 0.2015625 0.1685546875
17 0.34609375 0.503125 0.1109375 0.174609375
17 0.07421875 0.75078125 0.1484375 0.271875
17 0.05 0.40390625 0.0998046875 0.4625
17 0.5328125 0.59140625 0.190234375 0.3794921875
17 0.68203125 0.91015625 0.0609375 0.0544921875