15 1 0.180021696875 0.9013157890624999 0.17582236874999999 0.8706140343750001 0.1692434203125 0.853070175 0.15608552656250002 0.83991228125 0.160471490625 0.8377192984375 0.17582236874999999 0.82894736875 0.17582236874999999 0.7916666671875 0.1670504390625 0.7697368421874999 0.14512061406250001 0.7192982453125001 0.1297697375 0.6907894734375 0.15389254375 0.6776315796875 0.2087171046875 0.66008771875 0.2131030703125 0.5328947375 0.0881030703125 0.49342105312499995 0.059594298437500005 0.46491228125 0.057401315625000005 0.4473684203125 0.0727521921875 0.45394736875 0.1078399125 0.41228070156249996 0.1670504390625 0.311403509375 0.1078399125 0.25 0.096875 0.02412280625 0.1100328953125 0 0.1083098375 0 1 0.763204596875 1 0.8486842109375001 0.9740679828125 0.9342105265624999 0.9652960531250001 1 0.9241776312500001 1 0.180021696875
7 0.3265625 0.5484375 0.653125 0.903125
7 0.559375 0.240625 0.4529296875 0.2283203125
7 0.79453125 0.446875 0.4109375 0.240625
7 0.89453125 0.6140625 0.2107421875 0.3375
7 0.89140625 0.25859375 0.2171875 0.1669921875
17 0.334375 0.44609375 0.109375 0.171875
17 0.06875 0.69140625 0.1375 0.2703125
17 0.0453125 0.34765625 0.090234375 0.458203125
17 0.51953125 0.53359375 0.1875 0.3763671875
17 0.66796875 0.84921875 0.0607421875 0.053125