15 1 0.26778055 0.9850746265625 0.253774946875 0.9477611937500001 0.23276654375 0.9029850749999999 0.2264640234375 0.9328358203124999 0.21385898124999997 0.929104478125 0.1991530984375 0.8917910453125 0.184447215625 0.880597015625 0.16764049375 0.8320895515625001 0.146632090625 0.820895521875 0.1256236859375 0.7910447765625 0.115119484375 0.7649253734375 0.115119484375 0.5932835828125 0.068900996875 0.44776119375 0.0625984765625 0.33208955156250003 0.0710018375 0 0.1360365484375 0 0.803007684375 0.07462686562500001 0.8231026781249999 0.11567164218749999 0.8546152828125001 0.29850746250000004 0.9407497375 0.4179104484375 0.9638589812499999 0.55223880625 0.9764640234374999 0.6679104484375 0.9764640234374999 0.9626865671875 0.9533547796875 1 0.9440177125 1 0.26778055
13 0.5984375 0.13359375 0.172265625 0.0701171875
13 0.07109375 0.15 0.1419921875 0.062109375
13 0.396875 0.2796875 0.2185546875 0.0658203125
13 0.0578125 0.32578125 0.115625 0.0705078125
13 0.1046875 0.3984375 0.1626953125 0.0720703125
13 0.26484375 0.16015625 0.2017578125 0.0826171875
13 0.52578125 0.2109375 0.1828125 0.0716796875
13 0.74140625 0.1890625 0.1763671875 0.071875
13 0.63359375 0.27421875 0.2236328125 0.0765625
13 0.9453125 0.32265625 0.109375 0.0703125
13 0.76796875 0.37578125 0.215625 0.0765625
13 0.9546875 0.4203125 0.090625 0.115625
13 0.53203125 0.4484375 0.2359375 0.09375
13 0.26328125 0.5 0.2390625 0.1001953125
13 0.3890625 0.67734375 0.26015625 0.1234375
13 0.75703125 0.56015625 0.203125 0.0984375
13 0.91015625 0.625 0.1794921875 0.0814453125
2 0.671875 0.67734375 0.1748046875 0.1171875
2 0.2171875 0.32578125 0.0970703125 0.0705078125
2 0.49921875 0.36875 0.246875 0.0435546875
2 0.0765625 0.2328125 0.153125 0.075390625
2 0.075 0.55546875 0.1439453125 0.1171875
2 0.5359375 0.55859375 0.203515625 0.0798828125