15 1 0.275390625 0.9201388890625 0.25390625 0.8819444437499999 0.224609375 0.7118055562500001 0.14453125 0.6006944437499999 0.123046875 0.47569444375 0.111328125 0.36805555624999997 0.111328125 0.09375 0.1328125 0 0.15625 0 0.515625 0.013888889062500001 0.533203125 0 0.544921875 0 0.71484375 0.07291666718749999 0.783203125 0.1076388890625 0.802734375 0.14930555625 0.80859375 0.121527778125 0.8203125 0.125 0.833984375 0.15972222187500001 0.84765625 0.17013888906250002 0.86328125 0.215277778125 0.8828125 0.22569444375 0.90234375 0.25347222187499996 0.912109375 0.27777777812500004 0.912109375 0.4375 0.955078125 0.5729166671875 0.9609375 0.6805555562500001 0.953125 1 0.890625 1 0.275390625
13 0.615625 0.1765625 0.1609375 0.06484375
13 0.1078125 0.19296875 0.16953125 0.05625
13 0.428125 0.31328125 0.203125 0.06171875
13 0.08359375 0.35625 0.1671875 0.0671875
13 0.15625 0.4234375 0.15234375 0.0671875
13 0.30546875 0.2015625 0.18828125 0.0765625
13 0.54765625 0.2484375 0.1703125 0.065625
13 0.74921875 0.22890625 0.1640625 0.0671875
13 0.6484375 0.30703125 0.20859375 0.07109375
13 0.94453125 0.353125 0.1109375 0.06640625
13 0.77421875 0.40234375 0.20078125 0.071875
13 0.953125 0.44453125 0.09375 0.1078125
13 0.5546875 0.46953125 0.21953125 0.08671875
13 0.3046875 0.5171875 0.22265625 0.09375
13 0.42109375 0.6828125 0.24296875 0.11484375
13 0.76328125 0.5734375 0.1890625 0.09140625
13 0.9125 0.634375 0.17421875 0.07578125
2 0.684375 0.68203125 0.16171875 0.10859375
2 0.2609375 0.35546875 0.090625 0.065625
2 0.5234375 0.3953125 0.2296875 0.03984375
2 0.115625 0.2703125 0.171875 0.0703125
2 0.12890625 0.56875 0.134375 0.109375
2 0.5578125 0.571875 0.18984375 0.075