15 1 0.244722528125 0.9921259843750001 0.2373478984375 0.95275590625 0.21522400468749997 0.9055118109375 0.2085868359375 0.9370078734374999 0.1953125 0.933070865625 0.1798257734375 0.8937007875 0.1643390484375 0.8818897640625 0.1466399328125 0.8307086609375001 0.1245160390625 0.8188976374999999 0.1023921453125 0.787401575 0.0913301984375 0.7598425203125 0.0913301984375 0.5787401578125 0.0426576328125 0.42519685 0.0360204640625 0.30314960625 0.044870021875 0 0.10412358125000001 0 0.8284406265625 0.0314960625 0.8369054203124999 0.07480315 0.8700912609375001 0.2677165359375 0.960799225 0.3937007875 0.9851355093749999 0.5190452734375001 0.996875 0.6770960140625 0.996875 0.9685039375000001 0.9740735624999999 1 0.9662072875 1 0.244722528125
13 0.6234375 0.109375 0.183984375 0.074609375
13 0.07109375 0.12734375 0.1419921875 0.0640625
13 0.4109375 0.2640625 0.228515625 0.071484375
13 0.05703125 0.31171875 0.1140625 0.075
13 0.10234375 0.3890625 0.1732421875 0.077734375
13 0.27109375 0.1375 0.2138671875 0.0873046875
13 0.546875 0.190625 0.1935546875 0.0748046875
13 0.77421875 0.16875 0.1859375 0.0751953125
13 0.6609375 0.2578125 0.234765625 0.0810546875
13 0.96640625 0.309375 0.0671875 0.075
13 0.803125 0.36484375 0.2279296875 0.08125
13 0.9765625 0.4125 0.046875 0.121875
13 0.55390625 0.44140625 0.2484375 0.0984375
13 0.2703125 0.4953125 0.252734375 0.10625
13 0.40234375 0.68203125 0.275 0.1296875
13 0.790625 0.559375 0.21328125 0.103125
13 0.92890625 0.62734375 0.1419921875 0.0859375
2 0.7015625 0.68203125 0.183984375 0.1234375
2 0.22109375 0.3125 0.103125 0.075
2 0.51875 0.35703125 0.262109375 0.0453125
2 0.0765625 0.21484375 0.153125 0.0796875
2 0.07265625 0.553125 0.1453125 0.1248046875
2 0.5578125 0.55703125 0.215625 0.084375