15 1 0.11305218125000001 0.7394957984375 0.11129201562499999 0.5 0.1386029421875 0.2331932765625 0.20793067187499997 0.063025209375 0.2751575640625 0 0.3111719671875 0 0.6234768921875 0.0168067234375 0.6638130265625 0.0525210078125 0.7121323515625 0.113445378125 0.7730567234375 0.16176470625 0.80667016875 0.3025210078125 0.8696953781250001 0.342436975 0.897006303125 0.38445378125 0.9012079843749999 0.43487394999999995 0.8928046234375 0.4474789921875 0.8675945390625 0.497899159375 0.8444852953125 0.5315126046875001 0.848686975 0.5462184875 0.83398109375 0.682773109375 0.7919642859375 0.7394957984375 0.75204831875 0.79201680625 0.762552521875 0.8529411765624999 0.7478466375 0.8802521015625 0.726838234375 0.9012605046875001 0.745745796875 0.9285714281249999 0.80667016875 0.974789915625 0.8570903375000001 1 0.89975355625 1 0.11305218125000001
19 0.6328125 0.5828125 0.4125 0.184375
19 0.20078125 0.3015625 0.123046875 0.106640625
19 0.6546875 0.3234375 0.153125 0.1466796875
0 0.38515625 0.26796875 0.1642578125 0.0638671875
0 0.4296875 0.38125 0.115234375 0.0716796875
0 0.11796875 0.58046875 0.0607421875 0.0578125
0 0.5875 0.74921875 0.112109375 0.0640625
2 0.3765625 0.6421875 0.15625 0.2
2 0.8421875 0.3875 0.172265625 0.187109375
19 0.0328125 0.21328125 0.065234375 0.128125