15 0 0.875 0.2890625 0.876953125 0.51171875 0.8515625 0.759765625 0.787109375 0.91796875 0.724609375 0.986328125 0.685546875 0.99609375 0.623046875 0.994140625 0.48046875 0.98046875 0.41015625 0.9609375 0.36328125 0.927734375 0.318359375 0.87109375 0.26171875 0.826171875 0.23046875 0.6953125 0.171875 0.658203125 0.146484375 0.619140625 0.142578125 0.572265625 0.150390625 0.560546875 0.173828125 0.513671875 0.1953125 0.482421875 0.19140625 0.46875 0.205078125 0.341796875 0.244140625 0.2890625 0.28125 0.240234375 0.271484375 0.18359375 0.28515625 0.158203125 0.3046875 0.138671875 0.287109375 0.11328125 0.23046875 0.0703125 0.18359375 0.044921875 0.140625 0.02734375 0.12890625 0 0.12890625 0 0.875
19 0.63515625 0.58125 0.38359375 0.17109375
19 0.23359375 0.31953125 0.1140625 0.09921875
19 0.65546875 0.33984375 0.1421875 0.1359375
0 0.4046875 0.28828125 0.153125 0.05859375
0 0.44609375 0.39375 0.10546875 0.06640625
0 0.15625 0.57890625 0.05625 0.05390625
0 0.59296875 0.7359375 0.10390625 0.06015625
2 0.396875 0.6359375 0.1453125 0.1859375
2 0.8296875 0.39921875 0.1609375 0.17265625
19 0.05546875 0.23828125 0.10546875 0.1203125