15 1 0.136140903125 0.9424778765624999 0.10921782656250001 0.8274336281249999 0.1003420859375 0.7168141593749999 0.0530048078125 0.6017699109375 0.0204604296875 0.526548671875 0.008626109375 0.38053097343750003 0.008626109375 0.3252212390625 0.029336168750000002 0.24557522187499997 0.029336168750000002 0.17699115 0.04412906875 0.024336282812500002 0.1269693046875 0 0.1282210109375 0 0.9984375 1 0.9984375 1 0.136140903125
18 0.05390625 0.4828125 0.1078125 0.26875
18 0.08984375 0.2203125 0.179296875 0.156640625
18 0.8890625 0.7015625 0.2216796875 0.3126953125
18 0.5515625 0.78203125 0.134765625 0.2513671875
18 0.67890625 0.475 0.3421875 0.25625
18 0.86484375 0.27421875 0.228125 0.1953125
18 0.4359375 0.47421875 0.165625 0.1453125
18 0.478125 0.29609375 0.121875 0.1625
18 0.2828125 0.1203125 0.118359375 0.16015625
18 0.5515625 0.19140625 0.140234375 0.153125
2 0.52734375 0.89765625 0.21875 0.204296875
2 0.0421875 0.65859375 0.084375 0.2330078125
2 0.7203125 0.84140625 0.2001953125 0.225
2 0.89609375 0.43671875 0.2078125 0.1984375
2 0.21796875 0.21171875 0.1111328125 0.1705078125
2 0.72421875 0.20703125 0.130078125 0.092578125