15 1 0.1744791671875 0.921875 0.1380208328125 0.8203125 0.1302083328125 0.72265625 0.08854166718749999 0.62109375 0.05989583281250001 0.5546875 0.0494791671875 0.42578125 0.0494791671875 0.376953125 0.06770833281250001 0.306640625 0.06770833281250001 0.24609375 0.08072916718749999 0.111328125 0.1536458328125 0.060546875 0.15625 0 0.1927083328125 0 0.9140625 0.10546875 1 1 1 1 0.1744791671875
18 0.10234375 0.46875 0.1703125 0.2359375
18 0.165625 0.23671875 0.165625 0.13984375
18 0.884375 0.6609375 0.21171875 0.275
18 0.57734375 0.7296875 0.11953125 0.2203125
18 0.6890625 0.459375 0.3015625 0.225
18 0.85390625 0.2828125 0.20078125 0.171875
18 0.475 0.45859375 0.14609375 0.12734375
18 0.5125 0.30234375 0.10703125 0.14296875
18 0.33984375 0.14765625 0.1046875 0.14140625
18 0.5765625 0.21015625 0.12265625 0.134375
2 0.55625 0.83515625 0.1921875 0.1828125
2 0.08203125 0.621875 0.1640625 0.20625
2 0.72578125 0.7828125 0.17734375 0.1984375
2 0.8890625 0.428125 0.2 0.1734375
2 0.28203125 0.228125 0.0984375 0.15
2 0.7296875 0.2234375 0.11484375 0.08203125