15 1 0.13671875 0.84174311875 0.051352896875 0.7706422015625 0.03610899375 0.68807339375 0.03610899375 0.6307339453125 0.014767531249999999 0.47935779843750004 0.014767531249999999 0.401376146875 0.026962653125000003 0.2821100921875 0.060499237500000004 0.1674311921875 0.10927972500000001 0.048165137499999996 0.1184260671875 0 0.140834603125 0 0.996875 1 0.996875 1 0.13671875
18 0.04375 0.5046875 0.0875 0.2779296875
18 0.08046875 0.23359375 0.1609375 0.161328125
18 0.890625 0.72890625 0.21875 0.3234375
18 0.546875 0.81171875 0.140625 0.2580078125
18 0.678125 0.4953125 0.35546875 0.26484375
18 0.871875 0.28828125 0.237109375 0.2015625
18 0.4265625 0.49453125 0.171875 0.1486328125
18 0.47109375 0.3109375 0.1263671875 0.166015625
18 0.26796875 0.1296875 0.1232421875 0.165625
18 0.546875 0.203125 0.14375 0.156640625
2 0.521875 0.91328125 0.2279296875 0.1734375
2 0.03125 0.684375 0.0623046875 0.240625
2 0.721875 0.8734375 0.2091796875 0.2314453125
2 0.89765625 0.45546875 0.2044921875 0.2044921875
2 0.20078125 0.22421875 0.115625 0.1763671875
2 0.72578125 0.21875 0.1357421875 0.0966796875