15 0.1710942453125 0 0.09139785 0.0161290328125 0 0.044991509375 0 1 0.91678354375 1 1 0.974366359375 1 0.0866935484375 0.8763440859375 0.04032258125 0.838709678125 0.038306451562499996 0.7768817203125 0.018145160937499998 0.68212365625 0 0.1710942453125 0
6 0.11796875 0.2515625 0.190625 0.053515625
6 0.0171875 0.15859375 0.034375 0.1203125
6 0.325 0.0421875 0.193359375 0.062109375
6 0.3765625 0.52421875 0.241015625 0.2015625
6 0.28046875 0.5875 0.3013671875 0.106640625
6 0.1046875 0.709375 0.19375 0.1501953125
6 0.5109375 0.9125 0.2125 0.1716796875
6 0.74375 0.53203125 0.1283203125 0.1544921875
6 0.77734375 0.75 0.230078125 0.3125
6 0.84921875 0.50234375 0.2201171875 0.1703125
6 0.4765625 0.25546875 0.07734375 0.165625
6 0.096875 0.36640625 0.065625 0.1361328125
6 0.31171875 0.23671875 0.148046875 0.10625
6 0.4109375 0.1265625 0.17265625 0.10390625
6 0.7109375 0.03359375 0.233984375 0.066796875
6 0.89765625 0.15859375 0.2046875 0.0861328125
6 0.921875 0.215625 0.15625 0.174609375
6 0.6046875 0.36640625 0.2251953125 0.0734375
6 0.62109375 0.1515625 0.1923828125 0.06875
12 0.10625 0.1640625 0.094140625 0.084765625
12 0.1125 0.46328125 0.221484375 0.09375
12 0.04453125 0.54453125 0.0890625 0.0642578125
12 0.09921875 0.84609375 0.1984375 0.0796875
12 0.38515625 0.81171875 0.096875 0.257421875
12 0.82109375 0.88828125 0.2765625 0.1265625
12 0.56171875 0.58359375 0.192578125 0.090625
12 0.4546875 0.48203125 0.153125 0.125
12 0.74453125 0.3375 0.21875 0.0908203125
12 0.809375 0.428125 0.3126953125 0.0498046875
12 0.93125 0.5859375 0.1373046875 0.0783203125
12 0.71875 0.19609375 0.203125 0.1361328125
12 0.496875 0.05625 0.0876953125 0.1125
13 0.3265625 0.9140625 0.25 0.1716796875
13 0.07421875 0.07890625 0.1482421875 0.0890625
13 0.66015625 0.10546875 0.1294921875 0.0890625
13 0.94609375 0.12734375 0.1078125 0.084375
13 0.95703125 0.3265625 0.0859375 0.13359375
13 0.8015625 0.29765625 0.141015625 0.1017578125
13 0.6640625 0.20625 0.09375 0.068359375
13 0.04140625 0.3453125 0.0828125 0.078125
13 0.2 0.378125 0.175 0.0658203125
13 0.2109375 0.134375 0.102734375 0.0810546875
12 0.19765625 0.203125 0.0798828125 0.0908203125
12 0.72734375 0.20546875 0.1484375 0.114453125
13 0.95546875 0.47109375 0.0890625 0.114453125