15 0.22817836875 0 0.088709678125 0.028225806250000002 0 0.0562393890625 0 1 0.953366059375 1 1 0.9856350812500001 1 0.0997983875 0.8736559140625 0.052419354687499996 0.8360215046875 0.0504032265625 0.7741935484375 0.0302419359375 0.6478494625 0.0060483875 0.5833333328125 0 0.530913978125 0 0.5 0.0020161296875000003 0.49395161249999997 0 0.22817836875 0
6 0.115625 0.2640625 0.190625 0.05390625
6 0.01640625 0.17109375 0.032421875 0.120703125
6 0.32265625 0.05390625 0.192578125 0.061328125
6 0.37421875 0.53671875 0.2421875 0.2015625
6 0.278125 0.59921875 0.3001953125 0.1078125
6 0.10234375 0.72109375 0.19375 0.1513671875
6 0.50703125 0.91953125 0.2125 0.1609375
6 0.74140625 0.54375 0.1294921875 0.1533203125
6 0.77421875 0.7625 0.230078125 0.3125
6 0.846875 0.5140625 0.2189453125 0.171484375
6 0.4734375 0.2671875 0.077734375 0.165625
6 0.09453125 0.37890625 0.065625 0.136328125
6 0.309375 0.24921875 0.1470703125 0.10625
6 0.40859375 0.13828125 0.1734375 0.1046875
6 0.7078125 0.0390625 0.234375 0.078125
6 0.89609375 0.16953125 0.2078125 0.0859375
6 0.9203125 0.228125 0.158984375 0.17421875
6 0.60234375 0.378125 0.2263671875 0.074609375
6 0.61875 0.16328125 0.1935546875 0.06875
12 0.10390625 0.1765625 0.0953125 0.08515625
12 0.11015625 0.475 0.2203125 0.0939453125
12 0.04296875 0.55625 0.0859375 0.0654296875
12 0.0984375 0.85859375 0.1966796875 0.0798828125
12 0.38203125 0.82421875 0.096875 0.257421875
12 0.81796875 0.9 0.2765625 0.125390625
12 0.55859375 0.5953125 0.192578125 0.090625
12 0.45234375 0.49375 0.153125 0.125
12 0.74140625 0.34921875 0.21875 0.091796875
12 0.80703125 0.440625 0.313671875 0.049609375
12 0.9296875 0.596875 0.140625 0.078125
12 0.71640625 0.20859375 0.203125 0.1361328125
12 0.49453125 0.06875 0.088671875 0.1125
13 0.32421875 0.9203125 0.25 0.159375
13 0.07265625 0.090625 0.1453125 0.087890625
13 0.6578125 0.1171875 0.128515625 0.08984375
13 0.94453125 0.1390625 0.1107421875 0.084375
13 0.95546875 0.3390625 0.0890625 0.133984375
13 0.79921875 0.31015625 0.1421875 0.101953125
13 0.6609375 0.21796875 0.09375 0.0671875
13 0.040625 0.3578125 0.0810546875 0.0783203125
13 0.19765625 0.390625 0.175 0.0658203125
13 0.2078125 0.146875 0.102734375 0.0810546875
12 0.19453125 0.21484375 0.080078125 0.091796875
12 0.72421875 0.21796875 0.1484375 0.114453125
13 0.95390625 0.48203125 0.0921875 0.1140625