15 0.2630208328125 0 0.09895833281250001 0.033203125 0 0.064453125 0 0.99609375 0.8541666671874999 1 1 0.955078125 1 0.109375 0.859375 0.056640625 0.8229166671874999 0.0546875 0.7630208328125 0.03515625 0.640625 0.01171875 0.5572916671875 0.00390625 0.4973958328125 0.0078125 0.4739583328125 0 0.2630208328125 0
6 0.125 0.26171875 0.18515625 0.053125
6 0.0234375 0.171875 0.04609375 0.1171875
6 0.325 0.05859375 0.18671875 0.059375
6 0.37578125 0.52578125 0.234375 0.1953125
6 0.28203125 0.58671875 0.29140625 0.1046875
6 0.11171875 0.7046875 0.1875 0.14609375
6 0.50546875 0.9015625 0.20546875 0.165625
6 0.73125 0.5328125 0.125 0.14921875
6 0.76328125 0.74453125 0.22265625 0.303125
6 0.8328125 0.50390625 0.2125 0.16484375
6 0.471875 0.26484375 0.07421875 0.16015625
6 0.1046875 0.37265625 0.06328125 0.1328125
6 0.3125 0.246875 0.14296875 0.10234375
6 0.40859375 0.13984375 0.16796875 0.1015625
6 0.7015625 0.04140625 0.2265625 0.0828125
6 0.890625 0.171875 0.21796875 0.0828125
6 0.9140625 0.228125 0.171875 0.16875
6 0.59609375 0.371875 0.21875 0.07109375
6 0.6125 0.1640625 0.1875 0.0671875
12 0.11328125 0.1765625 0.0921875 0.08359375
12 0.11953125 0.46640625 0.2140625 0.090625
12 0.0484375 0.5453125 0.09609375 0.0625
12 0.1015625 0.8375 0.203125 0.078125
12 0.38359375 0.80390625 0.09375 0.24921875
12 0.80546875 0.878125 0.2671875 0.12265625
12 0.55390625 0.5828125 0.1875 0.08828125
12 0.45078125 0.484375 0.1484375 0.12109375
12 0.73125 0.34453125 0.21171875 0.0890625
12 0.79453125 0.43203125 0.303125 0.04765625
12 0.92421875 0.58515625 0.1515625 0.07578125
12 0.70703125 0.2078125 0.196875 0.1328125
12 0.49140625 0.071875 0.08515625 0.10859375
13 0.32734375 0.91015625 0.24296875 0.17890625
13 0.0765625 0.09296875 0.153125 0.0859375
13 0.65 0.11953125 0.125 0.08671875
13 0.93828125 0.14140625 0.12265625 0.08203125
13 0.940625 0.334375 0.0859375 0.1296875
13 0.7875 0.30625 0.13828125 0.09921875
13 0.653125 0.2171875 0.090625 0.06484375
13 0.04609375 0.35390625 0.0921875 0.07734375
13 0.20390625 0.384375 0.16953125 0.0640625
13 0.21484375 0.1484375 0.0984375 0.078125
12 0.2015625 0.2140625 0.078125 0.0890625
12 0.71484375 0.21640625 0.14375 0.1109375
13 0.946875 0.47421875 0.10625 0.1109375