15 0.4106770828125 0.1023679484375 0.386867559375 0.151040515625 0.33924851093749997 0.078031665625 0.1279389875 0.11785467499999999 0.1011532734375 0.13555378906249999 0.09817708281250001 0.1798015765625 0.124962796875 0.2085626390625 0.1279389875 0.2483856484375 0.16067708281249998 0.31696971875 0.1487723203125 0.33245644375 0.1696056546875 0.387766178125 0.1577008921875 0.46741219687499996 0.178534225 0.5382086562499999 0.17258184375000002 0.549270603125 0.11008184531250001 0.5647573296874999 0.0953125 0.5911068859374999 0.0953125 0.591969721875 0.09817708281250001 0.6090051171875001 0.175558034375 0.6753767984375 0.2231770828125 0.7660847625 0.2797247015625 0.8236068859375001 0.3452008921875 0.828031665625 0.4166294640625 0.8014829906250001 0.5325032515625 0.8359375 0.59686569375 0.8359375 0.624962796875 0.8324564437499999 0.68448660625 0.8014829906250001 0.749962796875 0.799270603125 0.8094866062499999 0.7705095421875 0.7886532734375 0.7218369734375 0.8332961296875 0.695288303125 0.8362723203125 0.6775891875 0.8303199390625 0.6355537890625 0.8035342249999999 0.6023679484375 0.7886532734375 0.5581201609375 0.7886532734375 0.549270603125 0.82139136875 0.5315714890625001 0.7946056546875 0.445288303125 0.871875 0.41435952499999995 0.871875 0.41410367031249995 0.8392485109375001 0.3523679484375 0.8392485109375001 0.33245644375 0.8690104171874999 0.30590777187499996 0.8690104171874999 0.20635024999999999 0.8422247015625001 0.093518390625 0.7975818453125 0.0890936125 0.616034225 0.1023679484375 0.5981770828124999 0.093518390625 0.562462796875 0.093518390625 0.4106770828125 0.1023679484375
7 0.465625 0.5234375 0.168359375 0.121484375
7 0.61328125 0.53671875 0.1107421875 0.0544921875
7 0.578125 0.35859375 0.143359375 0.0669921875
7 0.4515625 0.35234375 0.08125 0.0703125
7 0.553125 0.22578125 0.0845703125 0.0857421875
7 0.64921875 0.13359375 0.1015625 0.075
7 0.75078125 0.26875 0.128125 0.0689453125
7 0.7171875 0.1953125 0.109375 0.033984375
7 0.3328125 0.58671875 0.050390625 0.063671875
19 0.1734375 0.2625 0.059765625 0.0435546875
19 0.26328125 0.2328125 0.05 0.046484375
19 0.21171875 0.16640625 0.0607421875 0.0513671875
19 0.340625 0.10859375 0.0904296875 0.0484375
19 0.3453125 0.203125 0.109375 0.081640625