15 0.8524237578125 0.1481712421875 0.7921827921875 0.1190232609375 0.7259177328125 0.11678110781249999 0.66567676875 0.08539097343749999 0.611459903125 0.078664515625 0.575315321875 0.08090666875 0.4548333953125 0.11678110781249999 0.3825442375 0.089875278125 0.316279178125 0.0943595828125 0.2590502625 0.152655546875 0.21085749062499998 0.24458379843750003 0.1325442375 0.311848371875 0.12953219062500002 0.32978559218750003 0.14459243125000001 0.356691421875 0.20784544375 0.3723864890625 0.2138695390625 0.3835972515625 0.1927852015625 0.4553461296875 0.20483339531250003 0.53606361875 0.1837490578125 0.5921174312499999 0.19579724999999998 0.6078124984375 0.1626647203125 0.677319225 0.159652671875 0.71767796875 0.1325442375 0.7468259515625 0.1355562859375 0.791669 0.1626647203125 0.8096062203125 0.3765201421875 0.849964965625 0.4247129125 0.7759739328124999 0.4488092984375 0.8253012875 0.60242375625 0.834269896875 0.638568334375 0.834269896875 0.656640625 0.8253012875 0.8403755640625 0.8387542015625 0.8855562875 0.834269896875 0.9125 0.7206149515625 0.9125 0.6188761203124999 0.8825442390625 0.5921174312499999 0.8825442390625 0.5719380593750001 0.9125 0.5151772046875001 0.9125 0.5078844499999999 0.837363515625 0.4777676546875 0.8644719484375001 0.390323709375 0.8313394203125 0.3723864890625 0.8313394203125 0.3634178796875 0.8463996593750001 0.3185748296875 0.8735080953125 0.2849425421875 0.8795321906250001 0.24234164531250002 0.87652014375 0.22440442656249998 0.8313394203125 0.197498596875 0.8524237578125 0.1481712421875
7 0.50390625 0.53046875 0.16875 0.121875
7 0.65390625 0.54453125 0.1109375 0.0546875
7 0.61796875 0.36328125 0.14375 0.0673828125
7 0.490625 0.35703125 0.0814453125 0.0705078125
7 0.59296875 0.228125 0.0861328125 0.087109375
7 0.690625 0.13515625 0.103125 0.0763671875
7 0.79296875 0.27265625 0.1296875 0.0705078125
7 0.759375 0.1984375 0.112109375 0.0341796875
7 0.36953125 0.59453125 0.0515625 0.0640625
19 0.20859375 0.26640625 0.061328125 0.04375
19 0.3 0.2359375 0.05 0.0466796875
19 0.24765625 0.16875 0.0609375 0.05078125
19 0.37734375 0.11015625 0.090625 0.0484375
19 0.3828125 0.20625 0.109765625 0.0841796875