15 0.272251309375 0.134765625 0.21989528749999998 0.16015625 0.2382198953125 0.203125 0.1989528796875 0.2265625 0.196335078125 0.2421875 0.20157068125 0.279296875 0.22513089062499997 0.30859375 0.2382198953125 0.34765625 0.2382198953125 0.35546875 0.209424084375 0.37109375 0.23298429375000002 0.447265625 0.164921465625 0.474609375 0.193717278125 0.529296875 0.193717278125 0.546875 0.1675392671875 0.5703125 0.1675392671875 0.658203125 0.19109947656249998 0.7578125 0.2303664921875 0.76171875 0.39005235625 0.75 0.4057591625 0.7578125 0.43717277499999996 0.7578125 0.570680628125 0.75 0.5916230359375 0.70703125 0.633507853125 0.771484375 0.819371728125 0.736328125 0.8429319375000001 0.720703125 0.8455497375000001 0.681640625 0.821989528125 0.65625 0.819371728125 0.62109375 0.7905759156250001 0.560546875 0.8010471203125 0.546875 0.7827225125 0.498046875 0.7931937171875 0.427734375 0.774869109375 0.365234375 0.7801047125 0.35546875 0.8350785343749999 0.341796875 0.8481675390625 0.318359375 0.8455497375000001 0.302734375 0.7774869109375 0.244140625 0.7356020937500001 0.1640625 0.685863875 0.11328125 0.6282722515625 0.109375 0.5654450265625 0.1328125 0.460732984375 0.1015625 0.429319371875 0.099609375 0.38219895312499996 0.10546875 0.32984293125 0.1328125 0.272251309375 0.134765625
7 0.490625 0.49296875 0.146875 0.10625
7 0.6203125 0.50546875 0.096875 0.04765625
7 0.5890625 0.34765625 0.125 0.05859375
7 0.47890625 0.3421875 0.07109375 0.06171875
7 0.56796875 0.23046875 0.075 0.075
7 0.65234375 0.14921875 0.0890625 0.06640625
7 0.74140625 0.26875 0.1125 0.06171875
7 0.7125 0.20390625 0.09609375 0.02890625
7 0.3734375 0.54921875 0.04453125 0.05625
19 0.23359375 0.26328125 0.053125 0.0375
19 0.3125 0.23671875 0.04375 0.03984375
19 0.2671875 0.178125 0.053125 0.04453125
19 0.38046875 0.12734375 0.07890625 0.0421875
19 0.38515625 0.2109375 0.096875 0.07265625