15 1 0.3541666671875 0.970703125 0.2916666671875 0.85546875 0.22395833281250002 0.724609375 0.171875 0.646484375 0.1536458328125 0.490234375 0.1458333328125 0.357421875 0.1640625 0.236328125 0.1953125 0.181640625 0.23177083281250002 0.123046875 0.2552083328125 0.037109375 0.3307291671875 0 0.4192708328125 0.0011344093749999999 0.5699324953125 0 0.8151041671874999 0.005859375 0.8229166671874999 0.05859375 0.8645833328125001 0.173828125 0.9010416671874999 0.33203125 0.9114583328125001 0.482421875 0.9010416671874999 0.66015625 0.8619791671874999 0.7890625 0.8151041671874999 0.861328125 0.7760416671875 0.92578125 0.7265625 0.9765625 0.6640625 1 0.6197916671875 1 0.3541666671875
13 0.4234375 0.6046875 0.08046875 0.0875
13 0.49765625 0.71015625 0.09609375 0.1015625
13 0.5171875 0.5984375 0.08359375 0.08125
13 0.6796875 0.67734375 0.10234375 0.09609375
13 0.4984375 0.5046875 0.08515625 0.07578125
13 0.53125 0.428125 0.0640625 0.0625
13 0.60859375 0.31640625 0.05390625 0.0515625
13 0.69453125 0.409375 0.05390625 0.0453125
13 0.61484375 0.39375 0.05390625 0.05390625
13 0.59375 0.45546875 0.06015625 0.05625
13 0.61796875 0.50546875 0.08359375 0.06484375
13 0.7234375 0.5921875 0.08828125 0.08984375
13 0.74375 0.48671875 0.075 0.07109375
13 0.6609375 0.35625 0.053125 0.04296875
13 0.71484375 0.17890625 0.05546875 0.03203125
13 0.83984375 0.240625 0.0453125 0.04375
13 0.94140625 0.45234375 0.06640625 0.075
13 0.86796875 0.51484375 0.08046875 0.07890625
13 0.83046875 0.56171875 0.0796875 0.08046875
13 0.7640625 0.4125 0.0765625 0.0515625
13 0.771875 0.359375 0.05546875 0.03984375
13 0.70703125 0.33984375 0.05859375 0.053125
13 0.853125 0.34921875 0.059375 0.053125
13 0.8375 0.4171875 0.0671875 0.0609375
13 0.95 0.39296875 0.06328125 0.04375
13 0.896875 0.3296875 0.07109375 0.0609375
13 0.85859375 0.2875 0.0875 0.0421875
13 0.765625 0.29375 0.06015625 0.04921875
1 0.17578125 0.5421875 0.0984375 0.1671875
1 0.26875 0.50390625 0.08046875 0.07734375
1 0.43984375 0.39609375 0.0859375 0.08515625
1 0.31171875 0.24375 0.05703125 0.05
1 0.19609375 0.27109375 0.0671875 0.071875
1 0.159375 0.36953125 0.1140625 0.121875
1 0.396875 0.275 0.05703125 0.0484375
1 0.484375 0.2203125 0.06953125 0.0515625
1 0.5875 0.1875 0.071875 0.05
1 0.5578125 0.2359375 0.04765625 0.0625
6 0.26875 0.26484375 0.046875 0.0875
6 0.4578125 0.18359375 0.06484375 0.021875
6 0.48203125 0.30234375 0.053125 0.02265625