15 1 0.40262788125000004 0.9620253171875 0.312148875 0.8691983125 0.23068819999999998 0.8059071734375 0.20540730156250003 0.74683544375 0.16608145937500002 0.6160337546875 0.13237359375 0.47257383906249995 0.11271067187499999 0.30379746875 0.1211376390625 0.2194092828125 0.140800559375 0.078059071875 0.1969803359375 0 0.2427811359375 0 0.736522253125 0.0021097046875 0.7391151671875 0.0717299578125 0.7924859546875 0.14978902968750002 0.8346207859374999 0.2890295359375 0.885182584375 0.48101265781249997 0.927317415625 0.628230490625 0.9375 0.659480478125 0.9375 0.8143459921874999 0.927317415625 0.938818565625 0.8879915734375 0.995780590625 0.8430477515625 1 0.837429775 1 0.40262788125000004
13 0.45546875 0.6078125 0.086328125 0.09375
13 0.53515625 0.72109375 0.1044921875 0.109375
13 0.55625 0.6 0.090625 0.087890625
13 0.73203125 0.6859375 0.1107421875 0.1033203125
13 0.5359375 0.5 0.091015625 0.08125
13 0.571875 0.4171875 0.0689453125 0.066015625
13 0.65546875 0.296875 0.0580078125 0.0560546875
13 0.74765625 0.396875 0.0578125 0.049609375
13 0.66171875 0.3796875 0.0580078125 0.058984375
13 0.6390625 0.44609375 0.0654296875 0.0609375
13 0.66484375 0.5 0.090625 0.0689453125
13 0.7796875 0.59375 0.09609375 0.096875
13 0.8015625 0.4796875 0.080859375 0.07734375
13 0.71171875 0.3390625 0.0576171875 0.0466796875
13 0.7703125 0.14765625 0.059765625 0.034375
13 0.90546875 0.2140625 0.0484375 0.046875
13 0.98828125 0.4421875 0.0234375 0.08125
13 0.9359375 0.51015625 0.0873046875 0.0857421875
13 0.89453125 0.5609375 0.0859375 0.0873046875
13 0.8234375 0.4 0.083984375 0.0560546875
13 0.83125 0.3421875 0.059375 0.04375
13 0.76171875 0.32109375 0.0638671875 0.0578125
13 0.91953125 0.33203125 0.0640625 0.057421875
13 0.90234375 0.40546875 0.073046875 0.065625
13 0.9625 0.30859375 0.075 0.0671875
13 0.925 0.265625 0.0939453125 0.044140625
13 0.82421875 0.271875 0.065625 0.053125
1 0.1875 0.540625 0.10625 0.180859375
1 0.28828125 0.4984375 0.0861328125 0.0841796875
1 0.4734375 0.38203125 0.0935546875 0.0921875
1 0.334375 0.21796875 0.0623046875 0.0544921875
1 0.209375 0.24765625 0.071875 0.078125
1 0.1703125 0.35390625 0.122265625 0.13125
1 0.4265625 0.2515625 0.0623046875 0.0529296875
1 0.52109375 0.19296875 0.075 0.0548828125
1 0.6328125 0.15703125 0.0779296875 0.0544921875
1 0.6 0.209375 0.05078125 0.06796875
6 0.28828125 0.240625 0.0513671875 0.0939453125
6 0.4921875 0.153125 0.071484375 0.0248046875
6 0.51875 0.28125 0.0564453125 0.0248046875