15 1 0.359746475 0.9690082640625001 0.321707590625 0.9008264468749999 0.2695097890625 0.8243801656249999 0.228300996875 0.6880165296875 0.178850446875 0.5 0.13764165625 0.34090909062499997 0.1266526453125 0.17355371875 0.13764165625 0.0516528921875 0.17610319375 0 0.2168032359375 0 0.6704640953125 0.0289256203125 0.73929000625 0.1198347109375 0.8189603375000001 0.18181818125 0.8436856109375 0.239669421875 0.8821471515624999 0.3677685953125 0.9151141828125 0.4970686890625 0.9328125 0.5389979546875 0.9328125 0.67355371875 0.92610319375 0.756198346875 0.9068724250000001 0.8946280984375001 0.85192736875 1 0.7901840296875 1 0.359746475
13 0.4375 0.6109375 0.0845703125 0.091015625
13 0.515625 0.721875 0.10078125 0.106640625
13 0.53671875 0.603125 0.088671875 0.08671875
13 0.70859375 0.6875 0.1078125 0.100390625
13 0.51640625 0.50546875 0.0892578125 0.0796875
13 0.5515625 0.42421875 0.0685546875 0.065625
13 0.63359375 0.30625 0.0576171875 0.0533203125
13 0.72421875 0.4046875 0.0576171875 0.0470703125
13 0.63984375 0.38828125 0.0576171875 0.0576171875
13 0.61796875 0.453125 0.063671875 0.059375
13 0.64296875 0.50546875 0.0890625 0.0673828125
13 0.75546875 0.59765625 0.09375 0.0951171875
13 0.7765625 0.4859375 0.078515625 0.075
13 0.6890625 0.3484375 0.05625 0.046484375
13 0.74609375 0.1609375 0.0580078125 0.0341796875
13 0.878125 0.2265625 0.0470703125 0.0466796875
13 0.97421875 0.44921875 0.0515625 0.0796875
13 0.9078125 0.515625 0.0845703125 0.081640625
13 0.86796875 0.56484375 0.084375 0.085546875
13 0.7984375 0.4078125 0.08125 0.0533203125
13 0.80546875 0.3515625 0.0580078125 0.041015625
13 0.7375 0.33046875 0.0623046875 0.05625
13 0.8921875 0.34140625 0.0626953125 0.05625
13 0.87578125 0.41328125 0.0705078125 0.0640625
13 0.98046875 0.3859375 0.0390625 0.046875
13 0.93828125 0.3203125 0.0763671875 0.065234375
13 0.89765625 0.27578125 0.0923828125 0.04375
13 0.79921875 0.28203125 0.0640625 0.0517578125
1 0.17578125 0.54453125 0.1044921875 0.1763671875
1 0.27421875 0.50390625 0.084375 0.0826171875
1 0.45546875 0.38984375 0.0919921875 0.0892578125
1 0.31875 0.2296875 0.062109375 0.0529296875
1 0.196875 0.25859375 0.0716796875 0.0765625
1 0.15859375 0.3625 0.1203125 0.128125
1 0.409375 0.2625 0.0595703125 0.0501953125
1 0.50234375 0.2046875 0.0734375 0.0533203125
1 0.6109375 0.1703125 0.0751953125 0.0529296875
1 0.5796875 0.22109375 0.0501953125 0.065625
6 0.2734375 0.2515625 0.049609375 0.093359375
6 0.47421875 0.16640625 0.06875 0.0234375
6 0.49921875 0.29140625 0.0548828125 0.0234375