15 1 0.5004139140625 0.849397590625 0.413908728125 0.629518071875 0.33472320624999996 0.3674698796875 0.30078655625 0.26204819218750003 0.2917367796875 0.17469879531250002 0.29626166875000004 0.162650603125 0.2894743375 0 0.299655334375 0 0.9984375 0.6476539156250001 0.9984375 0.7590361453125001 0.990831803125 1 0.9472184359375 1 0.5004139140625
9 0.67890625 0.8765625 0.0921875 0.1466796875
9 0.2546875 0.83125 0.183984375 0.1033203125
9 0.45546875 0.596875 0.1142578125 0.0595703125
9 0.82109375 0.5890625 0.1548828125 0.141015625
16 0.16640625 0.65390625 0.1423828125 0.134375
16 0.884375 0.4453125 0.174609375 0.0623046875
16 0.890625 0.5328125 0.0564453125 0.084375
16 0.58515625 0.71328125 0.0544921875 0.0607421875
6 0.68203125 0.41953125 0.159375 0.059375
6 0.49375 0.67890625 0.093359375 0.0984375