15 0.5572916671875 0.265625 0.3307291671875 0.294921875 0.140625 0.36328125 0.0078125 0.439453125 0 0.447265625 0.0026041671875 0.822265625 0.21875 0.861328125 0.390625 0.873046875 0.5104166671875 0.890625 0.6302083328125 0.919921875 0.703125 0.91796875 0.7942708328125 0.927734375 0.8333333328125001 0.93359375 0.8671875 0.951171875 0.9635416671874999 0.93359375 0.9661458328125001 0.880859375 0.9270833328125001 0.794921875 0.9244791671874999 0.74609375 0.9088541671874999 0.701171875 0.8828125 0.404296875 0.8984375 0.275390625 0.890625 0.265625 0.734375 0.255859375 0.7239583328125 0.26171875 0.6484375 0.2578125 0.5572916671875 0.265625
9 0.59765625 0.7625 0.0796875 0.1265625
9 0.23046875 0.7234375 0.1578125 0.0890625
9 0.40390625 0.52109375 0.09921875 0.05234375
9 0.7203125 0.5140625 0.134375 0.12265625
16 0.1546875 0.5703125 0.1234375 0.115625
16 0.775 0.38984375 0.15 0.053125
16 0.78046875 0.465625 0.04921875 0.07265625
16 0.51640625 0.621875 0.046875 0.05234375
6 0.6 0.36796875 0.1375 0.0515625
6 0.4375 0.59140625 0.0796875 0.08515625