15 1 0.3449087890625 0.8132183906250001 0.31129794843749997 0.62356321875 0.2984224109375 0.4913793109375 0.2791091078125 0.35919540156249996 0.24692026562499997 0.2787356328125 0.24906618749999998 0.1781609203125 0.238336575 0.135057471875 0.23189880624999998 0.09770115 0.2125855015625 0 0.2303328609375 0 0.315017546875 0.0316091953125 0.3842593203125 0.034482759375 0.43790739062500006 0.0517241375 0.48726361406249996 0.0804597703125 0.8134438703125 0.063218390625 0.9550747718749999 0.0718390796875 0.965804384375 0.21960305937500002 0.975 0.2469917421875 0.975 0.2557471265625 0.97009623125 0.339080459375 0.9743880765625 0.439655171875 0.965804384375 0.6896551718749999 0.93361554375 0.8994252875000001 0.8585082484375001 1 0.801073259375 1 0.3449087890625
9 0.6046875 0.76953125 0.087890625 0.1390625
9 0.19921875 0.72578125 0.173828125 0.0984375
9 0.39140625 0.50390625 0.109375 0.0576171875
9 0.73984375 0.49609375 0.1484375 0.1357421875
16 0.115625 0.5578125 0.1373046875 0.1279296875
16 0.80078125 0.36015625 0.165625 0.058203125
16 0.80703125 0.44296875 0.0544921875 0.0796875
16 0.515625 0.6140625 0.050390625 0.0564453125
6 0.60703125 0.3359375 0.1517578125 0.05625
6 0.428125 0.58125 0.0875 0.0935546875