15 0 0 0 1 1 1 1 0 0 0
11 0.084375 0.03359375 0.044140625 0.0580078125
1 0.03359375 0.5 0.0642578125 0.0873046875
1 0.12890625 0.9796875 0.0859375 0.040625
1 0.571875 0.96328125 0.1125 0.0734375
9 0.6609375 0.89921875 0.0814453125 0.0701171875
9 0.48828125 0.5546875 0.0642578125 0.075
9 0.2203125 0.55390625 0.07109375 0.051953125
9 0.90078125 0.9734375 0.0859375 0.053125
1 0.1109375 0.9703125 0.090625 0.0591796875
1 0.10859375 0.61875 0.0890625 0.071875
1 0.42734375 0.83046875 0.107421875 0.123046875
1 0.3515625 0.03984375 0.10625 0.0794921875
1 0.06328125 0.37578125 0.1265625 0.1359375
1 0.275 0.46796875 0.155859375 0.1076171875
1 0.30234375 0.55625 0.075 0.10703125
1 0.20390625 0.8953125 0.0736328125 0.1814453125
1 0.3359375 0.76796875 0.0908203125 0.2044921875
1 0.49765625 0.653125 0.11875 0.112109375
1 0.58046875 0.87109375 0.0767578125 0.1296875
6 0.5640625 0.76796875 0.05 0.1390625
6 0.59296875 0.18828125 0.0732421875 0.115625
6 0.83984375 0.3328125 0.0828125 0.1189453125
6 0.7703125 0.0296875 0.059765625 0.0591796875
6 0.50546875 0.06875 0.0580078125 0.049609375
6 0.3046875 0.165625 0.0626953125 0.0810546875
6 0.084375 0.16328125 0.044140625 0.0609375
6 0.08125 0.73671875 0.05 0.1576171875
6 0.77578125 0.5375 0.096875 0.062109375
7 0.88671875 0.0671875 0.0765625 0.12109375
7 0.87265625 0.23203125 0.16875 0.088671875
7 0.83828125 0.81328125 0.0892578125 0.1451171875
7 0.89375 0.76796875 0.09453125 0.098828125
7 0.97578125 0.66875 0.0484375 0.103125
1 0.14609375 0.23125 0.1140625 0.08125
9 0.13671875 0.0875 0.0607421875 0.0810546875
1 0.4328125 0.2546875 0.1091796875 0.159375
6 0.3609375 0.465625 0.0345703125 0.0685546875
6 0.43203125 0.49296875 0.0611328125 0.0611328125
6 0.34765625 0.9921875 0.1201171875 0.015625
1 0.4703125 0.971875 0.1033203125 0.05625
7 0.88125 0.90703125 0.0810546875 0.075
7 0.7828125 0.465625 0.071484375 0.0470703125
1 0.025 0.06484375 0.05 0.1201171875
1 0.0125 0.19375 0.025 0.0783203125
1 0.26796875 0.24921875 0.115625 0.0611328125
5 0.95078125 0.12421875 0.06875 0.0828125