15 0 0 0 1 1 1 1 0 0 0
11 0.05546875 0.0671875 0.040625 0.0529296875
1 0.01953125 0.4859375 0.0388671875 0.0779296875
1 0.09609375 0.9296875 0.0767578125 0.0623046875
1 0.49453125 0.92890625 0.1015625 0.1140625
9 0.5734375 0.84453125 0.072265625 0.0625
9 0.41875 0.53515625 0.056640625 0.0671875
9 0.17734375 0.534375 0.0638671875 0.046875
9 0.78984375 0.9203125 0.078125 0.0623046875
1 0.08046875 0.92421875 0.08125 0.0828125
1 0.07734375 0.5921875 0.0796875 0.06484375
1 0.36328125 0.7828125 0.0955078125 0.1095703125
1 0.29609375 0.05390625 0.0953125 0.1078125
1 0.10390625 0.02265625 0.08125 0.0451171875
1 0.046875 0.37421875 0.09375 0.121875
1 0.2265625 0.45703125 0.13984375 0.095703125
1 0.2515625 0.5359375 0.066015625 0.096875
1 0.16328125 0.840625 0.0669921875 0.162890625
1 0.28203125 0.7265625 0.0828125 0.1841796875
1 0.4265625 0.6234375 0.10625 0.1
1 0.5015625 0.81953125 0.0689453125 0.1169921875
6 0.48671875 0.7265625 0.0453125 0.125
6 0.5125 0.20546875 0.065625 0.1044921875
6 0.73359375 0.3359375 0.0736328125 0.1064453125
6 0.671875 0.04453125 0.055859375 0.0890625
6 0.39453125 0.0234375 0.0484375 0.046875
6 0.43359375 0.0984375 0.0517578125 0.04375
6 0.253125 0.18515625 0.0564453125 0.0732421875
6 0.05546875 0.18359375 0.040625 0.0546875
6 0.053125 0.6984375 0.044140625 0.1408203125
6 0.6765625 0.51953125 0.0873046875 0.0546875
7 0.7765625 0.096875 0.06875 0.106640625
7 0.96796875 0.37109375 0.0640625 0.0671875
7 0.76328125 0.2453125 0.1515625 0.078515625
7 0.7328125 0.7671875 0.0810546875 0.128515625
7 0.78203125 0.7265625 0.0857421875 0.090234375
7 0.89765625 0.6390625 0.121875 0.0939453125
1 0.1109375 0.24453125 0.1029296875 0.0734375
9 0.10234375 0.11484375 0.054296875 0.071875
1 0.36796875 0.265625 0.0982421875 0.1435546875
6 0.30390625 0.4546875 0.03125 0.059765625
6 0.3671875 0.4796875 0.0560546875 0.0560546875
6 0.2921875 0.95390625 0.108984375 0.0642578125
1 0.40234375 0.9421875 0.09375 0.115625
7 0.77109375 0.85078125 0.071875 0.0671875
7 0.68359375 0.4546875 0.0638671875 0.0435546875
1 0.0125 0.09453125 0.0248046875 0.1078125
1 0.2203125 0.26015625 0.1033203125 0.0548828125
5 0.83359375 0.14765625 0.061328125 0.075