15 0.005859375 0 0 0.00390625 0 1 0.990234375 1 1 0.990234375 1 0.03515625 0.96484375 0 0.005859375 0
11 0.078125 0.09921875 0.0390625 0.05078125
1 0.03515625 0.50234375 0.05625 0.075
1 0.11796875 0.92890625 0.07421875 0.059375
1 0.50078125 0.92734375 0.09765625 0.109375
9 0.5765625 0.846875 0.07109375 0.06015625
9 0.42734375 0.54921875 0.05546875 0.06484375
9 0.19609375 0.5484375 0.0609375 0.0453125
9 0.784375 0.91953125 0.075 0.059375
1 0.10234375 0.9234375 0.078125 0.0796875
1 0.09921875 0.6046875 0.0765625 0.06171875
1 0.37421875 0.78671875 0.09296875 0.10625
1 0.3109375 0.084375 0.09140625 0.11171875
1 0.1265625 0.04140625 0.078125 0.0765625
1 0.0578125 0.39609375 0.115625 0.11796875
1 0.24296875 0.47421875 0.13359375 0.09296875
1 0.2671875 0.55078125 0.06484375 0.09296875
1 0.18203125 0.84296875 0.0640625 0.1578125
1 0.29609375 0.7328125 0.07890625 0.17578125
1 0.4359375 0.634375 0.10234375 0.09609375
1 0.50703125 0.82265625 0.0671875 0.11171875
6 0.49296875 0.73359375 0.04296875 0.1203125
6 0.51796875 0.2328125 0.0625 0.1
6 0.73046875 0.3578125 0.07109375 0.103125
6 0.671875 0.0609375 0.05390625 0.12109375
6 0.4046875 0.040625 0.0453125 0.08125
6 0.4421875 0.1296875 0.05078125 0.04140625
6 0.26875 0.21328125 0.0546875 0.06953125
6 0.078125 0.2109375 0.0390625 0.05234375
6 0.0765625 0.70625 0.04296875 0.1359375
6 0.67578125 0.534375 0.08359375 0.05234375
7 0.77109375 0.128125 0.06640625 0.10390625
7 0.95703125 0.39296875 0.059375 0.0640625
7 0.759375 0.2703125 0.14609375 0.07578125
7 0.72890625 0.77265625 0.07734375 0.125
7 0.77734375 0.73359375 0.08203125 0.08515625
7 0.88828125 0.64921875 0.1171875 0.090625
1 0.13203125 0.2703125 0.0984375 0.0703125
9 0.12421875 0.1453125 0.0515625 0.06953125
1 0.37890625 0.290625 0.09375 0.1375
6 0.3171875 0.47265625 0.03046875 0.05859375
6 0.37890625 0.49609375 0.053125 0.053125
6 0.30625 0.9515625 0.10390625 0.06171875
1 0.4125 0.94296875 0.08984375 0.1140625
7 0.76640625 0.853125 0.06953125 0.06484375
7 0.68203125 0.47265625 0.0609375 0.040625
1 0.025 0.1265625 0.04921875 0.1046875
1 0.0140625 0.23828125 0.028125 0.06796875
1 0.2375 0.28515625 0.1 0.05390625
5 0.8265625 0.17734375 0.059375 0.071875