15 1 0.28125 0.994140625 0.2682291671875 0.95703125 0.21354166718749998 0.916015625 0.171875 0.79296875 0.09635416718749999 0.666015625 0.0494791671875 0.603515625 0.0364583328125 0.4140625 0.0286458328125 0.296875 0.05729166718749999 0.220703125 0.1067708328125 0.15234375 0.1796875 0.0390625 0.3385416671875 0.005859375 0.4635416671875 0 0.5234375 0 0.921875 0.076171875 1 0.927734375 1 0.970703125 0.921875 1 0.8307291671874999 1 0.28125
7 0.4515625 0.828125 0.125 0.24453125
7 0.59375 0.778125 0.103125 0.09921875
7 0.7359375 0.87421875 0.05859375 0.06015625
7 0.40234375 0.24453125 0.0328125 0.07265625
7 0.33203125 0.52109375 0.0953125 0.04609375
7 0.59609375 0.090625 0.059375 0.04453125
12 0.96796875 0.43203125 0.0640625 0.09375
12 0.3015625 0.36875 0.18359375 0.18359375
12 0.14609375 0.54765625 0.10703125 0.1109375
12 0.24921875 0.53671875 0.07421875 0.059375
12 0.44609375 0.4703125 0.10234375 0.03203125
12 0.425 0.16171875 0.1296875 0.21328125
12 0.759375 0.240625 0.2015625 0.12890625
12 0.66640625 0.11953125 0.07109375 0.04765625
12 0.5625 0.20390625 0.08671875 0.1953125
12 0.81171875 0.46875 0.04765625 0.10078125
11 0.1859375 0.7375 0.04921875 0.0703125
11 0.775 0.64921875 0.09296875 0.07265625
11 0.91484375 0.49609375 0.0390625 0.0796875
11 0.346875 0.30625 0.04140625 0.04140625
11 0.61953125 0.1671875 0.0296875 0.08125
11 0.653125 0.20078125 0.05 0.05546875
11 0.34765625 0.13359375 0.028125 0.05
9 0.24296875 0.86328125 0.1 0.11796875
9 0.49453125 0.63515625 0.07109375 0.12265625
9 0.6546875 0.67109375 0.06640625 0.1078125
9 0.415625 0.56015625 0.07109375 0.14921875
9 0.778125 0.3515625 0.0625 0.13515625
9 0.446875 0.3171875 0.05859375 0.0921875
9 0.16796875 0.29296875 0.11875 0.11328125
9 0.60625 0.5140625 0.04375 0.08515625