15 0.050224215625 0 0 0.051589128124999994 0 0.534930140625 0.0044843046875 0.5808383234375001 0.042600896875 0.7245508984375 0.172645740625 0.9071856281249999 0.2511210765625 0.9910179640625 0.264928015625 1 0.9129426328125 1 1 0.9464879765624999 1 0 0.050224215625 0
7 0.515625 0.83828125 0.1435546875 0.28125
7 0.6796875 0.78125 0.118359375 0.11328125
7 0.8421875 0.890625 0.06640625 0.069140625
7 0.459375 0.1671875 0.0376953125 0.0841796875
7 0.37890625 0.48515625 0.109375 0.053125
7 0.68125 0.0078125 0.068359375 0.0154296875
12 0.34453125 0.31015625 0.2109375 0.2109375
12 0.165625 0.515625 0.1220703125 0.128125
12 0.28359375 0.503125 0.0859375 0.06875
12 0.51015625 0.4265625 0.1171875 0.0373046875
12 0.484375 0.09765625 0.1470703125 0.1951171875
12 0.8703125 0.1625 0.23125 0.149609375
12 0.7609375 0.02421875 0.083984375 0.0482421875
12 0.64296875 0.1203125 0.1 0.225
12 0.92890625 0.425 0.0546875 0.115625
11 0.21171875 0.734375 0.05625 0.0810546875
11 0.8875 0.6328125 0.106640625 0.083984375
11 0.39609375 0.23828125 0.0482421875 0.0482421875
11 0.70859375 0.07890625 0.0330078125 0.0923828125
11 0.74765625 0.1171875 0.0578125 0.0626953125
11 0.396875 0.03984375 0.031640625 0.0578125
9 0.2765625 0.87890625 0.1154296875 0.1359375
9 0.565625 0.61640625 0.08125 0.141796875
9 0.74921875 0.6578125 0.0765625 0.1248046875
9 0.475 0.5296875 0.08125 0.171875
9 0.890625 0.28984375 0.0716796875 0.1548828125
9 0.51015625 0.25078125 0.0671875 0.10625
9 0.190625 0.22265625 0.137109375 0.1296875
9 0.69375 0.47734375 0.0501953125 0.0984375