15 0.37576180625 0.165681475 0.267164521875 0.1686935234375 0.228702984375 0.1807417171875 0.0612821671875 0.171705571875 0.00019619531250000003 0.1867658125 0.0250830734375 0.3885730421875 0.02282063125 0.46989834375 0.0567572828125 0.506042921875 0.092956378125 0.6536332828125 0.0997437078125 0.7048381015625 0.092956378125 0.7831513546875 0.1065310375 0.8464043671875 0.1404676890625 0.882548946875 0.15177990624999999 0.9307417171875001 0.14725502031249998 0.9698983437500001 0.164098103125 0.9984375 0.316800915625 0.9984375 0.3395627109375 0.9277296703125 0.443635109375 0.7470067765625 0.454947328125 0.750018825 0.4594722125 0.7680911140625 0.4323228921875 0.837368221875 0.4368477796875 0.8735128031249999 0.4164857890625 0.9006212343750001 0.4255355625 0.9458019578125001 0.4129558609375 0.9984375 0.4731599953125 0.9984375 0.5477075078125 0.9488140078124999 0.5771192734375 0.90664533125 0.6789292265625 0.8976091875 0.749064975 0.8192959343749999 0.79431384375 0.8524284640625 0.8373002671875 0.8494164156249999 0.8463500406250001 0.759054971875 0.9232731203125001 0.6415850921875 0.9391102218749999 0.5903802703125 0.954947328125 0.578332078125 0.9625 0.57944930625 0.9625 0.1489528453125 0.9255355625 0.1325489453125 0.855399815625 0.120500753125 0.7694269640625 0.07833207812500001 0.6902414453125 0.0813441265625 0.6133183671875 0.0662838859375 0.5816441609375 0.0753200296875 0.5635446109375 0.171705571875 0.52282063125 0.2018260546875 0.45268488281249997 0.171705571875 0.37576180625 0.165681475
19 0.13671875 0.7265625 0.1953125 0.3
19 0.66875 0.3203125 0.134375 0.159375
6 0.12890625 0.3828125 0.1763671875 0.159375
6 0.1578125 0.525 0.177734375 0.128125
6 0.521875 0.40703125 0.1126953125 0.1330078125
6 0.50859375 0.5265625 0.1515625 0.134765625
6 0.45625 0.8328125 0.133984375 0.109375
6 0.753125 0.53828125 0.1716796875 0.1375
11 0.70390625 0.696875 0.1109375 0.1029296875
11 0.3484375 0.5171875 0.127734375 0.103125
11 0.0734375 0.571875 0.090234375 0.0595703125
11 0.3140625 0.18671875 0.1001953125 0.1
11 0.665625 0.43828125 0.075390625 0.0857421875
13 0.21796875 0.19921875 0.1951171875 0.1078125
13 0.41875 0.65703125 0.1908203125 0.1705078125
13 0.803125 0.3390625 0.1466796875 0.172265625
11 0.02265625 0.4171875 0.0453125 0.056640625