15 0.765625 1 0.787109375 0.9635416671874999 0.783203125 0.9296875 0.79296875 0.8880208328125001 0.822265625 0.8567708328125001 0.833984375 0.8020833328125001 0.828125 0.734375 0.833984375 0.6901041671875 0.865234375 0.5625 0.89453125 0.53125 0.892578125 0.4609375 0.9140625 0.2864583328125 0.861328125 0.2734375 0.716796875 0.28125 0.68359375 0.2708333328125 0.58984375 0.2682291671875 0.5234375 0.2734375 0.462890625 0.2994791671875 0.427734375 0.2734375 0.412109375 0.1901041671875 0.384765625 0.1822916671875 0.318359375 0.1953125 0.25 0.1927083328125 0.17578125 0.22916666718749998 0.115234375 0.23958333281250002 0.00390625 0.2890625 0 0.4895833328125 0.015625 0.5078125 0.03515625 0.5598958328125 0.0625 0.59375 0.072265625 0.6276041671875 0.08984375 0.625 0.103515625 0.6354166671875 0.1171875 0.6796875 0.18359375 0.78125 0.19140625 0.859375 0.228515625 0.8619791671874999 0.267578125 0.8333333328125001 0.328125 0.9010416671874999 0.416015625 0.9088541671874999 0.44140625 0.9453125 0.5234375 1 0.560546875 1 0.546875 0.9427083328125001 0.5546875 0.9036458328125001 0.537109375 0.8802083328125001 0.541015625 0.8489583328125001 0.517578125 0.7890625 0.521484375 0.7734375 0.53125 0.7708333328125 0.62109375 0.9270833328125001 0.64453125 1 0.765625 1
19 0.2 0.753125 0.16875 0.259375
19 0.659375 0.4015625 0.11640625 0.1375
6 0.19296875 0.45625 0.1515625 0.13828125
6 0.21796875 0.57890625 0.153125 0.1109375
6 0.5328125 0.4765625 0.09765625 0.115625
6 0.52109375 0.5796875 0.13046875 0.11796875
6 0.47578125 0.8453125 0.115625 0.09453125
6 0.73203125 0.590625 0.14765625 0.11875
11 0.68984375 0.72734375 0.09609375 0.08828125
11 0.3828125 0.571875 0.109375 0.0890625
11 0.1453125 0.61953125 0.0765625 0.0515625
11 0.353125 0.2859375 0.08671875 0.08671875
11 0.65703125 0.50390625 0.065625 0.07421875
13 0.2703125 0.29765625 0.16796875 0.09296875
13 0.44375 0.69296875 0.165625 0.14765625
13 0.77578125 0.41796875 0.1265625 0.15
11 0.06640625 0.48671875 0.11171875 0.05078125