15 0 0.262919503125 0.0224173546875 0.44447544843750003 0.020351239062500002 0.5186512703124999 0.051342975 0.5516183031249999 0.0844008265625 0.6862336906250001 0.0905991734375 0.7329369859375 0.0844008265625 0.8043655578125 0.0967975203125 0.8620578640625001 0.12778925624999998 0.8950248984375 0.138119834375 0.938980940625 0.133987603125 0.974695228125 0.1470938328125 0.996875 0.290061890625 0.996875 0.3096074375 0.9362336890625 0.4046487609375 0.7713985250000001 0.41497933906249995 0.7741457781250001 0.4191115703125 0.79062929375 0.39431818125 0.85381610625 0.3984504125 0.886783140625 0.379855371875 0.911508415625 0.388119834375 0.9527172046875 0.3775531484375 0.996875 0.437403153125 0.996875 0.4996900828125 0.9554644578125 0.5265495859375 0.9170029203125001 0.6195247937499999 0.9087611624999999 0.6835743796875 0.8373325906250001 0.72489669375 0.8675523703125 0.7641528921875 0.8648051171875 0.7724173546875 0.7823875359375 0.8426652890625 0.675244678125 0.8571280984375 0.6285413828124999 0.871590909375 0.617552371875 0.89018595 0.6202996234375 0.9005165281249999 0.5845853390625 0.925 0.554355746875 0.925 0.24653588750000002 0.8447314046875001 0.21095896406249998 0.78068181875 0.19996995312500002 0.7021694218750001 0.161508415625 0.629855371875 0.1642556671875 0.5596074375 0.1505194046875 0.53068181875 0.1587611625 0.5141528921875 0.24667325 0.47696280937499996 0.27414577812499996 0.4129132234375 0.24667325 0.3426652890625 0.2411787453125 0.2434917359375 0.243925996875 0.20836776875 0.254915009375 0.05547520625 0.24667325 0 0.2603332015625 0 0.262919503125
19 0.1703125 0.753125 0.178125 0.274609375
19 0.65625 0.3828125 0.122265625 0.14609375
6 0.16328125 0.43984375 0.1607421875 0.1453125
6 0.1890625 0.56953125 0.162109375 0.1171875
6 0.52265625 0.46171875 0.103125 0.121875
6 0.51015625 0.57109375 0.1388671875 0.1236328125
6 0.46171875 0.85 0.121875 0.1
6 0.73359375 0.58203125 0.15625 0.125
11 0.68828125 0.7265625 0.1015625 0.0935546875
11 0.36328125 0.56171875 0.115625 0.09375
11 0.1125 0.6125 0.08125 0.055859375
11 0.33203125 0.2609375 0.091796875 0.091015625
11 0.653125 0.490625 0.0689453125 0.078125
13 0.24453125 0.27265625 0.1767578125 0.0984375
13 0.428125 0.68984375 0.175 0.1548828125
13 0.77890625 0.4 0.1330078125 0.1591796875
11 0.04375 0.47109375 0.087109375 0.051953125