15 1 0.2134224515625 0.9633027515625001 0.20091463437499998 0.6376146781250001 0.20396341406250001 0.5688073390625 0.18871951250000002 0.47247706406249995 0.1917682921875 0.3738532109375 0.16128048749999999 0.23165137656249998 0.14908536562500002 0.013761467187500001 0.21920731718750003 0 0.22199772499999998 0 0.56492484375 0.0344036703125 0.6064024390625 0.295871559375 0.8137195125 0.3165137609375 0.850304878125 0.2981651375 0.902134146875 0.30733945 0.9478658531249999 0.339449540625 0.9814024390625 0.37575974843750004 0.9984375 0.5263130734375 0.9984375 0.5298165140625 0.996646340625 0.6307339453125 0.8807926828125 0.905963303125 0.6125 0.9816513765625 0.5789634140625 0.9908256874999999 0.5545731703125 0.9747706421875 0.5301829265625 0.9816513765625 0.47530487812500005 1 0.44383359375 1 0.2134224515625
11 0.0625 0.346875 0.062890625 0.075
11 0.13828125 0.32734375 0.05625 0.0796875
11 0.0890625 0.478125 0.08125 0.05625
11 0.16875 0.5609375 0.046484375 0.04765625
11 0.2296875 0.665625 0.109375 0.087109375
11 0.4140625 0.853125 0.071875 0.0751953125
11 0.20390625 0.25 0.103125 0.0689453125
11 0.359375 0.2828125 0.062109375 0.059765625
11 0.2734375 0.33203125 0.041015625 0.059375
11 0.18984375 0.45703125 0.0294921875 0.071875
11 0.3546875 0.34296875 0.0529296875 0.0638671875
11 0.26015625 0.38203125 0.053125 0.0484375
11 0.21875 0.55078125 0.0591796875 0.0609375
11 0.39140625 0.54453125 0.0625 0.0580078125
11 0.29609375 0.721875 0.0732421875 0.105859375
11 0.3375 0.6296875 0.08125 0.0841796875
11 0.38125 0.59296875 0.077734375 0.08125
11 0.296875 0.52578125 0.0845703125 0.10625
11 0.25078125 0.45234375 0.0625 0.0703125
11 0.30625 0.3875 0.05 0.0685546875
11 0.36171875 0.415625 0.058203125 0.087109375
11 0.09375 0.39375 0.0810546875 0.0716796875
11 0.4078125 0.3109375 0.047265625 0.0783203125
7 0.5578125 0.3421875 0.0970703125 0.1373046875
7 0.5765625 0.76328125 0.171484375 0.1486328125
7 0.50859375 0.6453125 0.144921875 0.153125
7 0.67734375 0.6046875 0.165625 0.103125
7 0.503125 0.4515625 0.105859375 0.134765625
7 0.72890625 0.34140625 0.1080078125 0.1265625
7 0.890625 0.38125 0.1314453125 0.1498046875
7 0.7484375 0.48515625 0.1470703125 0.1171875
13 0.1984375 0.3328125 0.1158203125 0.133984375