15 1 0.2890625 0.923828125 0.2630208328125 0.646484375 0.265625 0.587890625 0.2526041671875 0.505859375 0.2552083328125 0.421875 0.22916666718749998 0.30078125 0.21875 0.115234375 0.2786458328125 0 0.3020833328125 0 0.4166666671875 0.048828125 0.5078125 0.1328125 0.609375 0.35546875 0.7864583328125 0.373046875 0.8177083328125001 0.357421875 0.8619791671874999 0.365234375 0.9010416671874999 0.392578125 0.9296875 0.458984375 0.9609375 0.529296875 0.9557291671874999 0.5546875 0.9427083328125001 0.640625 0.84375 0.875 0.6145833328125 0.939453125 0.5859375 0.947265625 0.5651041671875 0.93359375 0.5442708328125 0.939453125 0.4973958328125 1 0.3932291671875 1 0.2890625
11 0.15703125 0.3875 0.0546875 0.0640625
11 0.22109375 0.37109375 0.04765625 0.06796875
11 0.17890625 0.49921875 0.06953125 0.0484375
11 0.246875 0.5703125 0.03984375 0.04140625
11 0.29921875 0.66015625 0.09296875 0.0734375
11 0.45625 0.81953125 0.0609375 0.0640625
11 0.27734375 0.3046875 0.0875 0.059375
11 0.41015625 0.3328125 0.053125 0.0515625
11 0.33671875 0.37421875 0.0359375 0.05078125
11 0.26484375 0.48203125 0.025 0.0609375
11 0.40546875 0.384375 0.04453125 0.05390625
11 0.325 0.41796875 0.0453125 0.04140625
11 0.28984375 0.56171875 0.05 0.05234375
11 0.4375 0.55625 0.053125 0.05
11 0.35625 0.7078125 0.06171875 0.0890625
11 0.390625 0.62890625 0.06875 0.07109375
11 0.428125 0.59765625 0.065625 0.06953125
11 0.35625 0.540625 0.07265625 0.090625
11 0.3171875 0.47734375 0.053125 0.06015625
11 0.3640625 0.421875 0.04296875 0.05859375
11 0.4109375 0.44609375 0.05 0.07421875
11 0.18359375 0.42734375 0.06875 0.0609375
11 0.45078125 0.35703125 0.040625 0.0671875
7 0.578125 0.38359375 0.08359375 0.11640625
7 0.59453125 0.74296875 0.1453125 0.12734375
7 0.53671875 0.6421875 0.1234375 0.13046875
7 0.68046875 0.6078125 0.140625 0.08828125
7 0.53203125 0.4765625 0.08984375 0.115625
7 0.72421875 0.3828125 0.0921875 0.1078125
7 0.86171875 0.41640625 0.1125 0.12734375
7 0.740625 0.50546875 0.12578125 0.1
13 0.27265625 0.37578125 0.09921875 0.11328125