15 1 0.29642748750000003 0.8948412703124999 0.27503927031250003 0.70634920625 0.214192709375 0.5833333328125 0.22477472031249998 0.49801587343750003 0.251229746875 0.41468253906249997 0.24858424375000002 0.3551587296875 0.2618117578125 0.0734126984375 0.2591662546875 0 0.2842646109375 0 0.39826849062499997 0.057539682812500006 0.49726149218750004 0.06349206406249999 0.544880540625 0.049603175 0.5660445609375 0.057539682812500006 0.5872085828125 0.1230158734375 0.6163091109375001 0.3611111109375 0.84911334375 0.4484126984375 0.9496424453125 0.4742063484375 0.9628699578125 0.5324931578125 0.9671875 0.54770353125 0.9671875 0.6130952375 0.9364149312500001 0.640873015625 0.9073144015624999 0.6488095234375 0.8676318625 0.6329365078125 0.82265831875 0.6507936515625 0.7909122859375 0.8769841265625 0.61101810625 0.9623015875 0.5078435031249999 1 0.4374731328125 1 0.29642748750000003
11 0.146875 0.38515625 0.0560546875 0.065625
11 0.2125 0.36875 0.049609375 0.06875
11 0.1703125 0.49921875 0.071484375 0.0486328125
11 0.2390625 0.57109375 0.040234375 0.0421875
11 0.2921875 0.6625 0.0939453125 0.0748046875
11 0.4515625 0.825 0.0625 0.065625
11 0.26953125 0.3015625 0.0890625 0.0595703125
11 0.4046875 0.3296875 0.0533203125 0.0529296875
11 0.3296875 0.37265625 0.034765625 0.0515625
11 0.25703125 0.48125 0.025 0.0623046875
11 0.4 0.38203125 0.04453125 0.055078125
11 0.31796875 0.41640625 0.0453125 0.0421875
11 0.2828125 0.5625 0.050390625 0.053125
11 0.43203125 0.55703125 0.0544921875 0.0513671875
11 0.34921875 0.71171875 0.0638671875 0.090625
11 0.38515625 0.63125 0.0703125 0.072265625
11 0.4234375 0.59921875 0.066015625 0.0703125
11 0.35 0.54140625 0.074609375 0.0921875
11 0.31015625 0.4765625 0.054296875 0.06015625
11 0.3578125 0.42109375 0.04375 0.059375
11 0.40625 0.4453125 0.050390625 0.075390625
11 0.17421875 0.4265625 0.0701171875 0.0623046875
11 0.44609375 0.3546875 0.0419921875 0.06875
7 0.57578125 0.38125 0.084375 0.11875
7 0.59140625 0.746875 0.1482421875 0.130859375
7 0.53359375 0.64453125 0.125 0.1328125
7 0.6796875 0.609375 0.143359375 0.090234375
7 0.528125 0.4765625 0.0908203125 0.116015625
7 0.7234375 0.38125 0.09375 0.109375
7 0.86328125 0.415625 0.1140625 0.1283203125
7 0.740625 0.50546875 0.128125 0.1017578125
13 0.26484375 0.3734375 0.1013671875 0.1154296875