15 0.4984375 0.5015625 0.946484375 0.9533203125
5 0.2078125 0.703125 0.36875 0.2970703125
12 0.39296875 0.21875 0.2263671875 0.1751953125
12 0.1359375 0.28359375 0.208984375 0.2046875
12 0.86953125 0.51171875 0.2486328125 0.2328125
11 0.4046875 0.3921875 0.1158203125 0.090625
11 0.29453125 0.340625 0.1078125 0.066015625
7 0.52265625 0.79296875 0.228125 0.153125
7 0.72109375 0.61953125 0.1328125 0.196875
7 0.3203125 0.48828125 0.3095703125 0.2046875
7 0.65703125 0.1859375 0.1642578125 0.128125
7 0.66484375 0.37890625 0.159375 0.1138671875