15 0.49765625 0.49375 0.92890625 0.9390625
5 0.2125 0.69140625 0.3625 0.29296875
12 0.39375 0.21484375 0.221875 0.1734375
12 0.14140625 0.27890625 0.20390625 0.2015625
12 0.8625 0.503125 0.2453125 0.22890625
11 0.40546875 0.3859375 0.11484375 0.0890625
11 0.296875 0.33515625 0.10625 0.065625
7 0.52109375 0.78046875 0.22421875 0.15078125
7 0.715625 0.609375 0.13046875 0.19375
7 0.32265625 0.48046875 0.3046875 0.2015625
7 0.653125 0.1828125 0.16171875 0.1265625
7 0.6609375 0.37265625 0.15625 0.1109375