15 0.4875 0.5 0.9748046875 1
5 0.15 0.68359375 0.3 0.348828125
12 0.30078125 0.11640625 0.263671875 0.20625
12 0.06015625 0.19140625 0.1203125 0.2390625
12 0.85546875 0.459375 0.2888671875 0.271875
11 0.31484375 0.31953125 0.1359375 0.10625
11 0.18515625 0.259375 0.1263671875 0.078125
7 0.45234375 0.78984375 0.2669921875 0.1794921875
7 0.68359375 0.5859375 0.1548828125 0.2310546875
7 0.215625 0.4328125 0.3625 0.240234375
7 0.60859375 0.078125 0.1921875 0.150390625
7 0.61875 0.3046875 0.187109375 0.133984375