15 0.638663903125 0.08248591250000001 0.5243781890625 0.049699028125 0.42265134531250004 0.0005187 0.0141741078125 0.0005187 0.0141741078125 0.236553915625 0.122337371875 0.256666240625 0.2631537 0.3017482078125 0.328459821875 0.314043290625 0.42029655625 0.31609246875 0.48356186250000005 0.328387553125 0.610092475 0.307895746875 0.628459821875 0.3099449296875 0.6305006390625 0.3181416515625 0.6080516593749999 0.3652727984375 0.5774394140625 0.3939613234375 0.5407047203124999 0.42060066718750005 0.4896843125 0.434944928125 0.4672353328125 0.4554367328125 0.39784757656249997 0.559944928125 0.344786353125 0.6070760765625 0.132541453125 0.7074859124999999 0.0835618609375 0.742321978125 0.06315370000000001 0.7730596828125 0.0345822703125 0.7935514859375 0.0141741078125 0.8208738906249999 0.0141741078125 0.9861915140624999 0.7003983015624999 0.9890625 0.9901479109375 0.9890625 0.9998883921875 0.9636334546875001 0.9958067609375 0.45338755312499995 0.9835618609375001 0.2956006671875 0.94682716875 0.2689613234375 0.94682716875 0.2607646015625 0.981521046875 0.24846952031249997 0.9835618609375001 0.1828957484375 0.975398596875 0.174699028125 0.7366230875 0.1255187 0.638663903125 0.08248591250000001
2 0.6109375 0.1578125 0.35 0.140234375
13 0.42265625 0.53203125 0.33125 0.25
13 0.2359375 0.8171875 0.3376953125 0.2876953125
12 0.88125 0.89921875 0.2341796875 0.0734375
12 0.64921875 0.73046875 0.1544921875 0.0607421875
12 0.3921875 0.83046875 0.1845703125 0.109375
12 0.3609375 0.73125 0.1126953125 0.0876953125
12 0.74375 0.82734375 0.125 0.1078125
12 0.62578125 0.8625 0.0625 0.1373046875
9 0.61796875 0.65859375 0.1828125 0.0984375
9 0.51796875 0.746875 0.140625 0.115625