15 0.361328125 0.10805500937500001 0.267578125 0.14931237656250002 0.0390625 0.1964636546875 0.03125 0.2043222 0.033203125 0.26719057031250004 0.06640625 0.2789783890625 0.06640625 0.2868369359375 0.03125 0.3123772109375 0.01953125 0.46365422343749996 0.015625 0.9528487234374999 0.025390625 0.9783889984374999 0.962890625 0.974459725 0.962890625 0.821218075 0.939453125 0.789783890625 0.912109375 0.770137525 0.892578125 0.7406679765625 0.845703125 0.7072691546875001 0.642578125 0.6110019640625 0.591796875 0.5658153234375 0.525390625 0.46561886093749993 0.50390625 0.4459724953125 0.455078125 0.43222003906250006 0.419921875 0.40667976406250006 0.390625 0.379174853125 0.369140625 0.3339882125 0.37109375 0.326129665625 0.388671875 0.3241650296875 0.509765625 0.3438113953125 0.5703125 0.332023575 0.658203125 0.3300589390625 0.720703125 0.31827112031250004 0.85546875 0.275049115625 0.9609375 0.25540275 0.970703125 0.027504910937499998 0.958984375 0.017681728125 0.787109375 0.0157170921875 0.576171875 0.025540275 0.470703125 0.076620825 0.361328125 0.10805500937500001
2 0.58671875 0.18046875 0.33515625 0.13359375
13 0.40625 0.53984375 0.3171875 0.23984375
13 0.22734375 0.81328125 0.32421875 0.2765625
12 0.8453125 0.89140625 0.2234375 0.0703125
12 0.6234375 0.73046875 0.14765625 0.0578125
12 0.37734375 0.82578125 0.1765625 0.1046875
12 0.34765625 0.73046875 0.10859375 0.08515625
12 0.71328125 0.82265625 0.11953125 0.103125
12 0.60078125 0.85625 0.059375 0.13125
9 0.59375 0.6609375 0.175 0.09453125
9 0.49765625 0.7453125 0.134375 0.1109375