15 1 0.0110169484375 0.995780590625 0 0 0.0041666671875 0 0.192090396875 0.00843881875 0.20338983124999999 0.0379746828125 0.224576271875 0.0590717296875 0.2563559328125 0.109704640625 0.29237288125 0.3291139234375 0.396186440625 0.3839662453125 0.44491525468750004 0.45569620312500003 0.5529661015625 0.478902953125 0.5741525421875 0.5316455703125 0.5889830515625001 0.569620253125 0.6165254234375 0.6012658234375 0.646186440625 0.6244725734375 0.6949152546875 0.62236286875 0.70338983125 0.6033755281250001 0.705508475 0.47257383906249995 0.6843220343749999 0.40717299531249995 0.6970338984375 0.3122362875 0.6991525421875 0.2447257390625 0.7118644062499999 0.09915611875 0.7584745765625 0 0.7769146265625 0 1 0.4578059078125 1 0.5147679328125 0.9724576265625 0.6329113921875 0.9385593218749999 0.734177215625 0.894067796875 0.9810126578125 0.8432203390625 0.9894514765625001 0.8347457625000001 0.9873417718749999 0.766949153125 0.95147679375 0.7542372875 0.95147679375 0.7457627125 0.9894514765625001 0.7182203390625 1 0.5822740109375 1 0.0110169484375
2 0.61015625 0.13984375 0.361328125 0.14375
13 0.415625 0.5265625 0.343359375 0.2591796875
13 0.22265625 0.821875 0.35 0.2970703125
12 0.88359375 0.9046875 0.2326171875 0.077734375
12 0.65 0.73203125 0.159375 0.0625
12 0.384375 0.83515625 0.1908203125 0.1125
12 0.35234375 0.7328125 0.1171875 0.0908203125
12 0.74765625 0.83203125 0.1294921875 0.1111328125
12 0.62578125 0.86796875 0.0640625 0.141796875
9 0.61796875 0.6578125 0.1890625 0.1029296875
9 0.5140625 0.74921875 0.14609375 0.119921875