15 1 0.205078125 0.9609375 0.1875 0.80859375 0.146484375 0.73828125 0.134765625 0.693359375 0.13671875 0.466796875 0.1015625 0.427734375 0.109375 0.3125 0.171875 0.271484375 0.158203125 0.228515625 0.171875 0.19921875 0.203125 0.185546875 0.234375 0.146484375 0.263671875 0.10546875 0.314453125 0.107421875 0.34375 0.072265625 0.376953125 0.068359375 0.400390625 0.037109375 0.45703125 0.03125 0.513671875 0.037109375 0.55078125 0.123046875 0.697265625 0.1953125 0.7734375 0.265625 0.82421875 0.337890625 0.861328125 0.4765625 0.8984375 0.544921875 0.900390625 0.568359375 0.91015625 0.7109375 0.90234375 0.8515625 0.875 0.998046875 0.8203125 1 0.515625 0.990234375 0.509765625 0.990234375 0.486328125 1 0.474609375 1 0.205078125
2 0.30234375 0.56328125 0.19453125 0.13515625
2 0.80234375 0.546875 0.14296875 0.0515625
2 0.546875 0.55390625 0.12890625 0.08984375
2 0.4265625 0.43828125 0.121875 0.0609375
2 0.55703125 0.32890625 0.10703125 0.0921875
2 0.29765625 0.3171875 0.090625 0.04765625
2 0.35390625 0.2671875 0.07890625 0.05546875
2 0.36875 0.1953125 0.06484375 0.06875
2 0.809375 0.2765625 0.15390625 0.06640625
2 0.78359375 0.3515625 0.13828125 0.06796875
2 0.89453125 0.35703125 0.0546875 0.03984375
2 0.8921875 0.47734375 0.21484375 0.084375
2 0.8 0.621875 0.140625 0.09453125
2 0.5453125 0.4703125 0.09609375 0.0734375
0 0.62578125 0.69453125 0.20078125 0.175
0 0.4140625 0.17578125 0.07734375 0.05546875
0 0.22265625 0.36796875 0.08125 0.06015625
0 0.4984375 0.26953125 0.0734375 0.0515625
0 0.6546875 0.40703125 0.08671875 0.07109375
0 0.75 0.23125 0.1078125 0.0625
0 0.90390625 0.4 0.0609375 0.0546875