15 1 0.180595196875 0.8914027156250001 0.1513574671875 0.8099547515625 0.13778280625 0.7579185515625 0.14004525 0.4954751125 0.09932126718749999 0.45022624375 0.108371040625 0.31674208125000003 0.18076923125 0.26923076875 0.1649321265625 0.2194570140625 0.18076923125 0.18552036249999998 0.21696832656249998 0.1696832578125 0.253167421875 0.1244343890625 0.2871040734375 0.0769230765625 0.345927603125 0.07918552031250001 0.3798642546875 0.0384615390625 0.4183257921875 0.033936651562499996 0.44547511406250007 0 0.5069852953125 0 0.62353969375 0.09728506718749999 0.789366515625 0.180995475 0.877601809375 0.2624434390625 0.9364253390625 0.346153846875 0.979411765625 0.4172500125 0.9984375 0.9247777968750001 0.9984375 0.9411764703125 0.9952488671875 1 0.9732880843749999 1 0.180595196875
2 0.3046875 0.634375 0.225 0.15625
2 0.884375 0.61484375 0.165625 0.059375
2 0.58828125 0.6234375 0.15 0.103515625
2 0.44921875 0.4890625 0.140625 0.071484375
2 0.6 0.36328125 0.124609375 0.10625
2 0.29921875 0.34921875 0.1046875 0.055078125
2 0.3640625 0.29140625 0.0908203125 0.0642578125
2 0.38203125 0.2078125 0.076171875 0.07890625
2 0.8921875 0.30234375 0.178125 0.0765625
2 0.8625 0.3890625 0.1595703125 0.0783203125
2 0.978125 0.39375 0.0435546875 0.044140625
2 0.93203125 0.53515625 0.1359375 0.0982421875
2 0.88203125 0.70234375 0.1625 0.109375
2 0.5859375 0.52734375 0.1123046875 0.0857421875
0 0.6796875 0.78671875 0.233984375 0.203125
0 0.43515625 0.18515625 0.0892578125 0.0640625
0 0.2125 0.40859375 0.09375 0.0701171875
0 0.53203125 0.29375 0.0857421875 0.059375
0 0.71328125 0.453125 0.1 0.0814453125
0 0.8234375 0.24921875 0.1248046875 0.0732421875
0 0.9828125 0.44375 0.0341796875 0.0626953125