15 1 0.0889337234375 0.9196428578125 0.06729910781250001 0.8392857140625001 0.05390625 0.7879464281249999 0.05613839375 0.5290178578125 0.015959821875 0.484375 0.02488839375 0.35267857187499996 0.0963169640625 0.30580357187499996 0.0806919640625 0.25669642812500004 0.0963169640625 0.2232142859375 0.13203125 0.2075892859375 0.1677455359375 0.162946428125 0.20122767968750002 0.116071428125 0.25926339375 0.118303571875 0.2927455359375 0.078125 0.3306919640625 0.0736607140625 0.3574776796875 0.037946428125 0.422209821875 0.03125 0.4869419625 0.037946428125 0.5293526796875 0.13616071406250002 0.69676339375 0.21875 0.7838169625 0.2991071421875 0.8418526796875 0.38169642812500004 0.8842633937500001 0.5401785718750001 0.9266741062499999 0.6183035718750001 0.92890625 0.642678571875 0.9390625 0.6634207578125 0.9390625 0.8080357140625001 0.9311383937500001 0.96875 0.8998883937500001 1 0.888221725 1 0.0889337234375
2 0.340625 0.54296875 0.222265625 0.154296875
2 0.91328125 0.52421875 0.1638671875 0.0580078125
2 0.62109375 0.5328125 0.1482421875 0.103125
2 0.4828125 0.4 0.140234375 0.0689453125
2 0.63203125 0.27578125 0.1232421875 0.1046875
2 0.3359375 0.26171875 0.1033203125 0.0546875
2 0.4 0.2046875 0.090625 0.065234375
2 0.41640625 0.12265625 0.0736328125 0.0794921875
2 0.91640625 0.2140625 0.1671875 0.0751953125
2 0.89140625 0.3015625 0.1578125 0.078125
2 0.9921875 0.30546875 0.015625 0.0451171875
2 0.94609375 0.4453125 0.1076171875 0.0966796875
2 0.91015625 0.6109375 0.160546875 0.10859375
2 0.61796875 0.4375 0.1107421875 0.0841796875
0 0.7109375 0.69296875 0.228515625 0.2
0 0.46875 0.1 0.0876953125 0.0626953125
0 0.25 0.3203125 0.0935546875 0.0685546875
0 0.56484375 0.20703125 0.0830078125 0.0580078125
0 0.74375 0.3640625 0.0998046875 0.08125
0 0.85234375 0.16328125 0.123046875 0.071875