15 0.14453125 0.203125 0.14453125 0.21875 0.19921875 0.3307291671875 0.21484375 0.3802083328125 0.244140625 0.40625 0.267578125 0.4791666671875 0.25390625 0.5 0.189453125 0.484375 0.177734375 0.5 0.1796875 0.5494791671875 0.203125 0.6041666671875 0.216796875 0.6067708328125 0.255859375 0.578125 0.275390625 0.609375 0.30859375 0.6380208328125 0.3125 0.7604166671875 0.326171875 0.8020833328125001 0.341796875 0.796875 0.365234375 0.7213541671875 0.390625 0.71875 0.455078125 0.78125 0.51953125 0.8645833328125001 0.576171875 0.9036458328125001 0.59375 0.9010416671874999 0.607421875 0.8854166671874999 0.6328125 0.8177083328125001 0.6328125 0.765625 0.65625 0.71875 0.66796875 0.6302083328125 0.6875 0.5963541671875 0.7109375 0.5026041671875 0.748046875 0.4166666671875 0.7578125 0.3411458328125 0.8046875 0.1796875 0.802734375 0.1640625 0.720703125 0.125 0.60546875 0.09635416718749999 0.259765625 0.1354166671875 0.1640625 0.1822916671875 0.14453125 0.203125
6 0.225 0.5734375 0.0859375 0.0796875
6 0.64140625 0.29296875 0.128125 0.0921875
6 0.5953125 0.57578125 0.17734375 0.07265625
6 0.52265625 0.41171875 0.0984375 0.08203125
13 0.4953125 0.2421875 0.09765625 0.14609375
13 0.41171875 0.465625 0.13203125 0.1125
13 0.653125 0.48046875 0.11640625 0.1109375
13 0.6984375 0.3046875 0.08046875 0.1359375
2 0.5421875 0.66484375 0.1765625 0.13984375
2 0.3671875 0.2328125 0.09296875 0.1
11 0.371875 0.3015625 0.0734375 0.078125
11 0.57734375 0.396875 0.04765625 0.0671875
11 0.66328125 0.42109375 0.0640625 0.08359375