15 0.2726315265625 0.5698779843749999 0.29372857343750003 0.6063948390625 0.30638680156250003 0.7019004546875001 0.33170325625 0.752462253125 0.33170325625 0.8086420296875 0.3591294171875 0.8816757375 0.3738165875 0.8984375 0.3970972890625 0.8984375 0.4540661265625 0.859203828125 0.5236863796875 0.7693161859375001 0.5933066328125001 0.7019004546875001 0.6207327921875 0.70470944375 0.6460492484375 0.78617011875 0.6629268859375 0.791788096875 0.67769481875 0.7468442750000001 0.681914228125 0.6148218046875 0.71777920625 0.583922928125 0.738876253125 0.5502150640625 0.7810703453125 0.5811139390625 0.795838278125 0.5783049515625 0.8211547343750001 0.5193161859375001 0.8232644390624999 0.46594539843750005 0.8106062109375 0.449091465625 0.7409859578125 0.46594539843750005 0.726218025 0.4434734890625 0.75153448125 0.364821803125 0.78318005 0.336731915625 0.8000576875000001 0.2833611296875 0.8578125 0.16526736875 0.8578125 0.144317940625 0.8380323703125001 0.12324877031249999 0.7346568437500001 0.07268697187499999 0.361239121875 0.030552140625 0.23676654843749997 0.0614510171875 0.148158953125 0.1035858484375 0.1460492484375 0.12043978125000002 0.196682159375 0.2945970859375 0.20723068281249998 0.3760577578125 0.247315071875 0.46875438750000004 0.2726315265625 0.5698779843749999
6 0.2328125 0.5453125 0.093359375 0.08515625
6 0.68203125 0.24296875 0.1388671875 0.0986328125
6 0.63203125 0.54765625 0.1919921875 0.078125
6 0.55390625 0.37109375 0.10625 0.0888671875
13 0.52421875 0.1875 0.105078125 0.15703125
13 0.434375 0.42890625 0.1435546875 0.121875
13 0.6953125 0.4453125 0.1251953125 0.121484375
13 0.74375 0.25546875 0.0875 0.146875
2 0.575 0.64453125 0.190625 0.1513671875
2 0.3859375 0.178125 0.1001953125 0.106640625
11 0.39140625 0.25234375 0.0794921875 0.084375
11 0.6125 0.3546875 0.050390625 0.0720703125
11 0.70625 0.38046875 0.069140625 0.089453125