15 0.209317659375 0.6223227890625 0.2322534390625 0.661956934375 0.246014909375 0.7656154734375 0.2735378453125 0.820493521875 0.2735378453125 0.8814691296875001 0.303354359375 0.9607374234374999 0.3194094046875 0.9790301046875 0.3238603890625 0.9796875 0.343529721875 0.9796875 0.4065653671875 0.936347178125 0.4822534390625 0.838786203125 0.5579415125 0.7656154734375 0.587758028125 0.7686642515625 0.6152809609375 0.8570788874999999 0.6336295875 0.8631764484375 0.6496846328125 0.8143959593749999 0.654271790625 0.671103278125 0.6932626140625 0.637566690625 0.7161983937499999 0.600981325 0.7620699531249999 0.6345179109375 0.778125 0.63146913125 0.8056479359375001 0.5674447390624999 0.8079415125 0.5095179109375 0.794180046875 0.49122522812499997 0.718491971875 0.5095179109375 0.702436928125 0.485127665625 0.7299598609375 0.3997618125 0.76436353125 0.369274009375 0.78271215625 0.3113471796875 0.84375 0.18674596875 0.84375 0.1585727890625 0.823996559375 0.137566690625 0.7116112390625 0.08268864218750001 0.305647934375 0.036956934375 0.1703268359375 0.0704935203125 0.073996559375 0.116225228125 0.0717029796875 0.1345179109375 0.126748853125 0.32354230156249997 0.1382167421875 0.41195693437500003 0.181794725 0.512566690625 0.209317659375 0.6223227890625
6 0.165625 0.59453125 0.1001953125 0.09375
6 0.6546875 0.26640625 0.1501953125 0.1078125
6 0.6 0.59765625 0.20703125 0.084375
6 0.515625 0.40625 0.115625 0.0966796875
13 0.4828125 0.20703125 0.115234375 0.170703125
13 0.38515625 0.46875 0.1548828125 0.1314453125
13 0.66875 0.48671875 0.1373046875 0.1298828125
13 0.721875 0.28046875 0.0939453125 0.159375
2 0.53828125 0.70234375 0.2078125 0.1638671875
2 0.33203125 0.19609375 0.109375 0.1171875
11 0.33828125 0.27734375 0.0859375 0.0919921875
11 0.57890625 0.38828125 0.05625 0.079296875
11 0.68046875 0.41640625 0.0763671875 0.0982421875