15 1 0.3442355359375 0.96491228125 0.2439797796875 0.9013157890624999 0.1586856625 0.7774767812500001 0.0704503671875 0.2505847953125 0.0704503671875 0.2127192984375 0.09103860312499999 0.11403508749999999 0.17339154375000002 0.057017543749999997 0.23515625 0.0021929828125 0.31456801562500003 0 0.3218229171875 0 0.68935793125 0.028508771874999998 0.7439797796875001 0.1732456140625 0.905744484375 0.20394736875000002 0.9263327218749999 0.2982456140625 0.9675091921875 0.4473684203125 0.9998621328124999 0.47807017500000004 0.99692095625 0.5109649125 0.9675091921875 0.5657894734375 0.9704503671875001 0.631578946875 0.9498621328124999 0.7587719296875 0.8880974281249999 0.8311403515625001 0.8322150734375 0.9232456140625 0.7292738984375 0.978070175 0.5998621328125 1 0.523881740625 1 0.3442355359375
7 0.2390625 0.246875 0.1470703125 0.1716796875
7 0.18984375 0.55390625 0.234375 0.1642578125
7 0.7046875 0.4625 0.2123046875 0.2345703125
7 0.3578125 0.803125 0.13125 0.130859375
7 0.64765625 0.66875 0.1955078125 0.1779296875
7 0.3796875 0.35859375 0.159765625 0.1455078125
2 0.4890625 0.71875 0.108984375 0.155859375
2 0.3484375 0.60390625 0.1125 0.1482421875
2 0.19609375 0.4203125 0.203125 0.1501953125
2 0.6234375 0.240625 0.109765625 0.118359375
2 0.84296875 0.4640625 0.096875 0.2435546875
2 0.6984375 0.784375 0.1623046875 0.143359375
2 0.34296875 0.209375 0.0580078125 0.144140625
7 0.46171875 0.2171875 0.1767578125 0.125