15 1 0.338936334375 0.974358975 0.2658928578125 0.9123931625000001 0.183035715625 0.775641025 0.08589285937499999 0.747435896875 0.0744642875 0.3205128203125 0.0744642875 0.2414529921875 0.11732142968749999 0.14529914531250002 0.1973214265625 0.08974358906249999 0.2573214296875 0.0363247859375 0.334464284375 0.0042735046875000005 0.4401785734375 0 0.48875000156250004 0 0.627035715625 0.0021367515625 0.6373214296875 0.061965812499999995 0.75160714375 0.20299145312500003 0.9087499984375 0.23290598281250002 0.9287499984375 0.324786325 0.96875 0.45481254687500006 0.996875 0.5005007984375001 0.996875 0.5320512828124999 0.96875 0.5854700859374999 0.9716071421875 0.64957265 0.9516071421875001 0.7735042734375 0.8916071421874999 0.84401709375 0.837321428125 0.933760684375 0.7373214296875 0.9871794875000001 0.6116071453124999 1 0.5673214265625 1 0.338936334375
7 0.2671875 0.2453125 0.14375 0.165625
7 0.21953125 0.54375 0.2294921875 0.1595703125
7 0.72109375 0.4546875 0.20625 0.2283203125
7 0.3828125 0.7859375 0.128125 0.1251953125
7 0.665625 0.65546875 0.190625 0.1732421875
7 0.40390625 0.3546875 0.1576171875 0.1408203125
2 0.5109375 0.70390625 0.1060546875 0.15
2 0.3734375 0.59296875 0.109375 0.14375
2 0.22578125 0.4140625 0.1984375 0.1466796875
2 0.64140625 0.23984375 0.1076171875 0.1140625
2 0.85546875 0.45625 0.094921875 0.23671875
2 0.71484375 0.76796875 0.1578125 0.1375
2 0.36875 0.20859375 0.056640625 0.140625
7 0.48359375 0.21640625 0.173046875 0.120703125