15 0.2265625 0.162303665625 0.09765625 0.306282721875 0.04296875 0.4109947640625 0.033203125 0.45811518281249997 0.044921875 0.5916230359375 0.07421875 0.688481675 0.123046875 0.759162303125 0.173828125 0.8141361249999999 0.26171875 0.8874345546875 0.333984375 0.9267015703125001 0.4140625 0.9502617796875 0.591796875 0.9554973828125 0.685546875 0.9424083765625 0.75 0.9162303671875 0.875 0.82722513125 0.931640625 0.7513089 0.9765625 0.6230366484375 0.966796875 0.51570680625 0.943359375 0.4345549734375 0.89453125 0.31937172812500003 0.8125 0.227748690625 0.748046875 0.17801047187500002 0.634765625 0.12303664843749999 0.576171875 0.1047120421875 0.52734375 0.1073298421875 0.498046875 0.0811518328125 0.470703125 0.07853403125 0.337890625 0.1073298421875 0.25390625 0.1439790578125 0.2265625 0.162303665625
7 0.28515625 0.23515625 0.13125 0.15234375
7 0.24140625 0.50859375 0.209375 0.146875
7 0.7 0.42734375 0.18828125 0.209375
7 0.390625 0.73046875 0.1171875 0.115625
7 0.64921875 0.6109375 0.17421875 0.1578125
7 0.41015625 0.33515625 0.14375 0.1296875
2 0.5078125 0.65546875 0.09609375 0.1375
2 0.3828125 0.553125 0.1 0.13125
2 0.246875 0.38984375 0.18125 0.13359375
2 0.62734375 0.2296875 0.09765625 0.1046875
2 0.8234375 0.42890625 0.08671875 0.21640625
2 0.69453125 0.7140625 0.14453125 0.1265625
2 0.378125 0.2015625 0.0515625 0.12890625
7 0.48359375 0.209375 0.1578125 0.1109375