15 1 0.2399544796875 0.9803149609374999 0.20058440000000002 0.9055118109375 0.127749753125 0.8917322828125 0.10215920468749999 0.8503937015625 0.0608206203125 0.8228346453125001 0.037198571875 0.7426440125 0.0017655031250000002 0.5358267718749999 0.0017655031250000002 0.5137795281249999 0.0096395171875 0.4803149609375 0.0096395171875 0.46614173281250004 0.0017655031250000002 0.20275590625 0.0017655031250000002 0.092519684375 0.0470410921875 0 0.13011999531250001 0 0.8217939828124999 0.08858267656249999 0.8915292812500001 0.1771653546875 0.9249938484375001 0.210629921875 0.9505844 0.236220471875 0.9525529031250001 0.279527559375 0.92893085625 0.28740157499999996 0.9584584171874999 0.301181103125 0.9683009359374999 0.3307086609375 0.9742064484374999 0.37204724375 0.9958599890625001 0.4448818890625 0.999796996875 0.5314960625 0.97814345625 0.612204725 0.970269440625 0.6555118109375 0.9446788890625 0.726377953125 0.9348363687499999 0.8129921265625001 0.8954662890625 0.8602362203125 0.8600332203125 0.8897637796875 0.8482221953125 0.9744094484374999 0.77538755 1 0.7276185203125001 1 0.5100332203125 0.9940944875 0.4958599890625 1 0.4887733765625 1 0.2399544796875
19 0.94453125 0.7234375 0.110546875 0.159375
19 0.48984375 0.78203125 0.1232421875 0.0951171875
19 0.55 0.64765625 0.09375 0.0923828125
19 0.74921875 0.71796875 0.0859375 0.1859375
19 0.30859375 0.740625 0.140625 0.190234375
19 0.4140625 0.5484375 0.1279296875 0.115234375
19 0.5015625 0.46953125 0.065625 0.0763671875
19 0.15390625 0.63203125 0.095703125 0.076953125
19 0.12265625 0.5421875 0.1296875 0.1375
19 0.06796875 0.45546875 0.115625 0.1328125
19 0.18828125 0.41328125 0.076171875 0.0859375
19 0.13203125 0.31328125 0.1142578125 0.0859375
19 0.42265625 0.378125 0.1578125 0.1279296875
19 0.24375 0.190625 0.05625 0.053125
19 0.29609375 0.13046875 0.203125 0.1125
19 0.44375 0.2421875 0.0595703125 0.0841796875
19 0.50390625 0.13671875 0.0705078125 0.034375
19 0.60703125 0.13203125 0.075 0.0548828125
19 0.63125 0.3390625 0.0873046875 0.078125
19 0.8203125 0.3875 0.152734375 0.1748046875
19 0.91640625 0.32265625 0.090625 0.0484375
19 0.94375 0.48046875 0.0873046875 0.0611328125
19 0.76953125 0.53203125 0.0955078125 0.065625