15 1 0.1875 0.908203125 0.115234375 0.8203125 0.08203125 0.787109375 0.056640625 0.76171875 0.0546875 0.71875 0.078125 0.7109375 0.048828125 0.697265625 0.0390625 0.66796875 0.033203125 0.626953125 0.01171875 0.5546875 0.0078125 0.46875 0.029296875 0.388671875 0.037109375 0.345703125 0.0625 0.275390625 0.072265625 0.189453125 0.111328125 0.142578125 0.146484375 0.11328125 0.158203125 0.029296875 0.23046875 0 0.28515625 0 0.484375 0.009765625 0.5078125 0 0.51953125 0 0.75390625 0.0234375 0.80078125 0.09765625 0.873046875 0.111328125 0.8984375 0.15234375 0.939453125 0.1796875 0.962890625 0.263671875 1 0.458984375 1 0.486328125 0.990234375 0.51953125 0.990234375 0.537109375 1 0.794921875 0.998046875 0.904296875 0.953125 1 0.8671875 1 0.1875
19 0.94296875 0.72265625 0.1140625 0.1578125
19 0.48984375 0.78125 0.121875 0.09375
19 0.55 0.6484375 0.09296875 0.0921875
19 0.74765625 0.71796875 0.08515625 0.184375
19 0.309375 0.740625 0.13984375 0.18828125
19 0.41484375 0.55 0.1265625 0.11328125
19 0.5015625 0.471875 0.065625 0.075
19 0.15703125 0.6328125 0.0953125 0.0765625
19 0.12578125 0.54375 0.128125 0.13671875
19 0.07109375 0.45703125 0.11484375 0.13125
19 0.190625 0.415625 0.075 0.0859375
19 0.13515625 0.31640625 0.1140625 0.08515625
19 0.4234375 0.38125 0.15703125 0.12578125
19 0.24609375 0.1953125 0.05625 0.05234375
19 0.29765625 0.13515625 0.2015625 0.11171875
19 0.44375 0.24609375 0.059375 0.0828125
19 0.50390625 0.14140625 0.0703125 0.034375
19 0.60625 0.13671875 0.07421875 0.0546875
19 0.63046875 0.34296875 0.0859375 0.07734375
19 0.8171875 0.390625 0.15 0.17265625
19 0.91328125 0.32578125 0.08984375 0.04765625
19 0.940625 0.4828125 0.0859375 0.06171875
19 0.7671875 0.53359375 0.0953125 0.06484375