15 1 0.1264799296875 0.840540540625 0.0665205796875 0.7432432437500001 0.040097815625 0.44324324375 0.0096100109375 0.27297297343750004 0.0197726125 0.1540540546875 0.038065295312500004 0.12972972968750002 0.052292937500000004 0.0675675671875 0.0665205796875 0 0.110558521875 0 0.858590525 0.15675675625000002 0.9222116359375001 0.2702702703125 0.9445693593750001 0.30976805937499996 0.9703125 0.3418384390625 0.9703125 0.5891891890625 0.9648945624999999 0.683783784375 0.9526994421874999 0.8135135140624999 0.9242441578125 1 0.857718203125 1 0.1264799296875
1 0.34296875 0.6015625 0.1642578125 0.0970703125
1 0.078125 0.4390625 0.15625 0.103125
1 0.3 0.353125 0.156640625 0.106640625
1 0.41875 0.47578125 0.1310546875 0.075
1 0.79921875 0.54921875 0.1169921875 0.0734375
1 0.9203125 0.39453125 0.159375 0.1513671875
1 0.6359375 0.33515625 0.102734375 0.123828125
1 0.1796875 0.19609375 0.102734375 0.0580078125
1 0.36484375 0.16796875 0.1669921875 0.0828125
1 0.728125 0.171875 0.0779296875 0.0720703125
2 0.14296875 0.56875 0.2046875 0.127734375
2 0.1421875 0.3296875 0.1529296875 0.090625
2 0.0328125 0.22421875 0.0654296875 0.0830078125
2 0.6234375 0.63671875 0.233984375 0.1357421875
2 0.95234375 0.5890625 0.0951171875 0.06875
2 0.4578125 0.3703125 0.152734375 0.08125
2 0.70625 0.36640625 0.0998046875 0.0984375
2 0.840625 0.209375 0.156640625 0.0654296875
2 0.4421875 0.1296875 0.0998046875 0.078515625
2 0.38984375 0.228125 0.196875 0.06796875