15 1 0.166015625 0.8229166671874999 0.099609375 0.7291666671875 0.07421875 0.4401041671875 0.044921875 0.2760416671875 0.0546875 0.1614583328125 0.072265625 0.1380208328125 0.0859375 0.078125 0.099609375 0 0.150390625 0 0.85546875 0.1640625 0.921875 0.2734375 0.943359375 0.3125 0.96875 0.5807291671875 0.962890625 0.671875 0.951171875 0.796875 0.923828125 1 0.8515625 1 0.166015625
1 0.34375 0.61328125 0.159375 0.09375
1 0.0859375 0.45859375 0.159375 0.09921875
1 0.3015625 0.37421875 0.15078125 0.10234375
1 0.41640625 0.4921875 0.12578125 0.071875
1 0.7828125 0.56328125 0.1125 0.0703125
1 0.90703125 0.41484375 0.16328125 0.14296875
1 0.62578125 0.3578125 0.0984375 0.11875
1 0.1859375 0.22421875 0.0984375 0.05625
1 0.3640625 0.196875 0.16015625 0.0796875
1 0.71484375 0.20078125 0.07421875 0.0703125
2 0.15078125 0.58125 0.196875 0.12265625
2 0.15 0.3515625 0.146875 0.08671875
2 0.03828125 0.2515625 0.07578125 0.07890625
2 0.61328125 0.646875 0.22421875 0.1296875
2 0.94296875 0.603125 0.1140625 0.0671875
2 0.45390625 0.390625 0.14609375 0.078125
2 0.69375 0.38671875 0.0953125 0.09453125
2 0.8234375 0.2359375 0.15234375 0.0625
2 0.4390625 0.159375 0.0953125 0.0765625
2 0.3890625 0.2546875 0.18984375 0.0640625