15 1 0.16692708437499998 0.8166666671874999 0.098177084375 0.7166666671875 0.07109375 0.40833333281249995 0.03984375 0.23333333281250002 0.050260417187499996 0.1111111109375 0.06901041718749999 0.0861111109375 0.08359375 0.022222221875 0.098177084375 0 0.112621528125 0 0.9291625328125 0.11388888906250001 0.9752604171874999 0.23055555625 0.9981770828125001 0.233360040625 1 0.6853174609375 1 0.7888888890625 0.97734375 1 0.9022369125 1 0.16692708437499998
1 0.30546875 0.64609375 0.169921875 0.1
1 0.05703125 0.48046875 0.1140625 0.10625
1 0.2609375 0.39140625 0.159765625 0.109375
1 0.3828125 0.51640625 0.1341796875 0.0765625
1 0.77421875 0.5921875 0.1201171875 0.075
1 0.90625 0.434375 0.1748046875 0.1529296875
1 0.60625 0.3734375 0.105859375 0.1279296875
1 0.1375 0.23046875 0.105859375 0.0607421875
1 0.32734375 0.2015625 0.1705078125 0.0845703125
1 0.7015625 0.20546875 0.078515625 0.075
2 0.1015625 0.61171875 0.203125 0.13125
2 0.09921875 0.3671875 0.15625 0.093359375
2 0.009375 0.25859375 0.01875 0.0859375
2 0.59296875 0.68203125 0.2390625 0.1388671875
2 0.94140625 0.63359375 0.1169921875 0.0705078125
2 0.4234375 0.40859375 0.15625 0.0830078125
2 0.67890625 0.4046875 0.1015625 0.1001953125
2 0.8171875 0.24375 0.1625 0.0658203125
2 0.40703125 0.16171875 0.1015625 0.0826171875
2 0.35390625 0.26328125 0.2017578125 0.06875