15 0.353515625 0.6627565984375 0.34765625 0.741935484375 0.353515625 0.797653959375 0.3828125 0.8240469203125 0.40234375 0.8709677421875 0.4375 0.9002932546875 0.51953125 0.9354838703125001 0.609375 0.9472140765624999 0.650390625 0.9472140765624999 0.7109375 0.9149560125 0.8359375 0.8064516125000001 0.87109375 0.6686217015625 0.859375 0.5161290328125 0.810546875 0.4398826984375 0.740234375 0.3988269796875 0.69140625 0.3929618765625 0.5 0.4692082109375 0.4140625 0.5395894421875 0.353515625 0.6627565984375
19 0.76875 0.60078125 0.04140625 0.04296875
19 0.58359375 0.5421875 0.1125 0.04921875
19 0.5359375 0.60703125 0.0578125 0.08359375
19 0.4609375 0.66796875 0.071875 0.0671875
19 0.45546875 0.7453125 0.04609375 0.05234375
19 0.53515625 0.825 0.06171875 0.05
19 0.53984375 0.69375 0.0421875 0.06328125
19 0.6 0.70546875 0.04375 0.04453125
19 0.65546875 0.5984375 0.04296875 0.053125
19 0.65390625 0.6734375 0.04765625 0.053125
19 0.64453125 0.7609375 0.0546875 0.0578125
19 0.5890625 0.80234375 0.0421875 0.04453125
19 0.7265625 0.77109375 0.07265625 0.06015625
19 0.68359375 0.7234375 0.02265625 0.06875
19 0.6828125 0.64921875 0.0484375 0.05390625
19 0.75078125 0.67734375 0.05625 0.07109375
2 0.48671875 0.7953125 0.0640625 0.059375
2 0.66484375 0.47578125 0.04921875 0.05
0 0.69453125 0.53515625 0.0640625 0.07265625
0 0.47109375 0.5828125 0.0625 0.0578125
0 0.39765625 0.71640625 0.0171875 0.07109375
0 0.546875 0.74609375 0.05078125 0.0390625
0 0.56171875 0.78671875 0.0390625 0.0359375
0 0.70625 0.73984375 0.0375 0.025
0 0.59453125 0.64765625 0.03359375 0.0625
0 0.5984375 0.503125 0.03984375 0.028125
0 0.74765625 0.56171875 0.0671875 0.0765625