15 0.36189083125 0.8610590859375 0.4169569109375 0.9471518015625 0.49625206562499996 0.9935094171875001 0.5242368171875 0.996875 0.55948420625 0.996875 0.7671771749999999 0.9140392187499999 0.864093475 0.8345690187500001 0.9323754140625 0.695496171875 0.9375 0.6261615265625 0.9375 0.5919693374999999 0.9323754140625 0.543178290625 0.899335765625 0.5133769671875 0.877309334375 0.460396834375 0.83766175625 0.42728425156250005 0.79140625 0.4074167015625 0.5354991625000001 0.4074167015625 0.5292917125 0.41072795937500006 0.38832255 0.5332445156250001 0.3486749734375 0.6888736546875001 0.36189083125 0.8610590859375
19 0.8234375 0.6421875 0.046875 0.04765625
19 0.6140625 0.57578125 0.127734375 0.0548828125
19 0.5609375 0.64921875 0.0654296875 0.0951171875
19 0.47578125 0.7171875 0.08125 0.0751953125
19 0.46953125 0.8046875 0.0515625 0.059375
19 0.559375 0.8953125 0.0689453125 0.05625
19 0.56484375 0.746875 0.0482421875 0.0716796875
19 0.6328125 0.76015625 0.0498046875 0.05
19 0.69453125 0.6390625 0.0484375 0.059765625
19 0.69375 0.72421875 0.053515625 0.060546875
19 0.6828125 0.82265625 0.0623046875 0.065625
19 0.6203125 0.8703125 0.0470703125 0.05
19 0.775 0.834375 0.0814453125 0.0685546875
19 0.7265625 0.78046875 0.025 0.0767578125
19 0.72578125 0.69609375 0.0544921875 0.0609375
19 0.80234375 0.728125 0.0638671875 0.0810546875
2 0.5046875 0.86171875 0.071875 0.0669921875
2 0.70546875 0.50078125 0.055078125 0.05625
0 0.7390625 0.56796875 0.071875 0.082421875
0 0.48671875 0.621875 0.0703125 0.065625
0 0.4046875 0.771875 0.01875 0.080859375
0 0.57265625 0.80546875 0.0576171875 0.0451171875
0 0.58984375 0.85234375 0.04375 0.040625
0 0.75234375 0.79921875 0.0421875 0.029296875
0 0.6265625 0.69453125 0.0376953125 0.0703125
0 0.63125 0.53203125 0.044140625 0.03125
0 0.79921875 0.5984375 0.0763671875 0.0873046875