15 0.3238217234375 0.6140962578125 0.3299692640625 0.697429590625 0.39349385468750003 0.8270592203125 0.48365778906249995 0.9011332937500001 0.6763312265625 0.978125 0.7114930312500001 0.978125 0.73570696875 0.9752073703124999 0.8094774609375 0.9319974921874999 0.86070696875 0.851750578125 0.871875 0.705968715625 0.871875 0.6868243015625 0.8361168046874999 0.5461950234375 0.7049692640624999 0.43199749218749994 0.6414446734375 0.398046875 0.5984118875 0.398046875 0.5041495921875 0.41039255468749997 0.41808401875 0.447429590625 0.381198771875 0.4782937875 0.36070696875 0.5276765046875 0.3299692640625 0.5554542828125 0.3238217234375 0.6140962578125
19 0.765625 0.61640625 0.04375 0.0453125
19 0.57109375 0.55546875 0.1173828125 0.0515625
19 0.521875 0.6234375 0.0595703125 0.0876953125
19 0.4421875 0.6875 0.0751953125 0.0716796875
19 0.4375 0.76875 0.049609375 0.0560546875
19 0.5203125 0.853125 0.0654296875 0.0529296875
19 0.525 0.71484375 0.044140625 0.066796875
19 0.58828125 0.72734375 0.0455078125 0.046875
19 0.64609375 0.6140625 0.0453125 0.05625
19 0.6453125 0.69375 0.05 0.0560546875
19 0.63515625 0.7859375 0.057421875 0.06015625
19 0.5765625 0.8296875 0.044140625 0.046875
19 0.72109375 0.79609375 0.0763671875 0.0638671875
19 0.67578125 0.74609375 0.0234375 0.071875
19 0.675 0.66796875 0.0501953125 0.0576171875
19 0.746875 0.696875 0.059375 0.075
2 0.46953125 0.821875 0.0671875 0.0625
2 0.65625 0.48515625 0.050390625 0.0517578125
0 0.6875 0.54765625 0.068359375 0.0765625
0 0.453125 0.59765625 0.065625 0.0609375
0 0.3765625 0.73828125 0.0185546875 0.075
0 0.5328125 0.76953125 0.053125 0.0419921875
0 0.5484375 0.81328125 0.040625 0.0375
0 0.7 0.76328125 0.03828125 0.0265625
0 0.5828125 0.66640625 0.0345703125 0.065625
0 0.5875 0.5140625 0.0408203125 0.028515625
0 0.74296875 0.57578125 0.0703125 0.080078125