15 1 0.26953125 0.9088541671874999 0.224609375 0.7109375 0.173828125 0.5104166671875 0.1484375 0.359375 0.146484375 0.2916666671875 0.154296875 0.1380208328125 0.19921875 0.0546875 0.23046875 0 0.265625 0 0.77734375 0.1015625 0.83203125 0.4557291671875 0.890625 0.640625 0.88671875 0.7317708328125 0.875 0.8671875 0.849609375 0.9765625 0.810546875 1 0.79296875 1 0.26953125
15 0.5130208328125 0 0.6223958328125 0.02734375 0.7265625 0.03515625 0.8515625 0.037109375 0.9270833328125001 0.029296875 0.9895833328125001 0.013671875 0.9869791671874999 0 0.5130208328125 0
13 0.5796875 0.25390625 0.13828125 0.075
13 0.671875 0.3703125 0.165625 0.07109375
13 0.8390625 0.36484375 0.140625 0.06640625
13 0.684375 0.525 0.184375 0.10078125
13 0.67265625 0.6609375 0.209375 0.11484375
13 0.44375 0.55703125 0.09296875 0.07578125
13 0.48046875 0.41953125 0.15078125 0.08203125
13 0.40859375 0.35859375 0.1296875 0.03125
13 0.1421875 0.6078125 0.1265625 0.08671875
13 0.22421875 0.42578125 0.1453125 0.0703125
13 0.11953125 0.33671875 0.15625 0.06875
13 0.33515625 0.26953125 0.1578125 0.07734375
0 0.3046875 0.33125 0.0890625 0.04609375
0 0.3015625 0.453125 0.11953125 0.09140625
0 0.85 0.61953125 0.1953125 0.0890625
0 0.2890625 0.565625 0.0734375 0.025
0 0.55625 0.59765625 0.08359375 0.03515625
0 0.49140625 0.33828125 0.0546875 0.08046875
0 0.5875 0.32890625 0.1125 0.0140625