15 1 0.09172349375 0.9298780484375 0.066603353125 0.7713414640625 0.0367868390625 0.664634146875 0.023025371875 0.44817073125 0.018438215625 0.0335365859375 0.0872455546875 0 0.1053589421875 0 0.8016950953125 0.0762195125 0.830364821875 0.25609756093749997 0.8831171140625 0.3074671328125 0.8890625 0.5195594671875 0.8890625 0.74695121875 0.8601813343750001 0.9786585359375 0.8005483078125 1 0.78999785 1 0.09172349375
13 0.59375 0.14453125 0.1625 0.0875
13 0.7015625 0.28125 0.19375 0.081640625
13 0.896875 0.275 0.165234375 0.078125
13 0.715625 0.4625 0.215625 0.1185546875
13 0.7015625 0.62265625 0.2439453125 0.1357421875
13 0.434375 0.50078125 0.108984375 0.0890625
13 0.47734375 0.3390625 0.1765625 0.0966796875
13 0.39296875 0.2671875 0.1515625 0.034765625
13 0.08125 0.56015625 0.1470703125 0.1017578125
13 0.17734375 0.34609375 0.1703125 0.0828125
13 0.071875 0.23984375 0.1435546875 0.0798828125
13 0.30703125 0.1625 0.184375 0.0908203125
0 0.271875 0.23515625 0.1033203125 0.0544921875
0 0.26796875 0.37890625 0.139453125 0.107421875
0 0.89609375 0.5734375 0.2076171875 0.1060546875
0 0.253125 0.5109375 0.087109375 0.0283203125
0 0.56640625 0.54765625 0.0982421875 0.0419921875
0 0.48984375 0.24375 0.0640625 0.094140625
0 0.60234375 0.23203125 0.1326171875 0.0169921875