15 1 0.2402779609375 0.9367816093749999 0.21667281093750002 0.7672413796875001 0.1673165890625 0.6925287359375 0.158732896875 0.52586206875 0.1608788203125 0.3045977015625 0.188775815625 0.08620689687500001 0.24456980781249998 0 0.2868751421875 0 0.87976294375 0.011494253125 0.8883466328124999 0.1321839078125 0.9312650874999999 0.2816091953125 0.95916208125 0.3821839078125 0.9720376203125 0.523007628125 0.975 0.5942774140625 0.975 0.9770114937500001 0.9119517828125 1 0.8996264828125 1 0.2402779609375
15 0.486355065625 0 0.5975484921875001 0.02767905 0.7124910203125 0.036262740625 0.7920169078125 0.0375 0.8592436687499999 0.0375 0.9337553875 0.029824973437500003 0.9984375 0.013723846875000001 0.9984375 0 0.486355065625 0
13 0.55078125 0.27734375 0.153125 0.0826171875
13 0.65234375 0.4046875 0.1828125 0.078125
13 0.83671875 0.39921875 0.1546875 0.0732421875
13 0.665625 0.57421875 0.203125 0.1109375
13 0.653125 0.72421875 0.2310546875 0.1265625
13 0.40078125 0.61015625 0.1017578125 0.0830078125
13 0.440625 0.459375 0.1658203125 0.0904296875
13 0.36171875 0.39140625 0.1423828125 0.0330078125
13 0.06875 0.6640625 0.1375 0.096875
13 0.15859375 0.465625 0.1607421875 0.0779296875
13 0.06328125 0.365625 0.1265625 0.075
13 0.28125 0.29375 0.1748046875 0.0845703125
0 0.24765625 0.36171875 0.0982421875 0.05
0 0.24375 0.49609375 0.13125 0.1
0 0.84921875 0.67890625 0.2142578125 0.0982421875
0 0.2296875 0.61953125 0.080859375 0.026953125
0 0.525 0.65390625 0.09296875 0.038671875
0 0.453125 0.36953125 0.0595703125 0.0888671875
0 0.55859375 0.359375 0.1236328125 0.015625