15 0.5 0.5 1 1
7 0.4359375 0.82578125 0.8716796875 0.3484375
7 0.10625 0.24453125 0.2125 0.4390625
7 0.83828125 0.51171875 0.3232421875 0.2548828125
7 0.390625 0.065625 0.368359375 0.1310546875
7 0.7890625 0.11015625 0.372265625 0.19375
7 0.97734375 0.25390625 0.0453125 0.1921875
17 0.17578125 0.56796875 0.3515625 0.3234375
17 0.3421875 0.28046875 0.384375 0.2576171875
17 0.78203125 0.265625 0.3826171875 0.2466796875
17 0.88046875 0.70078125 0.2388671875 0.2142578125
17 0.0578125 0.028125 0.115625 0.05625