15 1 0.486328125 0.9453125 0.44140625 0.810546875 0.36328125 0.580078125 0.29296875 0.462890625 0.2890625 0.380859375 0.302734375 0.2890625 0.33203125 0.1640625 0.388671875 0.08203125 0.4453125 0.001953125 0.5390625 0 0.59765625 0.01171875 0.61328125 0 0.64453125 0 0.84765625 0.0078125 0.875 0.033203125 0.91015625 0.046875 0.962890625 0.072265625 1 0.900390625 1 1 0.900390625 1 0.654296875 0.994140625 0.623046875 1 0.6015625 1 0.486328125
0 0.228125 0.64609375 0.2078125 0.15859375
0 0.321875 0.38828125 0.15234375 0.10234375
0 0.42109375 0.53671875 0.1421875 0.12734375
0 0.78203125 0.48203125 0.15234375 0.090625
0 0.74140625 0.58828125 0.13671875 0.125
0 0.8421875 0.7203125 0.25078125 0.08984375
0 0.44140625 0.9078125 0.21875 0.15234375
2 0.34375 0.91875 0.13984375 0.12734375
2 0.18046875 0.71953125 0.16875 0.12734375
2 0.30078125 0.47265625 0.13203125 0.08125
2 0.61953125 0.4453125 0.16171875 0.1296875
2 0.4703125 0.675 0.1546875 0.1328125
2 0.8515625 0.55625 0.13515625 0.11328125
0 0.5625 0.64765625 0.0703125 0.07890625
0 0.48515625 0.60859375 0.0453125 0.084375
0 0.109375 0.64453125 0.078125 0.09921875