15 1 0.5540567453125 0.9224489796875 0.46326530625 0.8367346937500001 0.4040816328125 0.7061224484374999 0.344897959375 0.61020408125 0.3142857140625 0.5244897953125001 0.3 0.40204081562500005 0.3040816328125 0.1612244890625 0.3775510203125 0.0204081625 0.4591836734375 0 0.47594752187499995 0 0.9755102046875 0.0244897953125 1 0.960241875 1 0.9734693875 0.9489795921875 1 0.9122448984375 1 0.6496598625 0.9959183671874999 0.6387755109375 1 0.6333333328124999 1 0.5540567453125
0 0.23046875 0.6734375 0.2171875 0.165625
0 0.328125 0.403125 0.159375 0.106640625
0 0.43125 0.559375 0.149609375 0.131640625
0 0.80859375 0.5015625 0.159375 0.096484375
0 0.76640625 0.6125 0.1421875 0.13125
0 0.86953125 0.74921875 0.2609375 0.09375
0 0.453125 0.9328125 0.2283203125 0.134375
2 0.35 0.94609375 0.1439453125 0.1078125
2 0.18046875 0.74921875 0.1765625 0.1328125
2 0.30625 0.4921875 0.1376953125 0.0845703125
2 0.6390625 0.46328125 0.16875 0.1359375
2 0.48359375 0.703125 0.1609375 0.137890625
2 0.88125 0.57890625 0.1408203125 0.1173828125
0 0.5796875 0.675 0.072265625 0.081640625
0 0.4984375 0.634375 0.046875 0.0875
0 0.10546875 0.671875 0.082421875 0.103515625