15 1 0.40276622812499996 0.984978540625 0.3904271734375 0.8369098718749999 0.3045902625 0.5836909875 0.22733704375000002 0.454935621875 0.2230451984375 0.3648068671875 0.2380666578125 0.2639484984375 0.27025549843749996 0.1266094421875 0.3324872578125 0.0364806859375 0.39471901875 0 0.43742811406250004 0 0.96652489375 0.021834940625 0.9984375 0.9413458953125 0.9984375 1 0.9397833953125 1 0.40276622812499996
0 0.196875 0.615625 0.2283203125 0.1748046875
0 0.3 0.33203125 0.168359375 0.1125
0 0.40859375 0.4953125 0.15625 0.140234375
0 0.80546875 0.43515625 0.1671875 0.1
0 0.7609375 0.5515625 0.15 0.1375
0 0.865625 0.6953125 0.2685546875 0.097265625
0 0.43203125 0.903125 0.2392578125 0.1685546875
2 0.32421875 0.915625 0.1544921875 0.1404296875
2 0.14453125 0.69609375 0.1857421875 0.1392578125
2 0.2765625 0.425 0.146484375 0.087890625
2 0.6265625 0.39453125 0.1779296875 0.1423828125
2 0.46328125 0.646875 0.1701171875 0.1466796875
2 0.88203125 0.51640625 0.1484375 0.1236328125
0 0.56484375 0.6171875 0.076953125 0.087109375
0 0.4796875 0.57421875 0.049609375 0.0921875
0 0.06640625 0.6140625 0.0859375 0.109375