15 0 0 0 0.9450672640625 0.087443946875 0.9887892375 0.132946453125 1 0.8768310921875001 1 0.9506726453125 0.9708520171874999 1 0.9635442624999999 1 0 0 0
11 0.06640625 0.41953125 0.09375 0.0484375
11 0.140625 0.5046875 0.062890625 0.04375
11 0.31015625 0.5828125 0.0861328125 0.075
11 0.76640625 0.596875 0.11875 0.1091796875
11 0.7515625 0.4375 0.0783203125 0.065625
11 0.91640625 0.56328125 0.0482421875 0.0517578125
11 0.53359375 0.67421875 0.0015625 0.0013671875
11 0.93671875 0.38125 0.1265625 0.0375
9 0.6890625 0.7296875 0.3125 0.103515625
9 0.05234375 0.521875 0.1046875 0.14375
9 0.42734375 0.50390625 0.1138671875 0.1046875
9 0.6421875 0.503125 0.1345703125 0.1435546875
9 0.85078125 0.4484375 0.208203125 0.128515625
9 0.84375 0.315625 0.3125 0.084375
9 0.45234375 0.696875 0.14375 0.180859375
0 0.4984375 0.5875 0.0935546875 0.068359375
0 0.5203125 0.3171875 0.27890625 0.25859375
13 0.959375 0.50078125 0.0810546875 0.1419921875
13 0.221875 0.315625 0.1345703125 0.078125
13 0.040625 0.2578125 0.0810546875 0.077734375
13 0.215625 0.16953125 0.0908203125 0.0609375
13 0.28671875 0.2296875 0.090625 0.046484375
13 0.478125 0.1609375 0.075390625 0.0625
13 0.58828125 0.18984375 0.1111328125 0.0482421875
13 0.65390625 0.0984375 0.1515625 0.081640625
13 0.740625 0.20859375 0.128125 0.0640625
13 0.8703125 0.19375 0.0748046875 0.0470703125
13 0.95390625 0.24921875 0.0921875 0.054296875
9 0.9078125 0.609375 0.152734375 0.0908203125
9 0.12109375 0.403125 0.057421875 0.1