15 0.96875 1 0.99609375 0.986328125 1 0.154296875 0.921875 0.125 0.869140625 0.1171875 0.720703125 0.05859375 0.623046875 0.046875 0.4453125 0.046875 0.40625 0.029296875 0.37109375 0.02734375 0.251953125 0.068359375 0.1171875 0.1015625 0 0.16015625 0 0.9765625 0.029296875 0.982421875 0.056640625 1 0.96875 1
11 0.0984375 0.45703125 0.08125 0.0421875
11 0.16328125 0.53125 0.05546875 0.03828125
11 0.31171875 0.59921875 0.075 0.065625
11 0.70859375 0.61171875 0.103125 0.09453125
11 0.69609375 0.47265625 0.06875 0.05703125
11 0.8390625 0.58203125 0.04140625 0.0453125
11 0.50546875 0.67890625 0.0015625 0.00078125
11 0.9015625 0.4265625 0.19609375 0.0328125
9 0.640625 0.72734375 0.271875 0.090625
9 0.08671875 0.5484375 0.0953125 0.125
9 0.41328125 0.53125 0.09921875 0.09140625
9 0.6 0.53046875 0.1171875 0.12421875
9 0.78203125 0.48203125 0.18203125 0.1125
9 0.7765625 0.36796875 0.2703125 0.0734375
9 0.43515625 0.6984375 0.125 0.15625
0 0.475 0.603125 0.08125 0.05859375
0 0.49375 0.36796875 0.24296875 0.225
13 0.89765625 0.5296875 0.10859375 0.12265625
13 0.959375 0.50546875 0.08046875 0.07109375
13 0.234375 0.36640625 0.11796875 0.06796875
13 0.06953125 0.3171875 0.0875 0.06484375
13 0.22890625 0.23984375 0.0796875 0.053125
13 0.290625 0.2921875 0.07890625 0.03984375
13 0.4578125 0.23203125 0.065625 0.0546875
13 0.55390625 0.25703125 0.096875 0.04140625
13 0.61015625 0.17734375 0.13203125 0.071875
13 0.6859375 0.2734375 0.11171875 0.05625
13 0.79921875 0.2609375 0.0640625 0.04140625
13 0.87421875 0.309375 0.08203125 0.046875
9 0.83125 0.62265625 0.13203125 0.0796875
9 0.14609375 0.44296875 0.04921875 0.0875