15 0.014533521875 0 0 0.009342976562499999 0 0.92299578125 0.08649789062499999 0.9662447249999999 0.223504590625 1 0.7704641343749999 1 0.8987341765625001 0.9493670890624999 0.955696203125 0.9409282703124999 1 0.9243143453125 1 0 0.014533521875 0
11 0.06640625 0.41796875 0.0875 0.0453125
11 0.13671875 0.49765625 0.0607421875 0.0419921875
11 0.29609375 0.57109375 0.08125 0.0703125
11 0.72578125 0.584375 0.111328125 0.10078125
11 0.71171875 0.43515625 0.0736328125 0.0611328125
11 0.86640625 0.553125 0.0451171875 0.0498046875
11 0.50625 0.65703125 0.00078125 0.001171875
11 0.91328125 0.3828125 0.1732421875 0.034765625
9 0.65234375 0.71015625 0.29375 0.098046875
9 0.053125 0.51640625 0.103125 0.134375
9 0.40625 0.49765625 0.1064453125 0.0984375
9 0.60859375 0.496875 0.1267578125 0.134375
9 0.8046875 0.44453125 0.196484375 0.120703125
9 0.79921875 0.321875 0.2921875 0.0783203125
9 0.43046875 0.67890625 0.1357421875 0.16875
0 0.47265625 0.57578125 0.0875 0.0638671875
0 0.49375 0.32109375 0.2625 0.2423828125
13 0.9296875 0.49609375 0.11640625 0.132421875
13 0.97578125 0.46796875 0.0484375 0.0763671875
13 0.21328125 0.3203125 0.1267578125 0.072265625
13 0.03984375 0.265625 0.0796875 0.071875
13 0.20703125 0.1828125 0.0859375 0.0564453125
13 0.2734375 0.23984375 0.0845703125 0.0423828125
13 0.45390625 0.175 0.0705078125 0.059375
13 0.5578125 0.20234375 0.103515625 0.0451171875
13 0.61953125 0.115625 0.1423828125 0.0779296875
13 0.70078125 0.21953125 0.1203125 0.060546875
13 0.8234375 0.20546875 0.0689453125 0.0451171875
13 0.9046875 0.25859375 0.090234375 0.05
9 0.85859375 0.59609375 0.1421875 0.0859375
9 0.11796875 0.40234375 0.053125 0.0951171875