15 0.314453125 0.2838541671875 0.173828125 0.3307291671875 0.083984375 0.3802083328125 0.03125 0.4401041671875 0.029296875 0.4583333328125 0.03125 0.5520833328125 0.056640625 0.65625 0.09375 0.7239583328125 0.18359375 0.828125 0.361328125 0.90625 0.478515625 0.9114583328125001 0.599609375 0.8984375 0.8125 0.8359375 0.892578125 0.7890625 0.9453125 0.7083333328125 0.97265625 0.6223958328125 0.978515625 0.4947916671875 0.955078125 0.421875 0.888671875 0.3489583328125 0.8046875 0.2916666671875 0.708984375 0.2552083328125 0.658203125 0.25 0.609375 0.23177083281250002 0.5703125 0.23177083281250002 0.435546875 0.25 0.3671875 0.2760416671875 0.314453125 0.2838541671875
1 0.3890625 0.70078125 0.05625 0.0859375
1 0.365625 0.515625 0.07421875 0.078125
1 0.1921875 0.6203125 0.06875 0.07890625
1 0.55703125 0.58125 0.10859375 0.0765625
1 0.4265625 0.509375 0.04921875 0.0578125
1 0.77734375 0.53671875 0.08671875 0.09453125
1 0.678125 0.3796875 0.10625 0.078125
1 0.371875 0.403125 0.0796875 0.09375
1 0.4984375 0.39921875 0.0578125 0.05390625
1 0.4984375 0.6875 0.04921875 0.06171875
1 0.315625 0.53984375 0.0578125 0.04609375