15 0.9328442593749999 0.408118665625 0.8393483234374999 0.30001055781249997 0.6543889734375 0.2189294765625 0.532437753125 0.2135240703125 0.4064214953125 0.22703758437500002 0.184876778125 0.2919024484375 0.1015434453125 0.34055109687499996 0.0466653953125 0.42433488124999996 0.0182101109375 0.5135240703124999 0.014145070312499999 0.601812359375 0.014145070312499999 0.652262809375 0.03650279375 0.7216321781249999 0.10560848437499999 0.7973078546875 0.193006859375 0.8567673140625001 0.29260035625 0.8946051531249999 0.3454458828125 0.90001055625 0.3873836296875 0.915625 0.461405025 0.915625 0.5771531999999999 0.90001055625 0.6482914125 0.8729835296875 0.7031694609375 0.864875421875 0.8495109234375 0.8162267734374999 0.9430068593750001 0.764875421875 0.9978849078125 0.7027132609375 0.9999174296875 0.6837943421875 0.9978849078125 0.5864970453125 0.97146214375 0.478388934375 0.9328442593749999 0.408118665625
1 0.3890625 0.7 0.0591796875 0.087890625
1 0.3640625 0.5078125 0.0779296875 0.0810546875
1 0.18359375 0.61640625 0.071875 0.0826171875
1 0.56328125 0.57578125 0.1138671875 0.0794921875
1 0.42734375 0.5015625 0.0515625 0.059375
1 0.79296875 0.53046875 0.090625 0.0984375
1 0.68984375 0.3671875 0.110546875 0.080859375
1 0.3703125 0.39140625 0.083984375 0.096875
1 0.50234375 0.3875 0.0607421875 0.0560546875
1 0.50234375 0.68671875 0.0515625 0.0640625
1 0.3125 0.5328125 0.0595703125 0.0470703125