15 0.192 0.8562167546874999 0.29 0.8934507984375 0.34199999999999997 0.898769946875 0.39146428437499997 0.9171875 0.4334785765625 0.9171875 0.5700000000000001 0.898769946875 0.64 0.8721742015625 0.6940000000000001 0.864195478125 0.8380000000000001 0.8163231390625001 0.93 0.7657912234375 0.984 0.7046210109375 0.9859375 0.6865857703125 0.9859375 0.6830119671875 0.984 0.5902593078125 0.958 0.48387632968750005 0.9199999999999999 0.41472739374999995 0.828 0.30834441562500003 0.646 0.22855718125000002 0.5305000140625 0.2234375 0.52413999375 0.2234375 0.40199999999999997 0.23653590468750002 0.184 0.30036569218750003 0.10200000000000001 0.34823803125 0.048 0.430684840625 0.02 0.5184507984375 0.0140625 0.64741245625 0.0140625 0.6489638734375001 0.038 0.72323803125 0.10600000000000001 0.7977061171875001 0.192 0.8562167546874999
1 0.3828125 0.70234375 0.058984375 0.0875
1 0.3578125 0.51328125 0.0751953125 0.0796875
1 0.18125 0.61953125 0.069140625 0.0798828125
1 0.55390625 0.58046875 0.1109375 0.078125
1 0.42109375 0.50703125 0.051171875 0.058203125
1 0.78046875 0.53515625 0.0890625 0.096875
1 0.67890625 0.375 0.1080078125 0.080859375
1 0.36484375 0.3984375 0.08125 0.09609375
1 0.49375 0.39453125 0.059375 0.0546875
1 0.49453125 0.6890625 0.0513671875 0.0625
1 0.30703125 0.5375 0.059375 0.046875