15 0 0.771484375 0.080078125 0.814453125 0.19140625 0.85546875 0.30078125 0.87890625 0.3828125 0.8828125 0.400390625 0.890625 0.4453125 0.890625 0.470703125 0.869140625 0.611328125 0.869140625 0.650390625 0.876953125 0.775390625 0.8671875 0.86328125 0.904296875 0.87890625 0.888671875 0.921875 0.888671875 0.998046875 0.859375 1 0.287109375 0.892578125 0.25 0.822265625 0.236328125 0.791015625 0.21875 0.693359375 0.21875 0.642578125 0.2109375 0.626953125 0.19921875 0.541015625 0.20703125 0.466796875 0.197265625 0.3125 0.21484375 0.201171875 0.236328125 0.06640625 0.275390625 0 0.30859375 0 0.501953125 0.015625 0.517578125 0.017578125 0.5390625 0 0.572265625 0 0.771484375
19 0.49765625 0.234375 0.1234375 0.06640625
19 0.46015625 0.3015625 0.171875 0.06640625
19 0.45 0.38125 0.165625 0.06171875
19 0.403125 0.48671875 0.2078125 0.1015625
19 0.37578125 0.5921875 0.17890625 0.1015625
19 0.1546875 0.57265625 0.17890625 0.09765625
19 0.2484375 0.440625 0.165625 0.0984375
19 0.284375 0.33671875 0.13359375 0.0890625
19 0.30390625 0.25 0.1359375 0.05390625
19 0.1875 0.2890625 0.140625 0.06953125
19 0.08828125 0.3453125 0.1640625 0.08046875
19 0.0625 0.45625 0.125 0.0671875