15 1 0.24617598749999997 0.9186046515624999 0.2161882265625 0.78837209375 0.18828125 0.690697675 0.18363008593750002 0.675 0.1766533421875 0.61353065625 0.1766533421875 0.5860465109375 0.19990915781250002 0.4186046515625 0.19990915781250002 0.3720930234375 0.1906068328125 0.2232558140625 0.20223473749999998 0.1626682984375 0.1766533421875 0.1 0.1766533421875 0.048837209375 0.1766533421875 0 0.1954368859375 0 0.90819668125 0.0837209296875 0.9371184578125 0.1674418609375 0.9533975296874999 0.20465116249999998 0.9743277609375 0.3209302328125 0.9743277609375 0.3813953484375 0.9836300874999999 0.4 0.9975835765625 0.50232558125 0.98828125 0.590697675 0.9999091578125 0.7744186046875 0.9789789234375 0.9069767437499999 0.9533975296874999 1 0.9264342671874999 1 0.24617598749999997
19 0.44609375 0.22109375 0.146875 0.0794921875
19 0.4015625 0.30078125 0.203515625 0.0794921875
19 0.3890625 0.39609375 0.1970703125 0.0734375
19 0.33359375 0.52109375 0.2482421875 0.1205078125
19 0.30078125 0.646875 0.213671875 0.11953125
19 0.07109375 0.6234375 0.1421875 0.1158203125
19 0.15 0.46640625 0.1970703125 0.1171875
19 0.1921875 0.34296875 0.159375 0.10625
19 0.215625 0.2390625 0.1623046875 0.065234375
19 0.08046875 0.28515625 0.160546875 0.08125
19 0.028125 0.35234375 0.0560546875 0.0953125