15 1 0.3000481875 0.9256198343750001 0.2601368796875 0.8078512390625001 0.21674845 0.6921487609375 0.1919550625 0.6053719015625 0.18782283125000002 0.586776859375 0.1795583671875 0.5392561984375 0.1795583671875 0.51239669375 0.20228564062499998 0.3636363640625 0.20228564062499998 0.32231405 0.194021178125 0.19008264531250002 0.20435175625 0.0983613796875 0.165625 0.0965779953125 0.165625 0.0805785125 0.18162448281250002 0.0351239671875 0.18162448281250002 0 0.195133703125 0 0.83440435 0.06611570312500001 0.85724431875 0.1404958671875 0.871707128125 0.17355371875 0.8903021687500001 0.2768595046875 0.8903021687500001 0.3305785125 0.8985666328124999 0.3471074375 0.9109633265625 0.4380165296875 0.9026988640625 0.5125051640625 0.9125 0.5211762515625 0.9125 0.679752065625 0.8944344015624999 0.7975206609375001 0.871707128125 0.9400826453125 0.8303848140625 1 0.8004261359375 1 0.5803848140625 0.993801653125 0.5741864671875 0.9917355375 0.55145919375 1 0.5358485421875 1 0.3000481875
19 0.515625 0.2046875 0.1310546875 0.071484375
19 0.4765625 0.27578125 0.181640625 0.0703125
19 0.465625 0.36015625 0.1751953125 0.0642578125
19 0.41640625 0.47109375 0.2203125 0.1078125
19 0.3875 0.5828125 0.1904296875 0.1064453125
19 0.153125 0.5625 0.187890625 0.103125
19 0.253125 0.42265625 0.175 0.1044921875
19 0.290625 0.3125 0.141015625 0.094140625
19 0.31171875 0.22109375 0.14375 0.0576171875
19 0.18828125 0.26171875 0.1484375 0.0734375
19 0.084375 0.3203125 0.16875 0.084375
19 0.06015625 0.43828125 0.1201171875 0.0703125