15 0.5 0.5 1 1
19 0.50390625 0.44140625 0.14296875 0.19140625
19 0.2171875 0.71640625 0.41171875 0.134375
19 0.78984375 0.38359375 0.16875 0.128125
19 0.609375 0.0640625 0.171875 0.07578125
19 0.10234375 0.2421875 0.11328125 0.0453125
19 0.1375 0.3140625 0.0921875 0.0421875
19 0.015625 0.3578125 0.03125 0.06640625
19 0.01953125 0.4546875 0.0390625 0.08125
0 0.70390625 0.790625 0.21328125 0.2
0 0.33515625 0.62734375 0.07421875 0.0640625
0 0.40078125 0.6953125 0.09375 0.0515625
0 0.58671875 0.36328125 0.0953125 0.09609375
0 0.65390625 0.446875 0.1078125 0.075
0 0.65 0.58828125 0.0671875 0.07421875
0 0.1203125 0.43125 0.06640625 0.0765625
0 0.28984375 0.2046875 0.140625 0.10078125
0 0.45703125 0.1953125 0.10078125 0.0546875
0 0.5953125 0.14609375 0.20546875 0.0734375
0 0.6734375 0.2265625 0.075 0.0390625
0 0.6078125 0.04453125 0.2140625 0.0890625