15 0.5 0.5 1 1
19 0.50390625 0.44140625 0.1423828125 0.1919921875
19 0.2171875 0.71640625 0.412109375 0.134375
19 0.78984375 0.38359375 0.16875 0.128125
19 0.609375 0.0640625 0.171875 0.075390625
19 0.10234375 0.2421875 0.1138671875 0.046484375
19 0.1375 0.3140625 0.093359375 0.041015625
19 0.015625 0.3578125 0.03125 0.0658203125
19 0.01953125 0.4546875 0.0390625 0.08125
0 0.70390625 0.790625 0.2138671875 0.2
0 0.33515625 0.62734375 0.0736328125 0.0640625
0 0.40078125 0.6953125 0.09375 0.05234375
0 0.58671875 0.36328125 0.0953125 0.0955078125
0 0.65390625 0.446875 0.1078125 0.075
0 0.65 0.58828125 0.068359375 0.0736328125
0 0.1203125 0.43125 0.0658203125 0.075390625
0 0.28984375 0.2046875 0.140625 0.1001953125
0 0.45703125 0.1953125 0.1013671875 0.053515625
0 0.5953125 0.14609375 0.205859375 0.0734375
0 0.6734375 0.2265625 0.075 0.040234375
0 0.6078125 0.04453125 0.215234375 0.0890625