15 0.5 0.5 1 1
19 0.53515625 0.5015625 0.1638671875 0.21875
19 0.22109375 0.815625 0.4421875 0.1533203125
19 0.8625 0.4359375 0.1935546875 0.1466796875
19 0.65625 0.07109375 0.196875 0.0859375
19 0.0765625 0.275 0.1283203125 0.050390625
19 0.1171875 0.35703125 0.105859375 0.048046875
0 0.7625 0.89296875 0.2435546875 0.2140625
0 0.3421875 0.7140625 0.0845703125 0.072265625
0 0.41796875 0.7921875 0.107421875 0.058984375
0 0.6296875 0.4125 0.109375 0.109375
0 0.70703125 0.50859375 0.1234375 0.0859375
0 0.703125 0.6703125 0.075390625 0.084375
0 0.09765625 0.48984375 0.0763671875 0.0875
0 0.290625 0.23203125 0.159765625 0.115625
0 0.48203125 0.2203125 0.115625 0.0625
0 0.640625 0.1640625 0.234375 0.084375
0 0.7296875 0.25625 0.084765625 0.044140625
0 0.653125 0.04921875 0.2435546875 0.0984375