15 1 0.2442154453125 0.9955156953125 0.2424537546875 0.991031390625 0.21106362031249998 0.9439461890624999 0.1729470296875 0.8766816140625 0.177431334375 0.8587443953125 0.19088424843750001 0.843049328125 0.19088424843750001 0.75560538125 0.17518918125 0.701793721875 0.1460412 0.679372196875 0.1460412 0.6524663671875001 0.1594941140625 0.565022421875 0.14155689375 0.497757846875 0.1707048765625 0.42600896875 0.166220571875 0.3228699546875 0.19088424843750001 0.2511210765625 0.1819156390625 0.23094170468750003 0.2020950109375 0.150224215625 0.19761070625 0.09641255625 0.20882146875 0.06278026875 0.1998528578125 0.0179372203125 0.23796944999999997 0 0.23658966406249998 0 0.7429021859375 0.013452914062499998 0.7491802125 0.1547085203125 0.7828125 0.3071748875 0.791781109375 0.394618834375 0.773843890625 0.46636771250000003 0.7895389578125 0.56743273125 0.79375 0.5764113562500001 0.79375 0.7130044843750001 0.7783281953125 0.86995515625 0.73796945 0.9843049328125 0.688642096875 1 0.6784864640625 1 0.2442154453125
2 0.10078125 0.61875 0.146875 0.075
2 0.434375 0.20078125 0.09375 0.0638671875
2 0.61484375 0.2421875 0.095703125 0.100390625
7 0.34765625 0.56796875 0.2892578125 0.221875
7 0.80546875 0.55703125 0.203125 0.1548828125
7 0.88671875 0.27265625 0.2265625 0.1953125
7 0.3625 0.30078125 0.230859375 0.151953125
7 0.11796875 0.29453125 0.2357421875 0.159375
19 0.66484375 0.48125 0.1107421875 0.08125
19 0.171875 0.56484375 0.10625 0.0734375
7 0.08984375 0.50078125 0.1796875 0.1732421875
19 0.55859375 0.184375 0.0794921875 0.08125
7 0.57109375 0.603125 0.1640625 0.2314453125
0 0.96484375 0.51484375 0.0703125 0.0578125
0 0.2703125 0.20625 0.084375 0.0470703125
0 0.67578125 0.2078125 0.1169921875 0.096484375
0 0.0265625 0.25625 0.053125 0.046875
0 0.98984375 0.3359375 0.0203125 0.02734375