15 1 0.27329155156249996 0.953125 0.276897321875 0.9084821421875 0.23895089375 0.875 0.247879465625 0.8214285718750001 0.23671875 0.7410714281249999 0.2411830359375 0.7209821421875 0.22109375 0.6495535718750001 0.230022321875 0.546875 0.20546875 0.475446428125 0.2099330359375 0.4092548046875 0.18125 0.40684989375 0.18125 0.32142857187499996 0.198772321875 0.2946428578125 0.18537946562500002 0.27232142812500004 0.18537946562500002 0.21875 0.214397321875 0.131696428125 0.230022321875 0.116071428125 0.230022321875 0.0982142859375 0.216629465625 0.03125 0.2121651796875 0 0.237462796875 0 0.7294095765625 0.10491071406250001 0.7746651796874999 0.26116071406249997 0.81484375 0.3926339296875 0.8296875 0.41830357031250004 0.8296875 0.5066964281249999 0.8260044640625 0.578125 0.8103794640625 0.6651785718750001 0.8282366078125 0.8169642859374999 0.8193080359374999 0.9575892859374999 0.78582589375 1 0.7660342265625 1 0.27329155156249996
2 0.1296875 0.65625 0.146875 0.0748046875
2 0.46171875 0.23984375 0.092578125 0.0625
2 0.64140625 0.28125 0.0953125 0.1
7 0.375 0.60546875 0.2876953125 0.2205078125
7 0.83125 0.59453125 0.2029296875 0.1546875
7 0.89921875 0.31171875 0.201171875 0.194921875
7 0.38984375 0.3390625 0.2296875 0.15234375
7 0.13203125 0.33359375 0.2638671875 0.1580078125
19 0.69140625 0.51953125 0.110546875 0.08125
19 0.2 0.60234375 0.1060546875 0.0734375
7 0.10390625 0.5390625 0.2078125 0.171875
19 0.58515625 0.2234375 0.079296875 0.080859375
7 0.59765625 0.640625 0.1638671875 0.2310546875
0 0.97734375 0.55390625 0.0451171875 0.0578125
0 0.29765625 0.2453125 0.084375 0.046875
0 0.70234375 0.246875 0.1169921875 0.0939453125
0 0.04140625 0.29609375 0.0828125 0.046875