15 0 0.716796875 0.087890625 0.7578125 0.2109375 0.787109375 0.34375 0.794921875 0.419921875 0.779296875 0.482421875 0.79296875 0.576171875 0.796875 0.697265625 0.783203125 0.833984375 0.748046875 0.93359375 0.705078125 1 0.662109375 0.998046875 0.337890625 0.943359375 0.31640625 0.939453125 0.2890625 0.8984375 0.255859375 0.83984375 0.259765625 0.82421875 0.271484375 0.810546875 0.271484375 0.734375 0.2578125 0.6875 0.232421875 0.66796875 0.232421875 0.64453125 0.244140625 0.568359375 0.228515625 0.509765625 0.25390625 0.447265625 0.25 0.357421875 0.271484375 0.294921875 0.263671875 0.27734375 0.28125 0.20703125 0.27734375 0.16015625 0.287109375 0.130859375 0.279296875 0.091796875 0.3125 0.015625 0.306640625 0 0.326171875 0 0.517578125 0.005859375 0.537109375 0 0.541015625 0 0.716796875
2 0.1640625 0.64453125 0.128125 0.065625
2 0.4546875 0.28046875 0.08125 0.0546875
2 0.61171875 0.31640625 0.08359375 0.0875
7 0.37890625 0.6 0.25234375 0.19375
7 0.778125 0.590625 0.1765625 0.13515625
7 0.8703125 0.34375 0.23828125 0.17109375
7 0.3921875 0.3671875 0.20078125 0.1328125
7 0.16171875 0.3625 0.2421875 0.1390625
19 0.65546875 0.525 0.09609375 0.07109375
19 0.22578125 0.59765625 0.0921875 0.0640625
7 0.1171875 0.54296875 0.234375 0.1515625
19 0.56328125 0.26640625 0.06875 0.0703125
7 0.5734375 0.63046875 0.14296875 0.2015625
0 0.94296875 0.55390625 0.1140625 0.0515625
0 0.3109375 0.28515625 0.0734375 0.04140625
0 0.66484375 0.28671875 0.1015625 0.0828125
0 0.06953125 0.3296875 0.11015625 0.04140625
0 0.965625 0.39921875 0.06875 0.025