15 1 0.45965343281250004 0.9978991593750001 0.43711674531250005 0.9705882359375 0.4119595140625 0.9642857140625001 0.3050412734375 0.9432773109375001 0.2484375 0.9348739500000001 0.1635318390625 0.844537815625 0.0817708328125 0.8067226890624999 0.078626178125 0.7205882359375 0.0408903296875 0.66176470625 0.050324292187499994 0.6113445375000001 0.0188777515625 0.56932773125 0.0188777515625 0.4873949578125 0.06290290781249999 0.43067226875 0.050324292187499994 0.31932773124999997 0.0534689453125 0.31092437031250003 0.0660475625 0.271008403125 0.0534689453125 0.1701680671875 0.0534689453125 0.09873949531250001 0.09434944843750001 0.0357142859375 0.179255109375 0.0189075625 0.188689071875 0 0.248123034375 0 0.5568756546875 0.06512605 0.6949783796875 0.1974789921875 0.8270538515625001 0.2563025203125 0.8710790093749999 0.336134453125 0.8742236625 0.3886554625 0.9151041671875 0.6722689078124999 0.98428655625 0.8151260499999999 0.96541863125 0.936974790625 0.9151041671875 1 0.8414013359375 1 0.8029448374999999 0.9915966390625 0.7358588828125 1 0.6871167453125 1 0.45965343281250004
13 0.69453125 0.3546875 0.1861328125 0.1814453125
13 0.1953125 0.33515625 0.141015625 0.173828125
13 0.4203125 0.48984375 0.1625 0.1421875
13 0.60234375 0.528125 0.1517578125 0.1875
13 0.28359375 0.50859375 0.1234375 0.0859375
13 0.28984375 0.240625 0.121875 0.1470703125
13 0.38125 0.0828125 0.119140625 0.075
13 0.54921875 0.175 0.18125 0.162890625
11 0.7734375 0.2234375 0.065234375 0.077734375
11 0.31953125 0.40234375 0.075 0.0763671875
11 0.690625 0.63515625 0.121875 0.0455078125
11 0.51328125 0.31328125 0.0669921875 0.059375
11 0.4703125 0.24140625 0.0685546875 0.071875
11 0.57734375 0.30390625 0.0513671875 0.0673828125
11 0.7078125 0.51484375 0.047265625 0.0890625
11 0.8546875 0.44296875 0.0625 0.075
11 0.76484375 0.4203125 0.0701171875 0.0841796875
11 0.8890625 0.34453125 0.065234375 0.066796875
6 0.52421875 0.3875 0.151171875 0.112890625
6 0.73828125 0.55078125 0.153125 0.1451171875
6 0.86875 0.6390625 0.13203125 0.102734375
6 0.80390625 0.43828125 0.0986328125 0.1107421875
6 0.50625 0.38203125 0.15703125 0.123828125
6 0.140625 0.171875 0.187890625 0.099609375
11 0.26796875 0.12578125 0.0513671875 0.0830078125
11 0.1859375 0.4671875 0.0470703125 0.078515625
11 0.39375 0.1796875 0.034375 0.075