15 0 0.3577712609375 0.017578125 0.37536656874999996 0.01171875 0.451612903125 0.013671875 0.5219941343750001 0.021484375 0.548387096875 0.091796875 0.6979472140625 0.21484375 0.82111436875 0.26953125 0.8621700875 0.34375 0.8651026390625001 0.392578125 0.90322580625 0.65625 0.9677419359374999 0.7890625 0.950146628125 0.90234375 0.90322580625 0.96484375 0.8299120234374999 0.953125 0.73607038125 0.96875 0.645161290625 0.970703125 0.5835777125 0.958984375 0.45747800625 0.93359375 0.43401759531249995 0.927734375 0.33431085 0.908203125 0.2815249265625 0.900390625 0.202346040625 0.81640625 0.12609970625 0.78125 0.12316715468749999 0.701171875 0.0879765390625 0.646484375 0.09677419375 0.599609375 0.0674486796875 0.560546875 0.0674486796875 0.484375 0.1085043984375 0.431640625 0.09677419375 0.328125 0.0997067453125 0.3203125 0.11143695 0.283203125 0.0997067453125 0.189453125 0.0997067453125 0.123046875 0.1378299125 0.064453125 0.217008796875 0.048828125 0.2258064515625 0.029296875 0.2873900296875 0 0.3079178890625 0 0.3577712609375
13 0.67734375 0.38046875 0.1734375 0.16953125
13 0.2125 0.3625 0.13125 0.1625
13 0.421875 0.50625 0.15078125 0.1328125
13 0.59140625 0.5421875 0.14140625 0.175
13 0.29453125 0.52421875 0.11484375 0.08046875
13 0.30078125 0.27421875 0.11328125 0.1375
13 0.38515625 0.12734375 0.11171875 0.06953125
13 0.5421875 0.21328125 0.16875 0.153125
11 0.75 0.25859375 0.06015625 0.071875
11 0.328125 0.425 0.0703125 0.0703125
11 0.6734375 0.6421875 0.11328125 0.04296875
11 0.50859375 0.3421875 0.06171875 0.05546875
11 0.46875 0.275 0.06328125 0.06640625
11 0.56796875 0.33359375 0.04765625 0.06328125
11 0.6890625 0.5296875 0.04453125 0.0828125
11 0.82578125 0.4625 0.05859375 0.06953125
11 0.74296875 0.44140625 0.06484375 0.078125
11 0.8578125 0.37109375 0.06015625 0.0625
6 0.51796875 0.4109375 0.140625 0.10546875
6 0.7171875 0.56328125 0.1421875 0.13515625
6 0.8390625 0.64609375 0.1234375 0.0953125
6 0.77890625 0.45859375 0.0921875 0.10234375
6 0.5015625 0.40625 0.146875 0.115625
6 0.16171875 0.21015625 0.175 0.0921875
11 0.28046875 0.1671875 0.046875 0.07734375
11 0.20390625 0.4859375 0.04453125 0.07421875
11 0.396875 0.21796875 0.03203125 0.0703125