15 1 0.4551788515625 0.93125 0.3081662734375 0.8 0.1760908015625 0.7416666671875001 0.13206564375000002 0.6625 0.128920990625 0.6104166671875 0.0880404875 0.3291666671875 0.0188580984375 0.1875 0.0377260234375 0.0666666671875 0.0880404875 0 0.1666568390625 0.0125 0.2672857703125 0 0.340398978125 0 0.4984178453125 0.00625 0.5660279078125 0.0333333328125 0.591185140625 0.0395833328125 0.6981033796875 0.060416667187499995 0.7547071546875 0.06875 0.8396128140625001 0.1583333328125 0.9213738203125 0.19583333281249998 0.924518475 0.28125 0.9622543234375 0.3395833328125 0.9528203609375 0.3895833328125 0.9842669015625001 0.43125 0.9842669015625001 0.5125 0.9402417453125 0.56875 0.9528203609375 0.6791666671875001 0.9496757078125 0.6875 0.9370970921874999 0.7270833328124999 0.9496757078125 0.8270833328125 0.9496757078125 0.8979166671875 0.90879520625 0.9604166671875 0.82388954375 0.9770833328125 0.8144555812500001 0.9979166671874999 0.7484178453125 1 0.7469503390625001 1 0.4551788515625
13 0.69296875 0.3546875 0.1857421875 0.1814453125
13 0.19765625 0.33515625 0.140625 0.1736328125
13 0.4203125 0.48984375 0.16015625 0.1421875
13 0.6015625 0.528125 0.150390625 0.1875
13 0.28515625 0.50859375 0.121875 0.0859375
13 0.2921875 0.240625 0.1216796875 0.1470703125
13 0.38203125 0.0828125 0.119921875 0.075
13 0.54921875 0.175 0.1796875 0.162890625
11 0.77109375 0.2234375 0.0640625 0.0779296875
11 0.32109375 0.40234375 0.073828125 0.076171875
11 0.6890625 0.63515625 0.1216796875 0.0455078125
11 0.51328125 0.31328125 0.0669921875 0.059375
11 0.47109375 0.24140625 0.0673828125 0.071875
11 0.5765625 0.30390625 0.0501953125 0.0673828125
11 0.70625 0.51484375 0.046875 0.0890625
11 0.85234375 0.44296875 0.0625 0.075
11 0.76328125 0.4203125 0.06875 0.0841796875
11 0.8859375 0.34453125 0.065234375 0.0669921875
6 0.5234375 0.3875 0.15 0.1126953125
6 0.7359375 0.55078125 0.15234375 0.144921875
6 0.865625 0.6390625 0.131640625 0.102734375
6 0.8015625 0.43828125 0.097265625 0.1107421875
6 0.50625 0.38203125 0.15625 0.123828125
6 0.14375 0.171875 0.187109375 0.099609375
11 0.2703125 0.12578125 0.05 0.0830078125
11 0.18828125 0.4671875 0.046875 0.078515625
11 0.39453125 0.1796875 0.034375 0.075