15 1 0.1900100921875 0.9156118140625 0.14327202187500002 0.7320675109375 0.0926391078125 0.46141798593749994 0.084375 0.4544096953125 0.084375 0.2848101265625 0.10740704062499999 0.14978902968750002 0.1496011359375 0.0506329109375 0.2002340453125 0 0.2413732875 0 0.6404590812500001 0.0548523203125 0.681246703125 0.177215190625 0.7424281374999999 0.291139240625 0.7740737078125 0.37763713125 0.8099386859375001 0.44610429218750003 0.8203125 0.4512757328125 0.8203125 0.495780590625 0.8183775046875 0.660337553125 0.7846222328125 0.7299578062500001 0.7804028234375 0.7594936703124999 0.7656348890625 0.8502109703125 0.759305775 0.913502109375 0.7382087281249999 1 0.6942944140625 1 0.1900100921875
1 0.07265625 0.34453125 0.05625 0.0546875
1 0.428125 0.65546875 0.09375 0.0642578125
1 0.253125 0.66796875 0.075 0.0546875
1 0.221875 0.4203125 0.0560546875 0.034765625
1 0.4609375 0.32109375 0.0533203125 0.05625
1 0.52109375 0.2125 0.075 0.049609375
1 0.62421875 0.1515625 0.0296875 0.046875
1 0.6109375 0.41640625 0.049609375 0.0375
1 0.703125 0.31640625 0.043359375 0.05
1 0.8078125 0.21953125 0.0748046875 0.0609375
1 0.96640625 0.39765625 0.0671875 0.0484375
1 0.80390625 0.509375 0.075 0.0501953125
1 0.703125 0.57890625 0.062109375 0.065625
0 0.79921875 0.45 0.1296875 0.10625
0 0.4015625 0.5421875 0.078125 0.0529296875
0 0.39140625 0.290625 0.0671875 0.0248046875
1 0.340625 0.240625 0.0591796875 0.050390625
0 0.0578125 0.4546875 0.115625 0.109375
0 0.30078125 0.39921875 0.0919921875 0.0265625