15 0 0.611328125 0.009765625 0.62109375 0.072265625 0.671875 0.1640625 0.71875 0.2890625 0.7578125 0.447265625 0.779296875 0.703125 0.771484375 0.873046875 0.724609375 1 0.654296875 0.998046875 0.23828125 0.87109375 0.173828125 0.8125 0.154296875 0.728515625 0.1484375 0.701171875 0.134765625 0.63671875 0.130859375 0.484375 0.099609375 0.439453125 0.09765625 0.375 0.107421875 0.294921875 0.140625 0.189453125 0.169921875 0.076171875 0.2265625 0 0.283203125 0 0.4296875 0.01953125 0.427734375 0.013671875 0.435546875 0 0.43359375 0 0.611328125
1 0.09296875 0.3390625 0.0515625 0.05078125
1 0.421875 0.6265625 0.08671875 0.06015625
1 0.259375 0.6375 0.06953125 0.05078125
1 0.23046875 0.40859375 0.0515625 0.03359375
1 0.45234375 0.3171875 0.05 0.05234375
1 0.5078125 0.21640625 0.06875 0.04453125
1 0.60390625 0.16015625 0.02734375 0.04296875
1 0.59140625 0.40546875 0.04609375 0.03515625
1 0.6765625 0.3125 0.03984375 0.046875
1 0.7734375 0.22265625 0.06875 0.05625
1 0.92734375 0.3890625 0.07578125 0.0453125
1 0.76953125 0.49140625 0.06953125 0.046875
1 0.6765625 0.55546875 0.05703125 0.0609375
0 0.76484375 0.4359375 0.11953125 0.0984375
0 0.396875 0.521875 0.071875 0.0484375
0 0.3875 0.2890625 0.0625 0.02265625
1 0.340625 0.2421875 0.0546875 0.04765625
0 0.0765625 0.4421875 0.1140625 0.103125
0 0.30390625 0.3890625 0.084375 0.025