15 1 0.23254759531250002 0.876 0.16959375000000002 0.8160000000000001 0.14959375 0.73 0.14359375000000002 0.702 0.12959375 0.636 0.12559375 0.48 0.09359375 0.434 0.09159375 0.368 0.10159375 0.286 0.13559375 0.178 0.16559375 0.062 0.22359374999999998 0 0.2696963140625 0 0.42999375000000006 0.004 0.42959375 0 0.43492708437500005 0 0.6324687499999999 0.057999999999999996 0.67959375 0.152 0.72759375 0.27999999999999997 0.76759375 0.43808806875000006 0.7890625 0.4593984375 0.7890625 0.704 0.7815937500000001 0.8779999999999999 0.73359375 1 0.6660245203125 1 0.23254759531250002
1 0.07890625 0.3390625 0.053125 0.0529296875
1 0.41640625 0.63359375 0.0890625 0.061328125
1 0.25 0.6453125 0.0716796875 0.052734375
1 0.2203125 0.4109375 0.053125 0.034375
1 0.446875 0.31640625 0.050390625 0.053125
1 0.50390625 0.21328125 0.0705078125 0.0455078125
1 0.60234375 0.15625 0.028125 0.04375
1 0.5890625 0.40703125 0.046875 0.0359375
1 0.6765625 0.31171875 0.041015625 0.048046875
1 0.77578125 0.2203125 0.0703125 0.058984375
1 0.93359375 0.38984375 0.076953125 0.045703125
1 0.771875 0.4953125 0.0716796875 0.047265625
1 0.6765625 0.5609375 0.0591796875 0.0625
0 0.7671875 0.4390625 0.1220703125 0.1001953125
0 0.390625 0.5265625 0.0748046875 0.0498046875
0 0.38125 0.2875 0.0626953125 0.0220703125
1 0.3328125 0.23984375 0.05625 0.0484375
0 0.06171875 0.44453125 0.1169921875 0.1048828125
0 0.29453125 0.390625 0.086328125 0.025