15 0 0 0 0.4234939765625 0.00226244375 0.4367469875 0 0.4403614453125 0 0.600092678125 0.020361990625 0.6084337343749999 0.0542986421875 0.66566265 0.0769230765625 0.6867469875000001 0.110859728125 0.692771084375 0.20135746562499998 0.78012048125 0.27375565625 0.8132530125 0.346153846875 0.8885542171875 0.4253393671875 0.9096385546875 0.5361990953125 0.9759036140624999 0.6447963796875 0.9939759031250001 0.6609566906250001 1 1 1 1 0 0 0
11 0.53125 0.91796875 0.259375 0.142578125
11 0.5890625 0.70546875 0.1375 0.0953125
11 0.5265625 0.203125 0.084765625 0.0814453125
11 0.60234375 0.46171875 0.0390625 0.096875
1 0.14765625 0.31171875 0.176953125 0.145703125
1 0.38984375 0.60546875 0.2625 0.246875
1 0.80234375 0.88359375 0.2015625 0.2328125
1 0.92265625 0.62890625 0.1515625 0.228125
1 0.61484375 0.29921875 0.086328125 0.05625
1 0.6546875 0.40390625 0.134765625 0.1201171875
1 0.728125 0.51875 0.149609375 0.1185546875
1 0.51875 0.40078125 0.1283203125 0.1982421875
1 0.3953125 0.37265625 0.1220703125 0.1732421875
1 0.32421875 0.18515625 0.0763671875 0.1125
1 0.44140625 0.09453125 0.0982421875 0.078125
1 0.43203125 0.184375 0.0951171875 0.049609375
1 0.64375 0.2125 0.065625 0.10703125
1 0.1484375 0.02421875 0.10625 0.0484375
1 0.74375 0.26015625 0.069140625 0.0673828125
1 0.83203125 0.38515625 0.0767578125 0.0763671875
0 0.05 0.1296875 0.0998046875 0.0658203125
0 0.20546875 0.59921875 0.0640625 0.1125
0 0.36640625 0.9625 0.090625 0.075
0 0.65078125 0.93828125 0.1015625 0.1234375
0 0.82578125 0.5390625 0.053125 0.0875
0 0.4859375 0.79375 0.065625 0.119140625
0 0.2609375 0.18671875 0.0533203125 0.075
1 0.16796875 0.1453125 0.1359375 0.147265625