15 0.005859375 0 0 0.0052083328125 0 0.4661458328125 0.01953125 0.5130208328125 0 0.5286458328125 0 0.9609375 0.0234375 0.9869791671874999 0.04296875 1 0.4296875 1 0.44140625 0.9791666671874999 0.48046875 0.9557291671874999 0.51171875 0.9557291671874999 0.5390625 0.9348958328125001 0.55859375 0.9348958328125001 0.6015625 0.9557291671874999 0.640625 0.9609375 0.642578125 0.96875 0.734375 0.9791666671874999 0.80078125 1 1 1 1 0.5572916671875 0.990234375 0.5 1 0.484375 1 0.3619791671875 0.974609375 0.3515625 0.9453125 0.3020833328125 0.92578125 0.2838541671875 0.896484375 0.2786458328125 0.818359375 0.203125 0.755859375 0.1744791671875 0.693359375 0.109375 0.625 0.09114583281250001 0.529296875 0.0338541671875 0.435546875 0.0182291671875 0.38671875 0 0.005859375 0
11 0.5875 0.80703125 0.22421875 0.1234375
11 0.6375 0.6234375 0.11875 0.0828125
11 0.58359375 0.18828125 0.07421875 0.07109375
11 0.64921875 0.41171875 0.03359375 0.08359375
11 0.08359375 0.13203125 0.11015625 0.0484375
11 0.07734375 0.09375 0.08984375 0.04375
1 0.25625 0.28203125 0.153125 0.1265625
1 0.465625 0.53671875 0.2265625 0.21328125
1 0.82265625 0.79765625 0.1734375 0.23984375
1 0.925 0.55703125 0.13125 0.196875
1 0.659375 0.271875 0.075 0.0484375
1 0.69375 0.3625 0.1171875 0.10390625
1 0.7578125 0.46171875 0.128125 0.1015625
1 0.5765625 0.359375 0.1109375 0.17109375
1 0.46953125 0.33515625 0.10546875 0.14921875
1 0.40859375 0.1734375 0.06484375 0.09765625
1 0.509375 0.0953125 0.084375 0.06796875
1 0.5015625 0.17265625 0.08125 0.0421875
1 0.684375 0.196875 0.05625 0.09296875
1 0.2578125 0.02734375 0.090625 0.0546875
1 0.77109375 0.23828125 0.06015625 0.05859375
1 0.84765625 0.34609375 0.06640625 0.065625
0 0.16796875 0.1265625 0.09453125 0.0578125
0 0.30625 0.53125 0.05546875 0.096875
0 0.44609375 0.9 0.078125 0.17109375
0 0.69140625 0.86328125 0.08671875 0.18046875
0 0.84140625 0.47890625 0.0453125 0.07578125
0 0.5484375 0.69921875 0.05625 0.10390625
0 0.79375 0.95625 0.19765625 0.07578125
0 0.35390625 0.17421875 0.04609375 0.06484375
1 0.27421875 0.13828125 0.1171875 0.128125