15 0 0 0 1 1 1 1 0.325968990625 0.9826086953125 0.296511628125 0.9608695656249999 0.27616279062500004 0.9282608703124999 0.2703488375 0.8413043484375 0.1860465109375 0.7717391296875 0.1540697671875 0.7021739124999999 0.0813953484375 0.62608695625 0.0610465109375 0.5244071156250001 0 0 0
11 0.584375 0.86015625 0.249609375 0.138671875
11 0.63984375 0.6546875 0.132421875 0.09140625
11 0.5796875 0.16953125 0.083984375 0.0794921875
11 0.653125 0.41953125 0.0375 0.09375
11 0.04140625 0.10625 0.0828125 0.055859375
11 0.0328125 0.0625 0.0654296875 0.0498046875
1 0.215625 0.27421875 0.1716796875 0.1419921875
1 0.4484375 0.55859375 0.2529296875 0.2388671875
1 0.84609375 0.85 0.1923828125 0.2685546875
1 0.94296875 0.57890625 0.1140625 0.2171875
1 0.66484375 0.26328125 0.0830078125 0.0544921875
1 0.70234375 0.3640625 0.130078125 0.115625
1 0.7734375 0.475 0.141015625 0.1126953125
1 0.571875 0.36015625 0.124609375 0.190625
1 0.453125 0.33359375 0.1185546875 0.1669921875
1 0.38515625 0.15234375 0.0732421875 0.1080078125
1 0.49765625 0.065625 0.0951171875 0.0751953125
1 0.4890625 0.1515625 0.090625 0.046875
1 0.6921875 0.17890625 0.0626953125 0.1044921875
1 0.21640625 0.01015625 0.1017578125 0.0203125
1 0.7890625 0.225 0.066015625 0.065625
1 0.8734375 0.3453125 0.0748046875 0.072265625
0 0.1171875 0.10078125 0.10390625 0.0640625
0 0.27109375 0.55234375 0.0611328125 0.1080078125
0 0.42578125 0.9328125 0.0861328125 0.1341796875
0 0.6984375 0.909375 0.096875 0.18125
0 0.8671875 0.49375 0.050390625 0.084375
0 0.540625 0.73984375 0.0625 0.115625
0 0.81171875 0.99140625 0.2201171875 0.0171875
0 0.32421875 0.15390625 0.0515625 0.0732421875
1 0.23515625 0.1140625 0.13125 0.143359375