15 1 0.639128540625 0.961156315625 0.322552515625 0.9248492625000001 0.273797328125 0.8231895109374999 0.19703384375 0.7028575609375001 0.11819566875000001 0.6581272703125001 0.09537409218750001 0.3063721015625 0.09537409218750001 0.0980857765625 0.2893574953125 0.0192476015625 0.503050440625 0.015098225000000002 0.6067848812500001 0.02547166875 0.7001458765625 0.119870009375 0.8028429718750001 0.21530569375000003 0.873382390625 0.45804428281250004 0.9916396531249999 0.4891646140625 0.9999384078125001 0.644766275 0.993714340625 0.7028575609375001 0.97711683125 0.8356376437499999 0.902428034375 0.9061770609375 0.8505608140625001 0.9487081828124999 0.79765625 0.9985007140625 0.6980711875 1 0.6845776171875 1 0.639128540625
13 0.5515625 0.1953125 0.0529296875 0.059375
13 0.6375 0.24375 0.1064453125 0.068359375
13 0.7421875 0.29453125 0.06640625 0.078125
13 0.83671875 0.403125 0.075 0.06875
13 0.68046875 0.3625 0.065625 0.0501953125
13 0.58671875 0.3078125 0.078125 0.06015625
13 0.496875 0.34921875 0.078125 0.1048828125
13 0.553125 0.38984375 0.084375 0.0517578125
13 0.6109375 0.41015625 0.07734375 0.0640625
13 0.70859375 0.42734375 0.0828125 0.0671875
13 0.75390625 0.4890625 0.1138671875 0.0625
13 0.67109375 0.4859375 0.06875 0.059375
13 0.68046875 0.559375 0.0625 0.0875
13 0.82265625 0.59140625 0.1390625 0.113671875
13 0.73359375 0.69140625 0.15625 0.107421875
13 0.5703125 0.6984375 0.1033203125 0.159765625
13 0.4296875 0.67421875 0.0970703125 0.0982421875
13 0.35390625 0.73828125 0.0828125 0.078125
13 0.22890625 0.7421875 0.101171875 0.08984375
13 0.29375 0.49609375 0.08203125 0.0921875
13 0.2328125 0.53984375 0.091015625 0.078125
13 0.15546875 0.49609375 0.078125 0.0734375
13 0.184375 0.36015625 0.084375 0.1048828125
13 0.37421875 0.37890625 0.071875 0.1201171875
13 0.3140625 0.3875 0.066015625 0.0408203125
13 0.37890625 0.309375 0.0517578125 0.062890625
13 0.36640625 0.2359375 0.06875 0.077734375
13 0.45546875 0.2109375 0.065625 0.0560546875
13 0.428125 0.2515625 0.065625 0.0435546875
13 0.42578125 0.4265625 0.0986328125 0.0875
13 0.54609375 0.46328125 0.090625 0.1044921875
9 0.65234375 0.24609375 0.0451171875 0.0486328125
9 0.821875 0.346875 0.069140625 0.059375
9 0.709375 0.4234375 0.0435546875 0.0560546875
9 0.86015625 0.421875 0.0482421875 0.059375
9 0.775 0.41953125 0.075 0.0388671875
9 0.815625 0.5578125 0.087890625 0.0560546875
9 0.625 0.509375 0.090625 0.06875
9 0.55078125 0.26875 0.0765625 0.075
9 0.4578125 0.275 0.065234375 0.0875
9 0.40703125 0.25703125 0.0326171875 0.0357421875
9 0.3671875 0.41640625 0.0376953125 0.0513671875
9 0.4765625 0.46875 0.071875 0.031640625
9 0.4375 0.52890625 0.056640625 0.0298828125
9 0.31328125 0.6265625 0.078125 0.1220703125
9 0.38515625 0.6296875 0.059375 0.0498046875
9 0.48515625 0.725 0.0828125 0.059375
9 0.52578125 0.64609375 0.0517578125 0.0828125
9 0.57578125 0.5546875 0.0671875 0.0435546875
9 0.73359375 0.54921875 0.0419921875 0.0388671875
9 0.7140625 0.3609375 0.043359375 0.052734375
9 0.5578125 0.36796875 0.065625 0.0548828125
0 0.29609375 0.2296875 0.0423828125 0.0533203125
0 0.24140625 0.3234375 0.0455078125 0.1091796875
0 0.28046875 0.3015625 0.054296875 0.028515625
0 0.13984375 0.42734375 0.045703125 0.048046875
0 0.29296875 0.42109375 0.065625 0.0451171875
0 0.2453125 0.39453125 0.0533203125 0.059375
0 0.24921875 0.4546875 0.036328125 0.06640625
0 0.14921875 0.5671875 0.0486328125 0.06875
0 0.21328125 0.61015625 0.090625 0.048828125
0 0.3578125 0.67265625 0.0560546875 0.0486328125
0 0.29921875 0.7421875 0.065625 0.13125
0 0.471875 0.77734375 0.1720703125 0.0703125
0 0.67109375 0.7765625 0.1705078125 0.078125
0 0.634375 0.703125 0.0341796875 0.059375
0 0.57265625 0.59609375 0.1701171875 0.065625
0 0.4578125 0.56328125 0.1029296875 0.0796875