15 0.055795940625 0.7912793796875001 0.099599359375 0.8457665593750001 0.17224893125000001 0.8991853624999999 0.30900106875 0.9761084390624999 0.368830128125 0.99320245625 0.5290865390625 0.9996127140625 0.5611378203124999 0.9910657046875 0.8111378203124999 0.8692708328125001 0.9094284187499999 0.7966212609375 0.9859375 0.7133861046875001 0.9859375 0.41434189374999997 0.9318643156249999 0.26777510625 0.7219358031249999 0.0722622859375 0.3466933765625 0.0722622859375 0.30900106875 0.09149305468749999 0.18506944375 0.1726896359375 0.0803685890625 0.251749465625 0.042975428125 0.30196314062499996 0.00024038437500000003 0.6502537390625001 0.0045138890625 0.688715278125 0.055795940625 0.7912793796875001
13 0.52265625 0.17578125 0.0544921875 0.0609375
13 0.61171875 0.22578125 0.1107421875 0.06875
13 0.71953125 0.27734375 0.06875 0.0798828125
13 0.8171875 0.3890625 0.0779296875 0.071484375
13 0.65625 0.34765625 0.068359375 0.0517578125
13 0.559375 0.29140625 0.0810546875 0.0625
13 0.4671875 0.334375 0.0810546875 0.1091796875
13 0.52421875 0.37578125 0.0875 0.0544921875
13 0.584375 0.396875 0.078515625 0.065625
13 0.684375 0.41484375 0.0845703125 0.06875
13 0.73125 0.478125 0.1158203125 0.062890625
13 0.64609375 0.475 0.0703125 0.06171875
13 0.65625 0.55 0.06328125 0.090625
13 0.80234375 0.5828125 0.1423828125 0.1158203125
13 0.7109375 0.68671875 0.16015625 0.110546875
13 0.5421875 0.69296875 0.1064453125 0.165625
13 0.39765625 0.66875 0.1 0.1
13 0.31953125 0.734375 0.085546875 0.080859375
13 0.190625 0.73828125 0.1033203125 0.0921875
13 0.25703125 0.48515625 0.085546875 0.0953125
13 0.1953125 0.53046875 0.096484375 0.0798828125
13 0.11484375 0.48515625 0.0798828125 0.0763671875
13 0.14453125 0.3453125 0.0875 0.1091796875
13 0.340625 0.36484375 0.0748046875 0.1234375
13 0.27890625 0.3734375 0.06875 0.0435546875
13 0.3453125 0.29296875 0.053515625 0.065625
13 0.33203125 0.2171875 0.0703125 0.0783203125
13 0.42421875 0.1921875 0.0671875 0.058984375
13 0.39609375 0.2328125 0.0671875 0.0439453125
13 0.39375 0.4140625 0.100390625 0.090625
13 0.51796875 0.4515625 0.09375 0.1064453125
9 0.62734375 0.228125 0.0455078125 0.0501953125
9 0.8015625 0.33203125 0.0720703125 0.0609375
9 0.6859375 0.4109375 0.0439453125 0.058984375
9 0.840625 0.40859375 0.049609375 0.0609375
9 0.753125 0.40625 0.0779296875 0.037890625
9 0.79453125 0.5484375 0.0921875 0.05859375
9 0.5984375 0.49921875 0.09375 0.0703125
9 0.521875 0.25078125 0.0783203125 0.0767578125
9 0.4265625 0.2578125 0.065625 0.090625
9 0.37421875 0.2390625 0.0328125 0.03515625
9 0.3328125 0.403125 0.040234375 0.0529296875
9 0.4453125 0.4578125 0.0748046875 0.033984375
9 0.40546875 0.51875 0.059375 0.03125
9 0.278125 0.61953125 0.080859375 0.1265625
9 0.3515625 0.62265625 0.06015625 0.051171875
9 0.4546875 0.72109375 0.084765625 0.0609375
9 0.496875 0.63984375 0.053515625 0.085546875
9 0.5484375 0.5453125 0.06875 0.0439453125
9 0.7109375 0.53984375 0.0435546875 0.0390625
9 0.690625 0.34609375 0.0439453125 0.0544921875
9 0.5296875 0.353125 0.066015625 0.056640625
0 0.26015625 0.2109375 0.0451171875 0.05625
0 0.20390625 0.3078125 0.048046875 0.112109375
0 0.24453125 0.28515625 0.05625 0.0296875
0 0.0984375 0.41484375 0.0470703125 0.0486328125
0 0.25625 0.4078125 0.068359375 0.0466796875
0 0.2078125 0.38125 0.05625 0.06171875
0 0.2125 0.44296875 0.0375 0.06875
0 0.10859375 0.55859375 0.0513671875 0.0703125
0 0.17421875 0.603125 0.09375 0.050390625
0 0.32421875 0.6671875 0.0578125 0.0501953125
0 0.26328125 0.73828125 0.0671875 0.135546875
0 0.44140625 0.775 0.1767578125 0.0720703125
0 0.64609375 0.7734375 0.176171875 0.080859375
0 0.60859375 0.6984375 0.034375 0.059765625
0 0.5453125 0.58828125 0.174609375 0.0671875
0 0.4265625 0.5546875 0.1060546875 0.0814453125