15 0.5537109375 1 0.5986328125 0.982421875 0.6943359375 0.93359375 0.8076171875 0.859375 0.9033203125 0.787109375 0.9375 0.7412109375 0.9765625 0.4228515625 0.97265625 0.3876953125 0.92578125 0.2939453125 0.8857421875 0.244140625 0.8193359375 0.1953125 0.6943359375 0.125 0.6396484375 0.109375 0.4931640625 0.103515625 0.4638671875 0.111328125 0.2353515625 0.22265625 0.1455078125 0.2890625 0.056640625 0.3857421875 0.046875 0.4736328125 0.05078125 0.5712890625 0.125 0.7724609375 0.3525390625 0.984375 0.4091796875 1 0.5537109375 1
13 0.55234375 0.19765625 0.04921875 0.05546875
13 0.63359375 0.24375 0.10078125 0.06328125
13 0.73203125 0.290625 0.06328125 0.0734375
13 0.82109375 0.39296875 0.0703125 0.06484375
13 0.6734375 0.3546875 0.06171875 0.0484375
13 0.58515625 0.303125 0.0734375 0.05703125
13 0.50078125 0.3421875 0.0734375 0.09921875
13 0.55390625 0.38125 0.0796875 0.04921875
13 0.60859375 0.4 0.071875 0.06015625
13 0.7 0.41640625 0.078125 0.06328125
13 0.74296875 0.47421875 0.10703125 0.05859375
13 0.66484375 0.47109375 0.06484375 0.05546875
13 0.6734375 0.53984375 0.05859375 0.0828125
13 0.8078125 0.5703125 0.13046875 0.10703125
13 0.72421875 0.66484375 0.146875 0.10078125
13 0.5703125 0.67109375 0.09765625 0.1515625
13 0.43828125 0.6484375 0.09140625 0.09140625
13 0.36640625 0.70859375 0.078125 0.0734375
13 0.2484375 0.7125 0.09453125 0.084375
13 0.309375 0.48046875 0.078125 0.0875
13 0.25234375 0.521875 0.0875 0.0734375
13 0.1796875 0.48046875 0.0734375 0.06875
13 0.20625 0.353125 0.0796875 0.09921875
13 0.38515625 0.3703125 0.06796875 0.1125
13 0.32890625 0.37890625 0.06328125 0.0390625
13 0.38984375 0.3046875 0.04921875 0.06015625
13 0.378125 0.2359375 0.06484375 0.071875
13 0.46171875 0.2125 0.06171875 0.05234375
13 0.43671875 0.25 0.06171875 0.040625
13 0.434375 0.415625 0.09296875 0.0828125
13 0.54765625 0.45 0.0859375 0.09765625
9 0.64765625 0.2453125 0.0421875 0.046875
9 0.80703125 0.340625 0.06640625 0.05546875
9 0.70078125 0.4125 0.040625 0.05234375
9 0.84296875 0.4109375 0.0453125 0.05546875
9 0.7625 0.40859375 0.0703125 0.0359375
9 0.80078125 0.53828125 0.084375 0.05234375
9 0.62109375 0.49375 0.0859375 0.06484375
9 0.5515625 0.26640625 0.071875 0.0703125
9 0.4640625 0.27265625 0.06015625 0.0828125
9 0.41640625 0.25546875 0.0296875 0.0328125
9 0.37890625 0.40546875 0.0359375 0.0484375
9 0.48125 0.45546875 0.06796875 0.0296875
9 0.44453125 0.51171875 0.05390625 0.02890625
9 0.328125 0.603125 0.0734375 0.115625
9 0.39609375 0.60625 0.05546875 0.046875
9 0.48984375 0.69609375 0.078125 0.05546875
9 0.528125 0.621875 0.04921875 0.078125
9 0.57578125 0.5359375 0.06328125 0.040625
9 0.72421875 0.53046875 0.0390625 0.0359375
9 0.70546875 0.35390625 0.040625 0.04921875
9 0.5578125 0.36015625 0.06171875 0.05234375
0 0.31171875 0.2296875 0.040625 0.05078125
0 0.2609375 0.31875 0.04375 0.10234375
0 0.29765625 0.29765625 0.05078125 0.02734375
0 0.16484375 0.41640625 0.04375 0.0453125
0 0.30859375 0.41015625 0.06171875 0.0421875
0 0.2640625 0.38515625 0.05078125 0.05546875
0 0.26796875 0.44140625 0.034375 0.06328125
0 0.1734375 0.54765625 0.046875 0.06484375
0 0.23359375 0.58828125 0.0859375 0.046875
0 0.3703125 0.646875 0.05234375 0.046875
0 0.31484375 0.7125 0.06171875 0.1234375
0 0.478125 0.7453125 0.1625 0.06640625
0 0.66484375 0.74453125 0.1609375 0.0734375
0 0.63046875 0.675 0.03125 0.05546875
0 0.57265625 0.575 0.159375 0.06171875
0 0.4640625 0.54375 0.09609375 0.075