15 0.2626953125 0 0.0068359375 0.11328125 0 0.1201171875 0 0.8353365390624999 0 1 0.953125 0.9990234375 1 1 1 0.8271484375 0.9990234375 0.0546875 0.8759765625 0 0.2626953125 0
13 0.63359375 0.1875 0.1609375 0.10234375
13 0.6734375 0.08046875 0.1546875 0.10078125
13 0.92421875 0.29453125 0.15078125 0.16796875
13 0.76796875 0.5203125 0.234375 0.17578125
13 0.58828125 0.37578125 0.125 0.09609375
13 0.36875 0.284375 0.203125 0.0765625
13 0.084375 0.18515625 0.165625 0.1265625
13 0.3015625 0.5296875 0.26015625 0.24765625
13 0.084375 0.478125 0.16796875 0.14609375
13 0.0828125 0.653125 0.165625 0.1609375
13 0.5375 0.73046875 0.3046875 0.18046875
13 0.9453125 0.64140625 0.109375 0.1890625