15 0.109621565625 0 0 0.0485347390625 0 1 1 1 1 0 0.109621565625 0
13 0.65546875 0.13984375 0.1736328125 0.1109375
13 0.6984375 0.03828125 0.166015625 0.0765625
13 0.94375 0.25390625 0.1125 0.1826171875
13 0.80078125 0.50078125 0.2544921875 0.190625
13 0.60625 0.34375 0.1345703125 0.105859375
13 0.36796875 0.2453125 0.2203125 0.083984375
13 0.07421875 0.1359375 0.1484375 0.134765625
13 0.2953125 0.5109375 0.281640625 0.26875
13 0.075 0.45390625 0.15 0.1578125
13 0.0734375 0.64375 0.1466796875 0.174609375
13 0.55078125 0.728125 0.3298828125 0.194140625
13 0.9671875 0.63203125 0.065625 0.2048828125