15 0.0513211375 0 0 0.02280939375 0 1 1 1 1 0.1026422765625 0.9969512187499999 0.0995934953125 0.7720072890624999 0 0.0513211375 0
13 0.6546875 0.17734375 0.16640625 0.10625
13 0.696875 0.065625 0.162109375 0.105859375
13 0.9390625 0.28671875 0.121875 0.175
13 0.79453125 0.5234375 0.24375 0.183984375
13 0.6078125 0.37265625 0.128515625 0.1
13 0.3796875 0.278125 0.21015625 0.08046875
13 0.084375 0.17265625 0.16875 0.130078125
13 0.309375 0.5328125 0.269140625 0.258984375
13 0.08515625 0.478125 0.1703125 0.153125
13 0.08359375 0.6609375 0.1669921875 0.1658203125
13 0.5546875 0.74140625 0.316015625 0.1875
13 0.9609375 0.6484375 0.078125 0.196875