15 1 0.3047131421875 0.9369834703125001 0.225274725 0.792355371875 0.0741758234375 0.6766528921875 0.0082417578125 0.2530991734375 0 0.19524793437500002 0.016483517187499998 0.12086776875000001 0.049450549999999996 0.05061983437499999 0.1043956046875 0.002066115625 0.16895604375 0 0.1731423359375 0 0.7145604390625 0.016528925 0.7486263734375 0.08987603281249999 0.8489010984375 0.228305784375 0.978021978125 0.2728067390625 1 0.9188375843750001 1 0.9741735531250001 0.9615384609375001 1 0.930548109375 1 0.3047131421875
6 0.796875 0.0484375 0.0595703125 0.0966796875
6 0.8765625 0.10625 0.109375 0.0783203125
6 0.68671875 0.1375 0.1625 0.0654296875
6 0.690625 0.2359375 0.075390625 0.1716796875
6 0.73984375 0.31015625 0.11875 0.1705078125
6 0.90078125 0.25546875 0.1984375 0.0765625
6 0.81484375 0.36875 0.05 0.0623046875
6 0.78671875 0.440625 0.184375 0.078515625
6 0.6515625 0.51015625 0.094140625 0.140625
6 0.64296875 0.653125 0.2767578125 0.2623046875
6 0.47421875 0.56171875 0.103125 0.1205078125
6 0.503125 0.4359375 0.140625 0.078515625
6 0.54921875 0.25 0.189453125 0.162890625
6 0.51484375 0.0328125 0.0890625 0.053515625
6 0.6671875 0.02890625 0.046484375 0.0578125
6 0.253125 0.11484375 0.137109375 0.1359375
6 0.1546875 0.23203125 0.071484375 0.1701171875
6 0.21484375 0.4015625 0.103125 0.1564453125
6 0.32890625 0.48671875 0.105078125 0.190625
6 0.26484375 0.64140625 0.0951171875 0.084375
6 0.353125 0.74609375 0.087890625 0.0732421875
6 0.18671875 0.71875 0.135546875 0.202734375
6 0.03671875 0.5296875 0.0421875 0.1154296875
6 0.34765625 0.0203125 0.1390625 0.040625
11 0.44296875 0.025 0.084375 0.0498046875
11 0.3171875 0.009375 0.0375 0.01875
11 0.40234375 0.0921875 0.041796875 0.04765625
11 0.3375 0.0578125 0.0623046875 0.05
11 0.30234375 0.115625 0.0361328125 0.05
11 0.34140625 0.11953125 0.04375 0.0326171875
11 0.38515625 0.121875 0.0361328125 0.0341796875
11 0.403125 0.19765625 0.081640625 0.0798828125
11 0.446875 0.27109375 0.0748046875 0.1080078125
11 0.3625 0.271875 0.068359375 0.1126953125
11 0.296875 0.19296875 0.068359375 0.0607421875
11 0.25703125 0.2359375 0.0375 0.041015625
11 0.2078125 0.30390625 0.040234375 0.0294921875
11 0.2015625 0.26171875 0.0591796875 0.0705078125
11 0.134375 0.225 0.030859375 0.05703125
11 0.07890625 0.24609375 0.0419921875 0.0359375
11 0.05703125 0.33984375 0.065625 0.0578125
11 0.03125 0.428125 0.0623046875 0.056640625
11 0.0671875 0.465625 0.0904296875 0.044140625
11 0.13515625 0.43515625 0.0298828125 0.0546875
11 0.1515625 0.38046875 0.069140625 0.082421875
11 0.1984375 0.4734375 0.0591796875 0.0654296875
11 0.15859375 0.5453125 0.071875 0.0720703125
11 0.06640625 0.59296875 0.05 0.0611328125
11 0.18984375 0.63359375 0.0576171875 0.1107421875
11 0.0796875 0.79921875 0.0404296875 0.046875
11 0.2765625 0.7734375 0.069140625 0.066015625
19 0.3609375 0.8359375 0.083984375 0.1126953125
19 0.41640625 0.56015625 0.0765625 0.1046875
19 0.34453125 0.6734375 0.08125 0.081640625
19 0.2171875 0.55546875 0.05625 0.0732421875
19 0.11953125 0.5125 0.0984375 0.056640625
19 0.10390625 0.61328125 0.0701171875 0.05625
19 0.12265625 0.715625 0.0703125 0.0658203125
19 0.24609375 0.73203125 0.0671875 0.119921875
19 0.08359375 0.4125 0.063671875 0.065234375
19 0.128125 0.34921875 0.0470703125 0.0359375
19 0.1015625 0.3015625 0.0375 0.0595703125
19 0.11875 0.190625 0.05625 0.049609375
19 0.26875 0.2859375 0.09296875 0.05859375
19 0.31015625 0.36640625 0.069921875 0.066796875
11 0.371875 0.41328125 0.04375 0.073046875
11 0.34609375 0.4875 0.045703125 0.0375
11 0.30234375 0.59453125 0.0419921875 0.0673828125
11 0.2515625 0.56328125 0.03984375 0.0984375
19 0.29140625 0.5328125 0.0421875 0.0783203125
11 0.246875 0.37265625 0.034375 0.04375
11 0.1375 0.14296875 0.0283203125 0.0330078125
11 0.184375 0.090625 0.024609375 0.025390625