15 0.16987179531250002 0 0.11858974375 0.022857142187500002 0.0459401703125 0.08 0 0.141428571875 0 0.7278571421875 0.0106837609375 0.75 0.08653846093749999 0.8542857140625 0.22970085468749998 0.988571428125 0.2527120328125 1 0.960191378125 1 1 0.972175325 1 0.2531168828125 0.9626068374999999 0.2057142859375 0.8130341874999999 0.048571428124999996 0.7282763531249999 0 0.16987179531250002 0
6 0.8171875 0.04453125 0.062109375 0.088671875
6 0.9 0.09921875 0.1126953125 0.0826171875
6 0.70390625 0.13125 0.16875 0.068359375
6 0.7078125 0.234375 0.0783203125 0.178125
6 0.759375 0.31171875 0.124609375 0.178125
6 0.9109375 0.25390625 0.177734375 0.0796875
6 0.83671875 0.371875 0.0515625 0.062890625
6 0.80703125 0.446875 0.1919921875 0.0814453125
6 0.6671875 0.51875 0.0970703125 0.1466796875
6 0.65859375 0.66796875 0.2861328125 0.271875
6 0.484375 0.57265625 0.1064453125 0.1263671875
6 0.5140625 0.44140625 0.1466796875 0.0826171875
6 0.56171875 0.2484375 0.1955078125 0.1689453125
6 0.52421875 0.02421875 0.0921875 0.0484375
6 0.68359375 0.02421875 0.046875 0.0484375
6 0.2546875 0.1078125 0.140625 0.1408203125
6 0.153125 0.2296875 0.0720703125 0.177734375
6 0.215625 0.40625 0.1064453125 0.1626953125
6 0.33359375 0.49453125 0.109375 0.1984375
6 0.26796875 0.65625 0.098046875 0.0875
6 0.35859375 0.7640625 0.091796875 0.075390625
6 0.18671875 0.7359375 0.1392578125 0.2095703125
6 0.03203125 0.5390625 0.04375 0.119140625
6 0.35390625 0.015625 0.142578125 0.03125
11 0.4515625 0.0203125 0.0875 0.0404296875
11 0.409375 0.084375 0.043359375 0.050390625
11 0.3421875 0.0484375 0.065234375 0.0529296875
11 0.30625 0.10859375 0.0375 0.0517578125
11 0.346875 0.11328125 0.044140625 0.0330078125
11 0.3921875 0.115625 0.0375 0.0345703125
11 0.4109375 0.19375 0.084765625 0.084375
11 0.45546875 0.2703125 0.0765625 0.1125
11 0.36875 0.27109375 0.06875 0.117578125
11 0.30078125 0.18984375 0.06875 0.0625
11 0.259375 0.234375 0.037890625 0.04375
11 0.20859375 0.3046875 0.0392578125 0.0310546875
11 0.20234375 0.2609375 0.0607421875 0.0748046875
11 0.1328125 0.22265625 0.03125 0.0607421875
11 0.075 0.24453125 0.0435546875 0.0361328125
11 0.05234375 0.34140625 0.067578125 0.060546875
11 0.02890625 0.4328125 0.0578125 0.0595703125
11 0.0625 0.47265625 0.0935546875 0.046875
11 0.13359375 0.440625 0.03125 0.0564453125
11 0.15 0.384375 0.071875 0.087109375
11 0.1984375 0.48125 0.0595703125 0.068359375
11 0.1578125 0.55625 0.0748046875 0.0751953125
11 0.06171875 0.60546875 0.0515625 0.0640625
11 0.190625 0.64765625 0.059375 0.1140625
11 0.07578125 0.81953125 0.0419921875 0.0484375
11 0.2796875 0.79296875 0.071875 0.06875
19 0.3671875 0.8578125 0.0845703125 0.1185546875
19 0.42421875 0.57109375 0.079296875 0.109375
19 0.35 0.6890625 0.084375 0.08515625
19 0.21875 0.56640625 0.056640625 0.0763671875
19 0.1171875 0.521875 0.102734375 0.0595703125
19 0.10078125 0.6265625 0.071875 0.0591796875
19 0.1203125 0.7328125 0.0720703125 0.06875
19 0.2484375 0.75 0.06875 0.1248046875
19 0.08046875 0.4171875 0.065625 0.066015625
19 0.1265625 0.3515625 0.0498046875 0.0373046875
19 0.0984375 0.30234375 0.03984375 0.0625
19 0.11640625 0.18671875 0.0578125 0.0513671875
19 0.27109375 0.2859375 0.0953125 0.0595703125
19 0.31484375 0.36953125 0.071875 0.06875
11 0.378125 0.41796875 0.044140625 0.0763671875
11 0.3515625 0.4953125 0.047265625 0.037890625
11 0.30625 0.60703125 0.0435546875 0.0703125
11 0.25390625 0.57421875 0.0392578125 0.1017578125
19 0.29453125 0.5421875 0.04375 0.0814453125
11 0.2484375 0.37578125 0.034765625 0.0453125
11 0.1359375 0.1375 0.0310546875 0.0345703125
11 0.184375 0.0828125 0.025 0.02734375