15 1 0.12890625 0.9599609375 0.08072916718749999 0.8740234375 0.0208333328125 0.7763671875 0.0052083328125 0.5947265625 0 0.4169921875 0.0078125 0.3232421875 0.03125 0.2548828125 0.06510416718749999 0.1240234375 0.1875 0.0546875 0.2825520828125 0.015625 0.36328125 0 0.41015625 0 0.7486979171875 0.041015625 0.83203125 0.0869140625 0.8932291671874999 0.1533203125 0.9453125 0.2236328125 0.9765625 0.2783203125 0.9921875 0.6787109375 0.984375 0.7880859375 0.921875 0.9248046875 0.7786458328125 1 0.68359375 1 0.12890625
6 0.79296875 0.08046875 0.05625 0.11484375
6 0.8671875 0.14453125 0.103125 0.075
6 0.68828125 0.175 0.15390625 0.0609375
6 0.6921875 0.26796875 0.07265625 0.1625
6 0.7390625 0.33828125 0.1125 0.1625
6 0.89296875 0.2875 0.190625 0.071875
6 0.809375 0.39375 0.046875 0.05859375
6 0.78203125 0.46171875 0.175 0.075
6 0.6546875 0.528125 0.08984375 0.13359375
6 0.646875 0.66328125 0.26171875 0.2484375
6 0.4875 0.5765625 0.09765625 0.11484375
6 0.51484375 0.45703125 0.13359375 0.075
6 0.55859375 0.28125 0.17890625 0.1546875
6 0.52578125 0.075 0.08359375 0.05234375
6 0.615625 0.02734375 0.059375 0.0546875
6 0.67109375 0.05 0.04375 0.09921875
6 0.278125 0.153125 0.12890625 0.12890625
6 0.18515625 0.2640625 0.06640625 0.1609375
6 0.2421875 0.425 0.09765625 0.1484375
6 0.35 0.50546875 0.1 0.18046875
6 0.28984375 0.65234375 0.08984375 0.0796875
6 0.37265625 0.7515625 0.08359375 0.06875
6 0.215625 0.725 0.12734375 0.19140625
6 0.07421875 0.54609375 0.03984375 0.10859375
6 0.3703125 0.05703125 0.13125 0.05546875
11 0.459375 0.05234375 0.07890625 0.0828125
11 0.340625 0.03671875 0.0359375 0.05546875
11 0.41953125 0.13203125 0.0390625 0.04609375
11 0.3578125 0.0984375 0.05859375 0.04765625
11 0.325 0.15390625 0.034375 0.04765625
11 0.36171875 0.1578125 0.04140625 0.03046875
11 0.403125 0.16015625 0.034375 0.03203125
11 0.4203125 0.23125 0.078125 0.0765625
11 0.4609375 0.30078125 0.0703125 0.10234375
11 0.38203125 0.3015625 0.06328125 0.10703125
11 0.3203125 0.22734375 0.06328125 0.05703125
11 0.28203125 0.26796875 0.0359375 0.03984375
11 0.23515625 0.3328125 0.03671875 0.02734375
11 0.2296875 0.2921875 0.05546875 0.0671875
11 0.165625 0.25703125 0.02890625 0.05546875
11 0.1140625 0.27734375 0.0390625 0.03359375
11 0.09296875 0.36640625 0.06171875 0.05546875
11 0.06875 0.45 0.05859375 0.05546875
11 0.10234375 0.4859375 0.08515625 0.04296875
11 0.1671875 0.45625 0.02890625 0.05234375
11 0.18203125 0.40546875 0.065625 0.078125
11 0.2265625 0.49296875 0.05546875 0.0609375
11 0.1890625 0.56171875 0.06796875 0.06875
11 0.1015625 0.60625 0.046875 0.05859375
11 0.21875 0.6453125 0.05390625 0.10390625
11 0.1140625 0.8015625 0.03828125 0.04453125
11 0.30078125 0.77734375 0.065625 0.0625
19 0.38046875 0.83671875 0.078125 0.10703125
19 0.4328125 0.575 0.07265625 0.09921875
19 0.36484375 0.6828125 0.07734375 0.078125
19 0.24453125 0.5703125 0.053125 0.06875
19 0.15234375 0.5296875 0.09296875 0.05546875
19 0.1375 0.62578125 0.065625 0.05390625
19 0.15546875 0.72265625 0.06640625 0.0625
19 0.271875 0.73828125 0.06328125 0.11328125
19 0.11796875 0.43515625 0.059375 0.0609375
19 0.16015625 0.375 0.04453125 0.03359375
19 0.13515625 0.33046875 0.0359375 0.05703125
19 0.1515625 0.225 0.053125 0.04609375
19 0.29296875 0.315625 0.0875 0.05546875
19 0.3328125 0.39140625 0.065625 0.0625
11 0.390625 0.4359375 0.04140625 0.06875
11 0.36640625 0.50625 0.04375 0.03515625
11 0.325 0.6078125 0.0390625 0.0640625
11 0.2765625 0.578125 0.03671875 0.09375
19 0.3140625 0.54921875 0.03984375 0.075
11 0.27265625 0.39765625 0.03203125 0.04140625
11 0.16875 0.1796875 0.02734375 0.03203125
11 0.2140625 0.13046875 0.02265625 0.02421875