15 0.3372281890625 0 0.2962084296875 0.059615384375000004 0.24116255781249998 0.190384615625 0.2113460453125 0.378846153125 0.2205203546875 0.7634615390625 0.347813934375 1 0.78606375625 1 0.8157038421875 0.9692307687499999 0.8994194375 0.8326923078125 0.9636396218750001 0.5480769234375 0.971875 0.4272385734375 0.971875 0.40751335937500005 0.9521717328125 0.2826923078125 0.8810708140625 0.075 0.8300319593750001 0 0.3372281890625 0
9 0.66015625 0.0375 0.0375 0.049609375
9 0.58125 0.025 0.0751953125 0.05
9 0.73515625 0.1359375 0.0517578125 0.096484375
9 0.75546875 0.0765625 0.06875 0.075
9 0.6046875 0.1796875 0.033984375 0.05234375
9 0.65546875 0.190625 0.0330078125 0.065625
9 0.77265625 0.34765625 0.0455078125 0.075
9 0.665625 0.4 0.041015625 0.059765625
9 0.6609375 0.5234375 0.0376953125 0.0904296875
9 0.7515625 0.5328125 0.040625 0.1029296875
9 0.71328125 0.63203125 0.0625 0.0888671875
9 0.6796875 0.68671875 0.0375 0.0580078125
9 0.74375 0.72734375 0.037109375 0.0580078125
9 0.73515625 0.90234375 0.028125 0.0828125
9 0.78359375 0.7765625 0.0328125 0.0625
9 0.60859375 0.7640625 0.0390625 0.065625
9 0.60703125 0.64921875 0.053125 0.1548828125
9 0.6015625 0.9328125 0.0220703125 0.084375
9 0.59296875 0.8375 0.0359375 0.050390625
9 0.55078125 0.78828125 0.0328125 0.0486328125
9 0.51015625 0.81484375 0.0326171875 0.0482421875
9 0.45078125 0.9 0.053125 0.1123046875
9 0.3578125 0.77109375 0.025 0.080078125
9 0.33203125 0.60546875 0.0451171875 0.1232421875
9 0.41015625 0.59140625 0.0580078125 0.0515625
9 0.4515625 0.64609375 0.03515625 0.053125
9 0.459375 0.58203125 0.03046875 0.038671875
9 0.471875 0.50859375 0.01875 0.0576171875
9 0.4359375 0.51875 0.06484375 0.07421875
9 0.328125 0.5078125 0.04375 0.077734375
9 0.2984375 0.428125 0.040234375 0.0376953125
9 0.40703125 0.34140625 0.0923828125 0.1046875
9 0.48515625 0.3734375 0.0701171875 0.072265625
9 0.521875 0.17421875 0.0376953125 0.0734375
9 0.54296875 0.259375 0.0390625 0.078515625
9 0.48125 0.1578125 0.031640625 0.028515625
9 0.41796875 0.259375 0.025 0.0498046875
9 0.37890625 0.1421875 0.060546875 0.122265625
9 0.37578125 0.0234375 0.04375 0.0466796875
9 0.45234375 0.009375 0.0609375 0.01875