15 0.7841796875 0.9934640515625001 0.8251953125 0.9509803921875 0.896484375 0.8349673203125001 0.951171875 0.5931372546875 0.958984375 0.4787581703125 0.94140625 0.367647059375 0.880859375 0.1911764703125 0.7861328125 0.052287581250000006 0.7294921875 0.009803921875 0.6943359375 0.0032679734374999997 0.5419921875 0.0065359484374999995 0.4560546875 0.071895425 0.3828125 0.17810457500000001 0.3359375 0.2892156859375 0.310546875 0.44934640468750003 0.318359375 0.776143790625 0.4267578125 0.9771241828124999 0.5322265625 0.9967320265625 0.7841796875 0.9934640515625001
9 0.70390625 0.084375 0.046875 0.075
9 0.69296875 0.159375 0.03125 0.0421875
9 0.62734375 0.14140625 0.0640625 0.059375
9 0.75703125 0.24296875 0.04453125 0.08125
9 0.77421875 0.1921875 0.05859375 0.0640625
9 0.64609375 0.28046875 0.02890625 0.04375
9 0.6890625 0.2890625 0.02890625 0.05625
9 0.7890625 0.42265625 0.0390625 0.0640625
9 0.69765625 0.46796875 0.03515625 0.0515625
9 0.69375 0.571875 0.0328125 0.0765625
9 0.7703125 0.58046875 0.034375 0.0875
9 0.73828125 0.66484375 0.053125 0.075
9 0.709375 0.7109375 0.03125 0.05
9 0.7640625 0.7453125 0.03046875 0.05
9 0.75703125 0.89375 0.02421875 0.0703125
9 0.79765625 0.7875 0.028125 0.053125
9 0.64921875 0.7765625 0.03359375 0.05625
9 0.64765625 0.67890625 0.0453125 0.13203125
9 0.64296875 0.91953125 0.01953125 0.071875
9 0.6359375 0.8390625 0.03046875 0.04375
9 0.6 0.79765625 0.028125 0.0421875
9 0.56484375 0.8203125 0.02734375 0.040625
9 0.51484375 0.8921875 0.0453125 0.0953125
9 0.4359375 0.7828125 0.02109375 0.06875
9 0.41328125 0.6421875 0.03828125 0.10390625
9 0.4796875 0.63046875 0.05 0.04375
9 0.515625 0.67578125 0.03046875 0.0453125
9 0.521875 0.621875 0.025 0.0328125
9 0.5328125 0.559375 0.015625 0.0484375
9 0.5015625 0.56796875 0.0546875 0.0625
9 0.41015625 0.55859375 0.0375 0.065625
9 0.38515625 0.490625 0.03359375 0.0328125
9 0.47734375 0.41796875 0.07890625 0.0890625
9 0.54375 0.4453125 0.059375 0.0625
9 0.575 0.27578125 0.0328125 0.0625
9 0.59375 0.34765625 0.03359375 0.0671875
9 0.540625 0.26171875 0.028125 0.025
9 0.48671875 0.34765625 0.02109375 0.0421875
9 0.453125 0.2484375 0.05078125 0.10390625
9 0.45078125 0.146875 0.0375 0.0390625
9 0.5171875 0.10625 0.05234375 0.0796875