15 0.804792540625 1 0.8094143890625001 0.9964788734375001 0.888195903125 0.882042253125 0.9386160703125 0.76232394375 0.965625 0.59169658125 0.965625 0.577134640625 0.957523634375 0.23767605625 0.8409269968749999 0.0211267609375 0.7274816171875 0 0.4564732125 0.0035211265625 0.412355565625 0.049295775 0.33567489375 0.174295775 0.2768513640625 0.4348591546875 0.26875 0.553669659375 0.26875 0.5600107671875 0.28735556562500003 0.6778169015625 0.3524816171875 0.867957746875 0.4423852265625 1 0.804792540625 1
9 0.69140625 0.028125 0.0513671875 0.05625
9 0.68046875 0.09765625 0.034375 0.0453125
9 0.609375 0.07890625 0.06875 0.0640625
9 0.74921875 0.1875 0.048046875 0.0875
9 0.76796875 0.1328125 0.063671875 0.06875
9 0.6296875 0.228125 0.03125 0.046875
9 0.67578125 0.23828125 0.03125 0.0607421875
9 0.78359375 0.38125 0.0421875 0.06875
9 0.68515625 0.4296875 0.0388671875 0.0560546875
9 0.68046875 0.5421875 0.0357421875 0.0814453125
9 0.7640625 0.5515625 0.0373046875 0.09375
9 0.72890625 0.6421875 0.0576171875 0.0810546875
9 0.6984375 0.6921875 0.034375 0.0533203125
9 0.75703125 0.72890625 0.0328125 0.0544921875
9 0.74921875 0.8890625 0.0263671875 0.0751953125
9 0.79296875 0.77421875 0.0296875 0.057421875
9 0.6328125 0.7625 0.034765625 0.0595703125
9 0.63203125 0.6578125 0.048828125 0.14140625
9 0.6265625 0.9171875 0.021484375 0.077734375
9 0.61875 0.8296875 0.031640625 0.046875
9 0.58046875 0.78515625 0.0296875 0.0453125
9 0.54296875 0.809375 0.029296875 0.04375
9 0.48828125 0.8875 0.0486328125 0.1029296875
9 0.40390625 0.76953125 0.0232421875 0.0734375
9 0.3796875 0.61796875 0.040625 0.1125
9 0.45078125 0.60546875 0.0544921875 0.046875
9 0.48984375 0.6546875 0.0328125 0.047265625
9 0.496875 0.59609375 0.027734375 0.035546875
9 0.5078125 0.52890625 0.016015625 0.0517578125
9 0.47421875 0.53828125 0.059375 0.0671875
9 0.37578125 0.528125 0.0392578125 0.069140625
9 0.34921875 0.4546875 0.0359375 0.034765625
9 0.4484375 0.3765625 0.0845703125 0.096484375
9 0.5203125 0.40546875 0.065234375 0.0671875
9 0.55390625 0.22265625 0.0357421875 0.0671875
9 0.5734375 0.30078125 0.034765625 0.071875
9 0.51640625 0.2078125 0.0296875 0.027734375
9 0.45859375 0.30078125 0.0232421875 0.0453125
9 0.42265625 0.19375 0.0546875 0.1125
9 0.4203125 0.084375 0.0404296875 0.043359375
9 0.490625 0.040625 0.056640625 0.08125