15 0 0.7103896109375001 0.0576171875 0.797402596875 0.1201171875 0.8623376625000001 0.2275390625 0.9350649343749999 0.2724609375 0.953246753125 0.3837890625 0.9792207796874999 0.5205078125 0.984415584375 0.6826171875 0.9454545453125001 0.8408203125 0.8519480515625 0.953125 0.671428571875 0.9609375 0.559740259375 0.953125 0.45584415624999997 0.935546875 0.3831168828125 0.888671875 0.2740259734375 0.7919921875 0.140259740625 0.6103515625 0.0519480515625 0.4443359375 0.0129870125 0.3349609375 0.0233766234375 0.1513671875 0.1584415578125 0.0625 0.297402596875 0.017578125 0.3987012984375 0 0.48441558437500004 0 0.7103896109375001
2 0.53828125 0.2625 0.090625 0.14375
2 0.6734375 0.246875 0.11796875 0.1359375
2 0.71875 0.38359375 0.2265625 0.1375
2 0.76640625 0.56328125 0.1359375 0.215625
2 0.5109375 0.5765625 0.2046875 0.465625
2 0.45234375 0.26875 0.08125 0.0828125
2 0.3484375 0.18515625 0.0828125 0.10703125
2 0.3265625 0.2953125 0.1171875 0.10859375
2 0.1453125 0.37890625 0.15546875 0.29609375
2 0.25390625 0.503125 0.12421875 0.334375
0 0.23828125 0.30234375 0.065625 0.0671875
0 0.459375 0.19453125 0.14140625 0.10859375
0 0.5640625 0.165625 0.025 0.0625
0 0.65546875 0.5390625 0.10703125 0.2109375
0 0.371875 0.521875 0.11953125 0.24609375