15 0.313768915625 0 0.18541443124999998 0.062477678125000005 0.0791912546875 0.2096205359375 0.027689109375 0.3296205359375 0.0083758046875 0.40962053593750003 0 0.521138396875 0 0.5268816921874999 0.0083758046875 0.6467633937499999 0.1317663625 0.845334821875 0.3055861046875 0.9481919640625 0.48193512656250004 0.990625 0.49484644843750003 0.990625 0.633912284375 0.985334821875 0.75622988125 0.95676339375 0.8055861046875 0.9367633937500001 0.92361185625 0.85676339375 0.978125 0.8000599890625001 0.978125 0.221571378125 0.8892770921875 0.082477678125 0.7772964203125 0 0.313768915625 0
2 0.5140625 0.19765625 0.1 0.1578125
2 0.66328125 0.1796875 0.1296875 0.149609375
2 0.7125 0.33046875 0.249609375 0.1515625
2 0.76484375 0.528125 0.1486328125 0.2373046875
2 0.484375 0.54296875 0.225 0.5125
2 0.41953125 0.2046875 0.0892578125 0.090625
2 0.30546875 0.11171875 0.090625 0.117578125
2 0.28125 0.23359375 0.1283203125 0.1201171875
2 0.08359375 0.32265625 0.1671875 0.326171875
2 0.2015625 0.4625 0.1373046875 0.3685546875
0 0.184375 0.24140625 0.071875 0.0736328125
0 0.42734375 0.12265625 0.155078125 0.119921875
0 0.5421875 0.090625 0.028125 0.06875
0 0.64296875 0.5015625 0.1171875 0.2314453125
0 0.33203125 0.4828125 0.13125 0.27109375