15 0.4850146203125 0 0.3607456140625 0.0290697671875 0.1567982453125 0.1279069765625 0.0482456140625 0.2776162796875 0 0.389534884375 0 0.7610338718749999 0.10197368437500001 0.9244186046875 0.2302631578125 1 0.8164160390624999 1 0.9111842109375001 0.9360465109374999 0.9813596484374999 0.86337209375 1 0.835312378125 1 0.35800050625 0.97587719375 0.3037790703125 0.8760964906250001 0.1482558140625 0.6739203765624999 0 0.4850146203125 0
2 0.55859375 0.26484375 0.1015625 0.1609375
2 0.71015625 0.246875 0.1328125 0.1529296875
2 0.7609375 0.4 0.2533203125 0.1533203125
2 0.8140625 0.60078125 0.1529296875 0.2419921875
2 0.528125 0.61640625 0.23046875 0.521875
2 0.46171875 0.271875 0.0919921875 0.093359375
2 0.34453125 0.178125 0.092578125 0.119140625
2 0.3203125 0.3015625 0.13125 0.1216796875
2 0.1171875 0.3953125 0.1748046875 0.3314453125
2 0.2390625 0.534375 0.140234375 0.3748046875
0 0.221875 0.309375 0.074609375 0.075
0 0.46953125 0.1890625 0.158203125 0.121484375
0 0.5875 0.15625 0.028125 0.069140625
0 0.68984375 0.57421875 0.1203125 0.2359375
0 0.371875 0.5546875 0.134375 0.275