15 0.7919921875 0.8267973859375 0.8125 0.812091503125 0.904296875 0.5702614374999999 0.90625 0.4852941171875 0.8671875 0.292483659375 0.78515625 0.12581699375 0.7490234375 0.09477124218750001 0.540364584375 0.14472455625 0.3571428578125 0.1914098984375 0.0810546875 0.2614379078125 0.0048828125 0.33986928125000004 0.0009765625 0.48366013125 0.22228422656250002 0.477746653125 0.5166015625 0.722222221875 0.7919921875 0.8267973859375
11 0.54765625 0.3921875 0.09765625 0.13984375
11 0.29375 0.21640625 0.05390625 0.06875
6 0.328125 0.3703125 0.0640625 0.09375
6 0.39921875 0.24609375 0.078125 0.14609375
6 0.6109375 0.140625 0.1609375 0.0546875
6 0.6875 0.31953125 0.0390625 0.0890625
12 0.6359375 0.29453125 0.0421875 0.0609375
12 0.57265625 0.2734375 0.053125 0.0859375
6 0.48203125 0.35078125 0.0484375 0.14140625
6 0.51796875 0.31328125 0.0375 0.0703125
16 0.47421875 0.20859375 0.04921875 0.05625