15 0 0.4864596328125 0.2179628921875 0.48064301406250004 0.5145976875 0.7267269734374999 0.79020515625 0.83125 0.79319020625 0.83125 0.812826034375 0.8171875015625 0.9053457187499999 0.5737664484375 0.90625 0.534477821875 0.90625 0.4829939296875 0.86794414375 0.2941611859375 0.785266978125 0.126398028125 0.74884965625 0.09514802812499999 0.53854781875 0.1454299796875 0.3538834015625 0.192422465625 0.075621309375 0.2629111859375 0 0.34067560937499997 0 0.4864596328125
11 0.54609375 0.39453125 0.0984375 0.140625
11 0.290625 0.21796875 0.055859375 0.06875
6 0.32421875 0.37265625 0.0642578125 0.09375
6 0.39609375 0.24765625 0.079296875 0.146875
6 0.609375 0.14140625 0.1625 0.0546875
6 0.68671875 0.321875 0.0390625 0.08828125
12 0.63515625 0.296875 0.0421875 0.06171875
12 0.57109375 0.275 0.053125 0.087109375
6 0.4796875 0.353125 0.04765625 0.14296875
6 0.51640625 0.315625 0.0375 0.069140625
16 0.471875 0.21015625 0.05 0.05625