15 0.7712908781250001 1 0.9548076921875 0.647254465625 0.9654914531250001 0.6129687500000001 0.9734375 0.48546876406250006 0.9734375 0.47261160156250004 0.9548076921875 0.37296874999999996 0.9227564109375 0.29582589375 0.8949786328125 0.2386830359375 0.8255341890624999 0.16582589375 0.6759615390625 0.06582589375 0.447329059375 0.014397321874999999 0.2422008546875 0.10011160781249999 0.1738247859375 0.154397321875 0.0701923078125 0.284397321875 0 0.4086946203125 0 0.6975803578125 0.0360042734375 0.8043973203125001 0.07126068437500001 0.8543973203125 0.13963675312499998 0.9172544640625 0.3094165203125 1 0.7712908781250001 1
11 0.67421875 0.2734375 0.0611328125 0.0814453125
11 0.71640625 0.40390625 0.0640625 0.0640625
11 0.67109375 0.37109375 0.0611328125 0.0548828125
11 0.62109375 0.33671875 0.053125 0.0513671875
11 0.6 0.4140625 0.081640625 0.084375
11 0.746875 0.51875 0.0310546875 0.044140625
11 0.7515625 0.603125 0.0375 0.0314453125
11 0.69375 0.6171875 0.0470703125 0.0564453125
11 0.521875 0.609375 0.072265625 0.04921875
11 0.2765625 0.28515625 0.05859375 0.115625
11 0.41328125 0.17421875 0.0544921875 0.0625
11 0.46953125 0.0765625 0.0330078125 0.0283203125
13 0.50078125 0.771875 0.1484375 0.187890625
13 0.4453125 0.68359375 0.100390625 0.1125
13 0.325 0.58828125 0.159375 0.1205078125
11 0.45390625 0.6421875 0.0375 0.0810546875
6 0.2375 0.425 0.1123046875 0.1189453125
6 0.1875 0.41640625 0.0876953125 0.0794921875
6 0.16953125 0.50625 0.0890625 0.0595703125
6 0.20390625 0.5625 0.0888671875 0.071875
6 0.34921875 0.30390625 0.06875 0.1017578125
6 0.4859375 0.465625 0.0623046875 0.0970703125
6 0.5921875 0.6640625 0.030859375 0.184765625
6 0.65390625 0.58046875 0.0375 0.0607421875
6 0.440625 0.30078125 0.0408203125 0.046875
6 0.4 0.478125 0.05 0.0814453125
6 0.371875 0.528125 0.062890625 0.069140625
11 0.440625 0.5375 0.033984375 0.08671875
12 0.62890625 0.5734375 0.073046875 0.208984375
12 0.775 0.6046875 0.037890625 0.15625
12 0.7015625 0.67734375 0.1185546875 0.0736328125
12 0.68515625 0.1546875 0.138671875 0.097265625
16 0.45 0.3765625 0.0470703125 0.0875
16 0.5046875 0.1421875 0.087109375 0.099609375
11 0.32890625 0.390625 0.0544921875 0.062890625
11 0.34453125 0.46484375 0.0763671875 0.0326171875