15 0 0.55420839375 0.0185425296875 0.6529652968749999 0.0496628625 0.7275509328124999 0.07663381875 0.7827995515625 0.14406120312499998 0.8532415406249999 0.28928941875 0.9499266234375 0.5112811203125001 0.9996503796875 0.7104512453125 0.9167774515625 0.7768412875 0.8642912640624999 0.8774636921875001 0.73860065625 0.9375 0.6327370218749999 0.9375 0.3151340234375 0.9106587125000001 0.235838225 0.8764263484375 0.187495684375 0.8100363078124999 0.126722203125 0.610812984375 0.0300371203125 0.2054449328125 0.0300371203125 0.0185425296875 0.38777192656250004 0.008169085937499999 0.4209210984375 0 0.5514459484375 0 0.55420839375
11 0.646875 0.28125 0.0595703125 0.080859375
11 0.68671875 0.40703125 0.0625 0.061328125
11 0.64296875 0.375 0.0607421875 0.0533203125
11 0.59453125 0.3421875 0.0515625 0.047265625
11 0.57421875 0.41640625 0.0798828125 0.08125
11 0.7171875 0.51796875 0.0283203125 0.04375
11 0.721875 0.59921875 0.037109375 0.03125
11 0.665625 0.61328125 0.0466796875 0.0548828125
11 0.4984375 0.60625 0.071484375 0.046875
11 0.26015625 0.2921875 0.05625 0.1125
11 0.39296875 0.18515625 0.0517578125 0.0607421875
11 0.44765625 0.090625 0.0328125 0.027734375
13 0.47734375 0.7625 0.14375 0.1814453125
13 0.42421875 0.67734375 0.0982421875 0.1080078125
13 0.3078125 0.5859375 0.153515625 0.116015625
11 0.4328125 0.6375 0.0373046875 0.078125
6 0.221875 0.42734375 0.1091796875 0.115625
6 0.1734375 0.41875 0.0845703125 0.075390625
6 0.15625 0.50625 0.0873046875 0.0591796875
6 0.18984375 0.56015625 0.0857421875 0.0701171875
6 0.33046875 0.31015625 0.0671875 0.0986328125
6 0.46328125 0.4671875 0.0607421875 0.0939453125
6 0.56640625 0.65859375 0.0294921875 0.1794921875
6 0.6265625 0.57734375 0.0373046875 0.0580078125
6 0.41953125 0.3078125 0.040625 0.046484375
6 0.3796875 0.47890625 0.04765625 0.0796875
6 0.35234375 0.52734375 0.0625 0.0673828125
11 0.41953125 0.5359375 0.0328125 0.08359375
12 0.60234375 0.57109375 0.0705078125 0.2015625
12 0.74453125 0.60078125 0.0375 0.1513671875
12 0.67265625 0.671875 0.1142578125 0.071875
12 0.65703125 0.16640625 0.134375 0.094921875
16 0.42890625 0.38125 0.0455078125 0.084375
16 0.48203125 0.15390625 0.084375 0.0955078125
11 0.3109375 0.39375 0.0529296875 0.0623046875
11 0.3265625 0.46640625 0.072265625 0.03125