15 0.1748046875 0.8723958328125001 0.3837890625 0.9739583328125001 0.7177734375 0.9947916671874999 0.732421875 0.9856770828125001 0.919921875 0.6263020828125 0.9296875 0.5950520828125 0.9375 0.4700520828125 0.919921875 0.3763020828125 0.890625 0.3059895828125 0.865234375 0.25390625 0.8017578125 0.1875 0.6650390625 0.09635416718749999 0.4560546875 0.0494791671875 0.2685546875 0.1276041671875 0.2060546875 0.1770833328125 0.111328125 0.2955729171875 0.0390625 0.4231770828125 0.01953125 0.5221354171875 0.017578125 0.5846354171875 0.080078125 0.76953125 0.1123046875 0.8151041671874999 0.1748046875 0.8723958328125001
11 0.66328125 0.2859375 0.05625 0.075
11 0.7015625 0.4046875 0.05859375 0.05859375
11 0.66015625 0.37421875 0.05625 0.05078125
11 0.61484375 0.34296875 0.0484375 0.04609375
11 0.5953125 0.41328125 0.07578125 0.0765625
11 0.7296875 0.509375 0.02734375 0.04140625
11 0.734375 0.5859375 0.034375 0.02890625
11 0.68125 0.59921875 0.04375 0.05234375
11 0.52421875 0.5921875 0.06640625 0.04453125
11 0.3 0.29609375 0.053125 0.10546875
11 0.42421875 0.1953125 0.04921875 0.05703125
11 0.4765625 0.10625 0.03125 0.02578125
13 0.5046875 0.73984375 0.1359375 0.171875
13 0.45390625 0.659375 0.0921875 0.10234375
13 0.34375 0.57265625 0.14609375 0.11015625
11 0.46171875 0.621875 0.034375 0.0734375
6 0.2640625 0.4234375 0.10234375 0.10859375
6 0.21796875 0.415625 0.08046875 0.071875
6 0.2015625 0.49765625 0.08125 0.05546875
6 0.23359375 0.54921875 0.08046875 0.065625
6 0.365625 0.31328125 0.06328125 0.09375
6 0.49140625 0.4609375 0.05625 0.0890625
6 0.58828125 0.6421875 0.02734375 0.16875
6 0.64453125 0.565625 0.034375 0.05546875
6 0.45 0.3109375 0.03828125 0.04296875
6 0.4125 0.47265625 0.04609375 0.075
6 0.38671875 0.51796875 0.05859375 0.0640625
11 0.45 0.5265625 0.03125 0.078125
12 0.621875 0.559375 0.06640625 0.18984375
12 0.75546875 0.5875 0.0359375 0.1421875
12 0.68828125 0.65390625 0.1078125 0.0671875
12 0.6734375 0.17734375 0.1265625 0.0890625
16 0.45859375 0.3796875 0.04375 0.0796875
16 0.50859375 0.16640625 0.07890625 0.090625
11 0.34765625 0.3921875 0.04921875 0.05859375
11 0.36171875 0.46015625 0.06875 0.02890625