15 0.13403096406249998 0 0.060779817187499995 0.0426829265625 0 0.11305074687500001 0 0.9118163359375 0.06766055 0.9908536578125 0.081880734375 1 1 1 1 0.0525759078125 0.9119057546875 0 0.13403096406249998 0
13 0.396875 0.0484375 0.1375 0.096875
13 0.5390625 0.0671875 0.0966796875 0.134375
13 0.50390625 0.18125 0.128125 0.102734375
13 0.69140625 0.103125 0.13125 0.112109375
13 0.83671875 0.22734375 0.090625 0.161328125
13 0.9265625 0.4296875 0.146875 0.121875
13 0.64140625 0.55 0.185546875 0.146875
13 0.7171875 0.70625 0.227734375 0.2220703125
13 0.365625 0.4828125 0.149609375 0.1376953125
13 0.40625 0.77578125 0.146875 0.2796875
13 0.19140625 0.80546875 0.1951171875 0.2421875
13 0.0890625 0.6625 0.178125 0.234375
13 0.021875 0.4390625 0.04375 0.1591796875
13 0.05703125 0.18984375 0.1140625 0.2046875
13 0.18671875 0.32265625 0.1736328125 0.1638671875
13 0.31171875 0.1734375 0.2078125 0.109765625
13 0.3546875 0.31484375 0.109765625 0.121875
6 0.0703125 0.44921875 0.1341796875 0.171875
6 0.7953125 0.446875 0.090625 0.0875
6 0.42265625 0.2375 0.0609375 0.087109375
6 0.278125 0.0734375 0.05 0.059375
13 0.56484375 0.40078125 0.201953125 0.139453125
13 0.66953125 0.2296875 0.201171875 0.12109375