15 1 0.2513020828125 0.9091796875 0.1458333328125 0.7666015625 0.0625 0.6455078125 0.0234375 0.5048828125 0.010416667187500001 0.2626953125 0.0625 0.0712890625 0.1770833328125 0.0068359375 0.23177083281250002 0 0.24088541718749998 0 0.90234375 0.0791015625 0.9791666671874999 0.1162109375 0.9947916671874999 0.1962890625 0.9973958328125001 0.8427734375 0.9947916671874999 0.9033203125 0.9557291671874999 1 0.8424479171874999 1 0.2513020828125
13 0.4484375 0.1359375 0.1171875 0.11796875
13 0.56953125 0.16640625 0.0828125 0.11796875
13 0.53828125 0.2640625 0.109375 0.0875
13 0.69765625 0.19765625 0.11171875 0.0953125
13 0.821875 0.303125 0.07734375 0.1375
13 0.91875 0.478125 0.1625 0.10390625
13 0.65546875 0.57890625 0.15703125 0.12578125
13 0.7203125 0.7125 0.19296875 0.18984375
13 0.4203125 0.521875 0.1265625 0.11796875
13 0.45546875 0.771875 0.125 0.2390625
13 0.27265625 0.79765625 0.165625 0.20703125
13 0.1765625 0.6765625 0.17109375 0.20078125
13 0.07421875 0.4859375 0.1484375 0.1375
13 0.1140625 0.2734375 0.18828125 0.1734375
13 0.26796875 0.38515625 0.1484375 0.1390625
13 0.37421875 0.25703125 0.1765625 0.0953125
13 0.4109375 0.378125 0.09453125 0.10390625
6 0.16953125 0.49296875 0.1140625 0.146875
6 0.0875 0.56328125 0.0609375 0.04140625
6 0.78671875 0.490625 0.07734375 0.075
6 0.46953125 0.3125 0.0515625 0.0734375
6 0.34609375 0.17265625 0.0421875 0.05078125
13 0.590625 0.4515625 0.17265625 0.11953125
13 0.6796875 0.30546875 0.17109375 0.10234375