15 1 0.149672296875 0.9100790515625 0.0444490125 0.8488142296875001 0.0049753296875 0.1136363640625 0.0049753296875 0.07608695625 0.020764803125000002 0 0.0945627234375 0 0.772080590625 0.0029644265624999997 0.776027959375 0.06818181875 0.83129111875 0.2618577078125 0.9470805906249999 0.5069169953125 0.9997121703125 0.6492094859375 0.9865542749999999 0.7717391296875 0.9470805906249999 0.9160079046874999 0.862870065625 1 0.7654592 1 0.149672296875
13 0.44921875 0.13203125 0.11875 0.1201171875
13 0.57265625 0.1625 0.083203125 0.119140625
13 0.540625 0.26171875 0.1095703125 0.0888671875
13 0.70234375 0.19453125 0.1125 0.0955078125
13 0.828125 0.3015625 0.078125 0.140234375
13 0.92109375 0.4765625 0.1578125 0.1060546875
13 0.659375 0.5796875 0.159375 0.127734375
13 0.725 0.71484375 0.194140625 0.1921875
13 0.421875 0.521875 0.128125 0.1189453125
13 0.45703125 0.775 0.1265625 0.241015625
13 0.271875 0.80078125 0.168359375 0.2080078125
13 0.17421875 0.678125 0.1734375 0.203125
13 0.071875 0.48359375 0.14375 0.1359375
13 0.1109375 0.27109375 0.190625 0.175
13 0.2671875 0.384375 0.15 0.140625
13 0.375 0.2546875 0.1783203125 0.0966796875
13 0.4125 0.37734375 0.094140625 0.1048828125
6 0.1671875 0.49296875 0.1154296875 0.1484375
6 0.08515625 0.56328125 0.0611328125 0.0419921875
6 0.7921875 0.490625 0.078125 0.075390625
6 0.47109375 0.31015625 0.051953125 0.073828125
6 0.346875 0.16875 0.043359375 0.050390625
13 0.59375 0.4515625 0.174609375 0.121484375
13 0.68359375 0.30390625 0.1734375 0.1044921875