15 0.4033203125 0.9947916671874999 0.5517578125 0.9921875 0.654296875 0.8190104171874999 0.751953125 0.6106770828125 0.779296875 0.41796875 0.71875 0.3059895828125 0.5498046875 0.08333333281250001 0.5224609375 0.05208333281250001 0.4228515625 0.0052083328125 0.3671875 0.009114582812499999 0.294921875 0.2955729171875 0.28515625 0.5221354171875 0.2890625 0.6497395828125 0.3828125 0.9622395828125001 0.4033203125 0.9947916671874999
13 0.55 0.48671875 0.0921875 0.17890625
13 0.4671875 0.77109375 0.07890625 0.21328125
13 0.35859375 0.3015625 0.0828125 0.09765625
1 0.3375 0.7234375 0.05625 0.08125
1 0.3984375 0.56796875 0.059375 0.0671875
1 0.359375 0.6375 0.0484375 0.03984375
1 0.48046875 0.24375 0.10703125 0.0984375
1 0.47421875 0.58984375 0.07578125 0.12890625
1 0.63984375 0.64375 0.08046875 0.0671875
1 0.61953125 0.70390625 0.07109375 0.075