15 0.36818405468750004 0.995799246875 0.4058778375 0.9984375 0.42703155625000006 0.9984375 0.5246801171875 0.9526055296875 0.5522391734375 0.9211919171874999 0.7225147640625 0.6973699265625 0.7828125 0.586143465625 0.7828125 0.5797021046874999 0.75597933125 0.39108720625000004 0.657554134375 0.181663121875 0.5542076765624999 0.0075793515625 0.404601378125 0.00496155 0.3839320859375 0.0376840625 0.289443896875 0.3518201875 0.2859375 0.46606264218750004 0.2859375 0.4900564625 0.295349409375 0.7078411328125 0.36818405468750004 0.995799246875
13 0.55234375 0.4890625 0.092578125 0.180859375
13 0.46875 0.775 0.080859375 0.212890625
13 0.359375 0.303125 0.083984375 0.09921875
1 0.33828125 0.72734375 0.0576171875 0.08125
1 0.4 0.57109375 0.059765625 0.067578125
1 0.36015625 0.640625 0.0484375 0.0404296875
1 0.4828125 0.24453125 0.108984375 0.0984375
1 0.4765625 0.59296875 0.077734375 0.1296875
1 0.64296875 0.646875 0.08125 0.0685546875
1 0.621875 0.7078125 0.071875 0.075390625