15 0.604517065625 0 0.5296525671875 0.035135134375 0.5011972828125 0.0675675671875 0.3253842734375 0.2986486484375 0.26237614531250003 0.41486486562499997 0.2908314296875 0.614864865625 0.39245744375 0.83108108125 0.49274627656250003 1 0.6621728921875001 1 0.674977771875 0.9797297296874999 0.7725387453125 0.6554054046875 0.7734375 0.626125434375 0.7734375 0.44971366250000006 0.7664411859375 0.2878378375 0.693630765625 0 0.604517065625 0
13 0.53828125 0.4859375 0.0953125 0.184765625
13 0.4515625 0.78125 0.083984375 0.2216796875
13 0.33828125 0.29453125 0.0859375 0.1015625
1 0.31640625 0.73203125 0.0580078125 0.084375
1 0.38046875 0.57109375 0.0625 0.0703125
1 0.33984375 0.6421875 0.05 0.0408203125
1 0.465625 0.23359375 0.112109375 0.1015625
1 0.459375 0.59296875 0.0783203125 0.1330078125
1 0.63125 0.6484375 0.0841796875 0.071484375
1 0.61015625 0.71171875 0.0736328125 0.078125