15 0.2929937625 0 0.054526870312499996 0.128125 0.0066296734375 0.16039708749999998 0.0066296734375 0.816196646875 0.08723715 0.91875 0.18770443750000002 1 0.7694801390625 1 0.8769567765625 0.9 0.9505549078125 0.7640625 0.9996203265625001 0.6109375 0.9972838796874999 0.4828125 0.96223715 0.3578125 0.82789135625 0.128125 0.5989193937499999 0.00625 0.5620035046875 0 0.2929937625 0
13 0.440625 0.12421875 0.0998046875 0.0828125
13 0.3078125 0.24375 0.078125 0.0904296875
13 0.2140625 0.2375 0.127734375 0.081640625
13 0.31484375 0.3234375 0.1796875 0.134765625
13 0.35703125 0.46328125 0.1171875 0.0888671875
13 0.28515625 0.903125 0.1919921875 0.19375
13 0.10546875 0.7515625 0.073828125 0.118359375
13 0.17265625 0.63125 0.0796875 0.09375
13 0.4859375 0.5671875 0.090625 0.1310546875
13 0.57421875 0.46640625 0.0703125 0.1294921875
13 0.715625 0.44453125 0.128515625 0.161328125
13 0.928125 0.58515625 0.1314453125 0.1607421875
13 0.62265625 0.909375 0.1796875 0.1720703125
13 0.87578125 0.79609375 0.1515625 0.201953125
13 0.85078125 0.3546875 0.103125 0.099609375
13 0.6765625 0.25625 0.1625 0.15625
13 0.590625 0.13828125 0.1125 0.1125
13 0.58046875 0.0296875 0.095703125 0.059375
13 0.41796875 0.0296875 0.09375 0.059375
13 0.9421875 0.15390625 0.115625 0.0767578125