15 0.45370244218750005 0.9546875 0.6093410328125 0.9284539484375 0.8030169218750001 0.8258223687499999 0.9166532859375 0.6324013171875 0.9462975546875001 0.527138159375 0.9482738390625001 0.4192434203125 0.9067718640625 0.2902960515625 0.8445188984374999 0.1758223671875 0.7536098078125 0.091611840625 0.597483325 0.046875 0.4136477015625 0.0390625 0.41140892500000004 0.0390625 0.295111784375 0.070559209375 0.261514946875 0.091611840625 0.176534709375 0.1600328953125 0.0549932078125 0.3139802625 0.0095386609375 0.466611840625 0.017443800000000002 0.737664475 0.148866725 0.8258223687499999 0.380092021875 0.9495065796875 0.452072025 0.9546875 0.45370244218750005 0.9546875
13 0.3765625 0.16484375 0.083984375 0.069921875
13 0.2640625 0.265625 0.0658203125 0.0751953125
13 0.184375 0.2609375 0.1064453125 0.0689453125
13 0.2703125 0.3328125 0.1529296875 0.1154296875
13 0.30625 0.45078125 0.099609375 0.0736328125
13 0.24609375 0.8265625 0.1625 0.172265625
13 0.09296875 0.69375 0.0625 0.0998046875
13 0.15 0.5921875 0.068359375 0.0783203125
13 0.41484375 0.53828125 0.0765625 0.1107421875
13 0.48984375 0.45390625 0.059375 0.1080078125
13 0.609375 0.43515625 0.109375 0.1359375
13 0.7890625 0.553125 0.112109375 0.134375
13 0.53046875 0.8265625 0.1517578125 0.146484375
13 0.7453125 0.73046875 0.128125 0.1703125
13 0.89765625 0.4453125 0.0875 0.1064453125
13 0.89453125 0.27890625 0.0921875 0.1111328125
13 0.7234375 0.359375 0.0875 0.0841796875
13 0.5765625 0.2765625 0.1375 0.13125
13 0.503125 0.17734375 0.094140625 0.0951171875
13 0.49609375 0.0828125 0.08125 0.0595703125
13 0.35859375 0.0859375 0.0798828125 0.0533203125
13 0.80078125 0.190625 0.0982421875 0.0654296875