15 0.2080078125 0.8932291671874999 0.3623046875 0.9375 0.5458984375 0.9453125 0.6611328125 0.9140625 0.6943359375 0.8932291671874999 0.7783203125 0.8255208328125001 0.8984375 0.6731770828125 0.943359375 0.5221354171875 0.935546875 0.25390625 0.8056640625 0.1666666671875 0.5771484375 0.0442708328125 0.5048828125 0.0390625 0.3505859375 0.06510416718749999 0.1591796875 0.1666666671875 0.046875 0.3580729171875 0.017578125 0.4622395828125 0.015625 0.5690104171875 0.056640625 0.6966145828125 0.1181640625 0.8098958328125001 0.2080078125 0.8932291671874999
13 0.378125 0.16328125 0.0828125 0.06875
13 0.2671875 0.2625 0.065625 0.075
13 0.18828125 0.2578125 0.10546875 0.06875
13 0.27265625 0.3296875 0.15078125 0.11328125
13 0.30859375 0.44609375 0.09765625 0.0734375
13 0.24921875 0.81796875 0.1609375 0.171875
13 0.09765625 0.6859375 0.06171875 0.09765625
13 0.15390625 0.5859375 0.06640625 0.078125
13 0.415625 0.53203125 0.07578125 0.10859375
13 0.48984375 0.4484375 0.05859375 0.10703125
13 0.6078125 0.43046875 0.1078125 0.13515625
13 0.7859375 0.54765625 0.11015625 0.13359375
13 0.53046875 0.81796875 0.15078125 0.14375
13 0.7421875 0.7234375 0.1265625 0.16875
13 0.89296875 0.440625 0.0859375 0.10546875
13 0.88984375 0.27578125 0.090625 0.11015625
13 0.72109375 0.35546875 0.0859375 0.0828125
13 0.57578125 0.2734375 0.1359375 0.13046875
13 0.503125 0.175 0.09453125 0.09375
13 0.49609375 0.08203125 0.08046875 0.059375
13 0.36015625 0.08515625 0.07890625 0.05390625
13 0.79765625 0.18828125 0.096875 0.0640625