15 0.8271556906249999 1 0.8580861093750001 0.9678768390625001 0.894429721875 0.8693474265625 0.9 0.7968273265625 0.9 0.7492881125 0.838262321875 0.6472886015625 0.384517828125 0.17964154375000002 0.336059678125 0.15317095625 0.22592752031250002 0.1472886046875 0.1752667265625 0.170818015625 0.1543416171875 0.2017003671875 0.156544259375 0.25464154375 0.22702884218750002 0.372288603125 0.62570725625 0.9487591921874999 0.6846724484375 1 0.8271556906249999 1
0 0.3921875 0.74765625 0.084375 0.1232421875
0 0.31796875 0.80625 0.0638671875 0.13125
0 0.41484375 0.86875 0.046875 0.1060546875
0 0.42890625 0.659375 0.04375 0.0876953125
0 0.50859375 0.521875 0.094921875 0.069140625
0 0.521875 0.60703125 0.0873046875 0.0828125
0 0.4890625 0.68125 0.0560546875 0.0873046875
0 0.6234375 0.37890625 0.0935546875 0.0701171875
0 0.53515625 0.39609375 0.03125 0.0236328125
0 0.6578125 0.43671875 0.0375 0.0392578125
0 0.61171875 0.46328125 0.0642578125 0.0453125
0 0.71328125 0.2828125 0.08125 0.0876953125
0 0.78515625 0.20234375 0.0767578125 0.0548828125
0 0.70234375 0.3984375 0.0359375 0.0533203125
0 0.73359375 0.36328125 0.020703125 0.03125
0 0.640625 0.31640625 0.049609375 0.065625