15 0.2646484375 0.9453125 0.3486328125 0.9348958328125001 0.41015625 0.8815104171874999 0.763671875 0.37109375 0.826171875 0.2669270828125 0.828125 0.22005208281250002 0.8095703125 0.1927083328125 0.7646484375 0.171875 0.6669921875 0.1770833328125 0.6240234375 0.20052083281250002 0.2216796875 0.6145833328125 0.1640625 0.7096354171875 0.171875 0.8111979171874999 0.2041015625 0.8984375 0.2392578125 0.9348958328125001 0.2646484375 0.9453125
0 0.375 0.70390625 0.075 0.10859375
0 0.309375 0.75546875 0.05625 0.11640625
0 0.3953125 0.8109375 0.04140625 0.09375
0 0.4078125 0.62578125 0.0390625 0.078125
0 0.478125 0.50390625 0.08359375 0.0609375
0 0.48984375 0.57890625 0.07734375 0.0734375
0 0.4609375 0.6453125 0.04921875 0.0765625
0 0.58046875 0.3765625 0.0828125 0.0609375
0 0.50234375 0.3921875 0.02734375 0.02109375
0 0.6109375 0.428125 0.03359375 0.03515625
0 0.56953125 0.4515625 0.0578125 0.03984375
0 0.66015625 0.2921875 0.07265625 0.078125
0 0.7234375 0.2203125 0.06875 0.04921875
0 0.65 0.39453125 0.03203125 0.04765625
0 0.678125 0.36328125 0.01875 0.02734375
0 0.5953125 0.321875 0.04375 0.05859375