15 0.11605290625 0.21922695 0.11812759375 0.2689507078125 0.18451763593749998 0.37944794531250003 0.56003630625 0.920884409375 0.62538900625 0.97751424375 0.6933954421874999 0.9859375 0.7210114921875 0.9859375 0.7415715796875 0.97751424375 0.778915975 0.9388402093750001 0.8131483390625001 0.846298775 0.821447096875 0.7385639671875001 0.760243775 0.6377352375 0.3328578828125 0.19850871875 0.2872147328125 0.1736468390625 0.183480290625 0.16812197812500002 0.13576245 0.190221425 0.11605290625 0.21922695
0 0.340625 0.7328125 0.08046875 0.115625
0 0.27109375 0.7875 0.060546875 0.12421875
0 0.36171875 0.846875 0.04375 0.0998046875
0 0.375 0.65 0.041015625 0.08203125
0 0.45 0.52109375 0.087890625 0.0642578125
0 0.4625 0.60078125 0.0814453125 0.078125
0 0.43203125 0.6703125 0.0517578125 0.08125
0 0.55859375 0.3859375 0.0875 0.0654296875
0 0.475 0.40234375 0.0283203125 0.0232421875
0 0.590625 0.440625 0.0345703125 0.0375
0 0.546875 0.465625 0.062109375 0.043359375
0 0.64296875 0.29609375 0.0765625 0.0828125
0 0.7109375 0.2203125 0.072265625 0.0529296875
0 0.6328125 0.4046875 0.034375 0.05
0 0.66171875 0.37109375 0.019921875 0.029296875
0 0.57421875 0.32734375 0.0455078125 0.0611328125