15 1 0.3057429984375 0.839655171875 0.2319992328125 0.5913793109375 0.188966446875 0.31551724062500003 0.2053598890625 0.0913793109375 0.26478611875 0 0.31356703124999996 0 0.753515625 0.0068965515625000005 0.7678598890624999 0.136206896875 0.8406057890625 0.363793103125 0.8897861171875 0.44968101718750003 0.896875 0.5543373328125 0.896875 0.6603448281250001 0.8918353 0.7706896546875 0.8733926765625 0.8672413796875 0.8426549718749999 1 0.7781057890625 1 0.3057429984375
13 0.50390625 0.2796875 0.1013671875 0.0498046875
13 0.73203125 0.33046875 0.121875 0.0732421875
13 0.9234375 0.40078125 0.096484375 0.0642578125
13 0.51640625 0.365625 0.135546875 0.053515625
13 0.66328125 0.65859375 0.121875 0.0701171875
13 0.46328125 0.73359375 0.1296875 0.0642578125
13 0.053125 0.67890625 0.10625 0.0671875
9 0.21796875 0.61015625 0.1111328125 0.0830078125
9 0.09453125 0.53671875 0.1455078125 0.0767578125
9 0.353125 0.59296875 0.1435546875 0.0767578125
9 0.5171875 0.6515625 0.137890625 0.065234375
9 0.39296875 0.6734375 0.0638671875 0.0560546875
9 0.31953125 0.72109375 0.1140625 0.0421875
9 0.615625 0.75703125 0.09453125 0.089453125
9 0.7890625 0.709375 0.1345703125 0.0908203125
9 0.7203125 0.5578125 0.1623046875 0.0783203125
9 0.7296875 0.51875 0.0626953125 0.0466796875
9 0.77734375 0.465625 0.0638671875 0.0466796875
9 0.86796875 0.48515625 0.0857421875 0.0607421875
9 0.86640625 0.55546875 0.1140625 0.0390625
9 0.68828125 0.4765625 0.1080078125 0.033984375
9 0.63046875 0.42265625 0.0923828125 0.0421875
9 0.56796875 0.45 0.06875 0.03046875
9 0.76015625 0.40859375 0.1296875 0.051953125
9 0.62265625 0.35078125 0.0826171875 0.0486328125
9 0.64609375 0.38125 0.0548828125 0.0375
9 0.7546875 0.36171875 0.128515625 0.0390625
9 0.6265625 0.27265625 0.1158203125 0.0607421875
9 0.43125 0.315625 0.112890625 0.0841796875
9 0.31875 0.29453125 0.10625 0.0701171875
9 0.29453125 0.35546875 0.121875 0.0486328125
9 0.175 0.39453125 0.2125 0.0705078125
9 0.31484375 0.39609375 0.0765625 0.0203125
9 0.33046875 0.43125 0.0609375 0.028125
9 0.2109375 0.45859375 0.177734375 0.051171875
9 0.26015625 0.53515625 0.1388671875 0.0486328125
9 0.3171875 0.653125 0.059765625 0.018359375
9 0.0796875 0.5953125 0.078515625 0.01875