15 0.5966796875 1 0.73046875 0.6982421875 0.814453125 0.4208984375 0.91015625 0.0419921875 0.90625 0.0283203125 0.8486328125 0 0.05078125 0.0009765625 0.072265625 0.0908203125 0.33203125 0.7119140625 0.462890625 0.9970703125 0.5966796875 1
15 0.43359375 0.9228515625 0.216796875 0.4482421875 0.029296875 0.0791015625 0.0009765625 0.0390625 0 0.9951171875 0.4521484375 1 0.45703125 0.9931640625 0.43359375 0.9228515625
0 0.21171875 0.7234375 0.1859375 0.0796875
0 0.02421875 0.79140625 0.0484375 0.05703125
0 0.05546875 0.93671875 0.075 0.034375
0 0.12109375 0.95390625 0.05546875 0.05078125
0 0.08359375 0.56953125 0.05234375 0.05390625
0 0.13828125 0.65390625 0.0296875 0.0296875
16 0.18046875 0.5625 0.075 0.06484375
16 0.28359375 0.6640625 0.06328125 0.0359375
16 0.13984375 0.88828125 0.1078125 0.06015625
16 0.07734375 0.7125 0.0734375 0.115625
16 0.03984375 0.5375 0.0734375 0.0859375
16 0.02265625 0.32265625 0.0453125 0.0453125