15 1 0.16004414218750002 0.9718045109375 0.144124859375 0.7236842109375 0.09031320000000001 0.5883458640625 0.0791024375 0.40037594062500004 0.0880710484375 0.2800751875 0.10825042031250001 0.1748120296875 0.14188270625 0 0.2271864171875 0 0.71547405 0.20488721875000002 0.8100441421875001 0.47050886406250003 0.85625 0.4903077921875 0.85625 0.7763157890625 0.8391921234374999 1 0.7796716 1 0.16004414218750002
13 0.4296875 0.178125 0.1095703125 0.053125
13 0.678125 0.234375 0.131640625 0.080859375
13 0.88671875 0.3109375 0.1044921875 0.0716796875
13 0.4421875 0.271875 0.1470703125 0.0591796875
13 0.603125 0.59296875 0.131640625 0.0763671875
13 0.384375 0.675 0.1408203125 0.0716796875
9 0.1171875 0.53984375 0.121484375 0.091796875
9 0.0296875 0.45625 0.059375 0.084375
9 0.26484375 0.52109375 0.15625 0.084375
9 0.44375 0.58515625 0.15 0.0705078125
9 0.3078125 0.609375 0.069140625 0.059765625
9 0.228125 0.6609375 0.1248046875 0.046875
9 0.55078125 0.70078125 0.104296875 0.0984375
9 0.740625 0.64765625 0.1470703125 0.1
9 0.66484375 0.48203125 0.1765625 0.0859375
9 0.675 0.43984375 0.0689453125 0.05
9 0.72734375 0.38125 0.0701171875 0.05
9 0.82578125 0.403125 0.0921875 0.065625
9 0.82421875 0.4796875 0.123828125 0.043359375
9 0.63046875 0.39375 0.11875 0.037109375
9 0.5671875 0.33515625 0.102734375 0.046875
9 0.49921875 0.3640625 0.075 0.033984375
9 0.70859375 0.31953125 0.1419921875 0.0576171875
9 0.5578125 0.25546875 0.0904296875 0.053125
9 0.584375 0.2890625 0.062109375 0.0408203125
9 0.70234375 0.26796875 0.1419921875 0.0423828125
9 0.5625 0.1703125 0.127734375 0.065625
9 0.35 0.21796875 0.1248046875 0.0919921875
9 0.22734375 0.19453125 0.115625 0.0763671875
9 0.20078125 0.2609375 0.1328125 0.053125
9 0.0921875 0.30234375 0.184375 0.0765625
9 0.22265625 0.30546875 0.0830078125 0.0232421875
9 0.23984375 0.34453125 0.0669921875 0.03125
9 0.11015625 0.3734375 0.19375 0.0560546875
9 0.16328125 0.45703125 0.15 0.053125
9 0.22578125 0.58671875 0.0669921875 0.01875