15 0.5702614374999999 0.865234375 0.8055555562500001 0.82421875 0.9934640515625001 0.7373046875 0.9934640515625001 0.3212890625 0.831699346875 0.2421875 0.740196078125 0.212890625 0.635620915625 0.1953125 0.47222222187499996 0.1875 0.3545751640625 0.197265625 0.13888888906250002 0.244140625 0.01633986875 0.3134765625 0.0032679734374999997 0.3408203125 0 0.7412109375 0.09640522812499999 0.79296875 0.30882352968750004 0.849609375 0.5702614374999999 0.865234375
13 0.4875 0.27421875 0.0953125 0.046875
13 0.70390625 0.32265625 0.115625 0.06875
13 0.88515625 0.38984375 0.090625 0.06171875
13 0.49921875 0.35625 0.128125 0.05078125
13 0.63828125 0.63515625 0.115625 0.06640625
13 0.4484375 0.70703125 0.1234375 0.06171875
13 0.0578125 0.65625 0.1109375 0.06328125
9 0.21640625 0.58984375 0.10546875 0.0796875
9 0.09921875 0.51875 0.13828125 0.0734375
9 0.34453125 0.5734375 0.1359375 0.0734375
9 0.5 0.62890625 0.13046875 0.06171875
9 0.38203125 0.65 0.06015625 0.05234375
9 0.31328125 0.69453125 0.1078125 0.040625
9 0.59296875 0.7296875 0.090625 0.0859375
9 0.7578125 0.68359375 0.128125 0.0875
9 0.6921875 0.5390625 0.153125 0.075
9 0.7015625 0.50234375 0.06015625 0.04375
9 0.746875 0.4515625 0.06015625 0.04375
9 0.83203125 0.4703125 0.08046875 0.05703125
9 0.83046875 0.5375 0.1078125 0.0375
9 0.6625 0.46171875 0.103125 0.03125
9 0.60703125 0.4109375 0.08828125 0.040625
9 0.54765625 0.43671875 0.065625 0.02890625
9 0.73046875 0.39765625 0.1234375 0.04921875
9 0.59921875 0.3421875 0.078125 0.046875
9 0.621875 0.37109375 0.053125 0.0359375
9 0.725 0.35234375 0.1234375 0.0375
9 0.603125 0.2671875 0.1109375 0.05703125
9 0.41875 0.30859375 0.1078125 0.0796875
9 0.31171875 0.28828125 0.10078125 0.06640625
9 0.2890625 0.34609375 0.115625 0.046875
9 0.17578125 0.38359375 0.20078125 0.06796875
9 0.3078125 0.38515625 0.07265625 0.01953125
9 0.32265625 0.41953125 0.0578125 0.02734375
9 0.21015625 0.44453125 0.16875 0.0484375
9 0.25625 0.5171875 0.13046875 0.046875
9 0.31015625 0.63046875 0.0578125 0.01640625
9 0.08515625 0.57578125 0.07578125 0.01796875