15 0.051215818749999996 0 0.069957190625 0.078373015625 0.3338460796875 0.709325396875 0.4667825875 0.9990079359375 0.5120868203125 1 0.60357498125 1 0.738607984375 0.6954365078125 0.8239254453125 0.4136904765625 0.9203125 0.0320764203125 0.9203125 0.0258467546875 0.9171794140625 0.014880953124999999 0.8869043718749999 0 0.051215818749999996 0
15 0.459375 0.03265845 0.18915550625 0.029740310937499997 0.0040081140625 0.029740310937499997 0.00046502812499999997 0.034700628125 0.024274554687499998 0.10612919999999999 0.24451265000000003 0.58827205625 0.43498883906249997 0.9632720562499999 0.4587567734375 0.996875 0.459375 0.996875 0.459375 0.03265845
0 0.2109375 0.72109375 0.18984375 0.08125
0 0.021875 0.7890625 0.04375 0.058984375
0 0.05234375 0.9375 0.0765625 0.0345703125
0 0.11875 0.95546875 0.05625 0.0515625
0 0.08046875 0.56484375 0.053125 0.0546875
0 0.13671875 0.65 0.0298828125 0.0310546875
16 0.17890625 0.5578125 0.0765625 0.065625
16 0.284375 0.6609375 0.062890625 0.0373046875
16 0.13828125 0.88828125 0.110546875 0.0609375
16 0.075 0.71015625 0.075 0.1171875
16 0.03671875 0.53046875 0.0734375 0.0857421875
16 0.02109375 0.3125 0.0419921875 0.044140625