15 0.5 0.5 1 1
11 0.9375 0.04453125 0.1140625 0.0828125
11 0.9390625 0.2640625 0.12109375 0.09453125
11 0.70859375 0.3796875 0.13671875 0.09140625
11 0.909375 0.565625 0.1609375 0.14296875
13 0.1734375 0.94375 0.346875 0.11171875
13 0.29453125 0.76875 0.33984375 0.28671875
13 0.3609375 0.58984375 0.234375 0.18515625
13 0.27890625 0.38515625 0.1875 0.13359375
13 0.503125 0.0625 0.12890625 0.109375
13 0.4296875 0.209375 0.153125 0.10078125
13 0.09921875 0.14921875 0.1984375 0.18203125
11 0.4296875 0.59375 0.12890625 0.12890625
11 0.16796875 0.740625 0.146875 0.1265625
11 0.225 0.534375 0.10078125 0.05546875
11 0.22421875 0.59140625 0.078125 0.10703125
11 0.153125 0.6171875 0.1234375 0.078125
11 0.140625 0.3984375 0.10078125 0.08125
11 0.25546875 0.328125 0.1234375 0.10390625
11 0.3265625 0.2375 0.11875 0.0875
11 0.35625 0.12109375 0.10234375 0.0703125
11 0.4671875 0.0875 0.15625 0.06484375
11 0.40859375 0.04453125 0.06328125 0.06171875
11 0.09453125 0.021875 0.0953125 0.04296875
11 0.0953125 0.20546875 0.12734375 0.06328125
11 0.01171875 0.2203125 0.0234375 0.084375
11 0.09453125 0.50625 0.075 0.0453125
11 0.01875 0.59375 0.0375 0.06640625
11 0.41328125 0.37109375 0.1140625 0.0453125
12 0.04375 0.42265625 0.0875 0.20859375
12 0.0453125 0.65625 0.08984375 0.084375
12 0.11015625 0.29375 0.2203125 0.084375
12 0.228125 0.2140625 0.1171875 0.16953125
12 0.2796875 0.04609375 0.22265625 0.09140625
12 0.1765625 0.07578125 0.109375 0.0703125
12 0.0421875 0.06953125 0.084375 0.053125
12 0.07109375 0.1375 0.1421875 0.0796875
12 0.17109375 0.1453125 0.0875 0.01953125
12 0.17890625 0.490625 0.05390625 0.0859375
12 0.08203125 0.56953125 0.10703125 0.08984375