15 0.5 0.5 1 1
11 0.94296875 0.040625 0.1140625 0.08125
11 0.94296875 0.2625 0.1140625 0.096875
11 0.7140625 0.38125 0.140234375 0.0935546875
11 0.91796875 0.5703125 0.163671875 0.14609375
13 0.17265625 0.9484375 0.3453125 0.103125
13 0.29296875 0.7765625 0.3453125 0.291015625
13 0.36015625 0.5953125 0.2388671875 0.1875
13 0.27734375 0.3875 0.190625 0.137109375
13 0.50546875 0.059375 0.13125 0.1123046875
13 0.43046875 0.20859375 0.1548828125 0.1017578125
13 0.096875 0.146875 0.19375 0.184375
11 0.43046875 0.59921875 0.13125 0.13125
11 0.16484375 0.7484375 0.1486328125 0.128125
11 0.221875 0.53828125 0.102734375 0.05625
11 0.22109375 0.596875 0.0796875 0.1091796875
11 0.15 0.6234375 0.125 0.078515625
11 0.13671875 0.40078125 0.1017578125 0.0826171875
11 0.253125 0.3296875 0.125 0.105859375
11 0.32578125 0.2375 0.1203125 0.0876953125
11 0.35546875 0.11875 0.1044921875 0.071875
11 0.46875 0.08515625 0.158984375 0.065625
11 0.409375 0.04140625 0.06328125 0.0625
11 0.090625 0.01953125 0.096875 0.0390625
11 0.090625 0.20546875 0.130859375 0.0640625
11 0.00859375 0.21875 0.0171875 0.084375
11 0.08984375 0.51015625 0.0765625 0.0455078125
11 0.015625 0.59609375 0.03125 0.0671875
11 0.4140625 0.37265625 0.115625 0.0455078125
12 0.040625 0.42578125 0.08125 0.2125
12 0.04296875 0.66171875 0.0857421875 0.0857421875
12 0.109375 0.29453125 0.2185546875 0.0857421875
12 0.22578125 0.21328125 0.11875 0.1732421875
12 0.278125 0.04375 0.225390625 0.0875
12 0.1734375 0.0734375 0.1123046875 0.071875
12 0.03984375 0.06640625 0.0796875 0.0544921875
12 0.06953125 0.1359375 0.1390625 0.08125
12 0.16796875 0.14296875 0.0888671875 0.0201171875
12 0.17578125 0.49453125 0.0546875 0.0861328125
12 0.07734375 0.57421875 0.1080078125 0.0919921875