15 0.5 0.5 1 1
11 0.94140625 0.03984375 0.1171875 0.0796875
11 0.94140625 0.26015625 0.1171875 0.0953125
11 0.71171875 0.378125 0.1375 0.093359375
11 0.91484375 0.56640625 0.1611328125 0.14375
13 0.1734375 0.94453125 0.3466796875 0.1107421875
13 0.29453125 0.7703125 0.3421875 0.28984375
13 0.36171875 0.590625 0.2359375 0.187109375
13 0.27890625 0.384375 0.1890625 0.134375
13 0.50546875 0.05859375 0.1298828125 0.1107421875
13 0.43125 0.20703125 0.155859375 0.1015625
13 0.0984375 0.146875 0.196875 0.181640625
11 0.43125 0.59453125 0.1310546875 0.1298828125
11 0.16796875 0.74296875 0.1484375 0.1267578125
11 0.22421875 0.534375 0.1015625 0.05625
11 0.2234375 0.5921875 0.078515625 0.10859375
11 0.15234375 0.61875 0.123828125 0.078515625
11 0.13984375 0.39765625 0.1015625 0.0826171875
11 0.25546875 0.3265625 0.123828125 0.10390625
11 0.32734375 0.23515625 0.1201171875 0.0875
11 0.35703125 0.11796875 0.103125 0.0705078125
11 0.46875 0.084375 0.156640625 0.0654296875
11 0.41015625 0.040625 0.0638671875 0.0623046875
11 0.09375 0.01953125 0.0966796875 0.0390625
11 0.09453125 0.203125 0.1294921875 0.0626953125
11 0.0109375 0.2171875 0.021875 0.084375
11 0.09375 0.50625 0.0751953125 0.044140625
11 0.01796875 0.5921875 0.0357421875 0.066015625
11 0.4140625 0.3703125 0.115234375 0.04609375
12 0.0421875 0.421875 0.084375 0.212109375
12 0.04453125 0.65625 0.0888671875 0.084375
12 0.11015625 0.2921875 0.2203125 0.084375
12 0.228125 0.21171875 0.1185546875 0.1705078125
12 0.27890625 0.04296875 0.2234375 0.0859375
12 0.17578125 0.07265625 0.1107421875 0.0705078125
12 0.04140625 0.065625 0.0828125 0.053125
12 0.07109375 0.13515625 0.1419921875 0.0798828125
12 0.1703125 0.1421875 0.0875 0.0189453125
12 0.178125 0.490625 0.055859375 0.087109375
12 0.08046875 0.5703125 0.1078125 0.090625