15 0.8578431375 0.126953125 0.5408496734375 0.1015625 0.34150326875000003 0.103515625 0.20098039218750002 0.1171875 0.080065359375 0.150390625 0.009803921875 0.1826171875 0.0032679734374999997 0.2158203125 0.0065359484374999995 0.9990234375 0.9950980390625 1 0.9901960781250001 0.1708984375 0.8578431375 0.126953125
13 0.4234375 0.1953125 0.15859375 0.078125
13 0.70234375 0.16875 0.15859375 0.09140625
13 0.85234375 0.23984375 0.17109375 0.0734375
13 0.965625 0.290625 0.06015625 0.10703125
13 0.78046875 0.3375 0.1984375 0.0828125
13 0.58828125 0.278125 0.18125 0.08125
13 0.21875 0.1953125 0.13046875 0.08125
13 0.12734375 0.27265625 0.1984375 0.0859375
13 0.25390625 0.34140625 0.26171875 0.13515625
13 0.4546875 0.35390625 0.140625 0.0796875
13 0.34921875 0.26796875 0.1109375 0.0796875
13 0.1421875 0.48125 0.23359375 0.11875
13 0.1140625 0.39921875 0.228125 0.0984375
13 0.4359375 0.50859375 0.21875 0.109375
13 0.340625 0.62421875 0.20859375 0.0828125
13 0.19453125 0.87421875 0.25390625 0.16796875
13 0.0703125 0.6203125 0.140625 0.1234375
13 0.55078125 0.8921875 0.25625 0.146875
13 0.83515625 0.92890625 0.27109375 0.1421875
13 0.5765625 0.73125 0.19375 0.13359375
13 0.89296875 0.65 0.2140625 0.1375
13 0.66328125 0.51484375 0.20625 0.08828125
13 0.7515625 0.421875 0.1859375 0.06875
13 0.97890625 0.4234375 0.0421875 0.08125
13 0.96015625 0.53984375 0.0796875 0.040625