15 1 0.001944040625 0 0.001944040625 0 0.9420131796875 0.142578125 0.9810138078125 0.310546875 0.9972928781249999 0.548828125 0.9996184593749999 0.927734375 0.9693859015624999 1 0.9454840921875001 1 0.001944040625
13 0.40859375 0.1140625 0.1890625 0.093359375
13 0.7421875 0.0828125 0.18984375 0.109375
13 0.9078125 0.16484375 0.1841796875 0.0888671875
13 0.83515625 0.2828125 0.2375 0.09765625
13 0.60546875 0.2125 0.216796875 0.096875
13 0.1640625 0.1140625 0.15625 0.096875
13 0.0859375 0.2046875 0.171875 0.1029296875
13 0.20546875 0.2875 0.3125 0.16171875
13 0.44609375 0.30234375 0.1673828125 0.0951171875
13 0.3203125 0.20078125 0.131640625 0.094921875
13 0.10546875 0.453125 0.2109375 0.140234375
13 0.0875 0.35703125 0.175 0.1171875
13 0.4234375 0.48671875 0.2623046875 0.1298828125
13 0.309375 0.625 0.2498046875 0.099609375
13 0.1421875 0.909375 0.284375 0.178125
13 0.03515625 0.61953125 0.0703125 0.146875
13 0.55859375 0.92734375 0.3046875 0.1453125
13 0.86875 0.95078125 0.2623046875 0.0982421875
13 0.5921875 0.7515625 0.23125 0.159375
13 0.91953125 0.65390625 0.1609375 0.1640625
13 0.6953125 0.49375 0.2466796875 0.1060546875
13 0.80078125 0.384375 0.2232421875 0.0814453125