15 1 0.12711534375 0.9309701499999999 0.09542410625 0.7929104484375 0.057477678125 0.6324626859375 0.041852678125 0.40485074687499994 0.0396205359375 0.0429104484375 0.0686383921875 0 0.08289930625 0 0.996875 1 0.996875 1 0.12711534375
13 0.4609375 0.14765625 0.1810546875 0.0890625
13 0.7796875 0.1171875 0.1810546875 0.103515625
13 0.925 0.19609375 0.1498046875 0.0857421875
13 0.86875 0.309375 0.225390625 0.0939453125
13 0.64921875 0.24140625 0.2076171875 0.0923828125
13 0.22734375 0.14765625 0.1486328125 0.0923828125
13 0.12265625 0.2359375 0.2265625 0.0970703125
13 0.2671875 0.3140625 0.297265625 0.153515625
13 0.496875 0.328125 0.162109375 0.090625
13 0.3765625 0.23046875 0.127734375 0.090625
13 0.13984375 0.47421875 0.2671875 0.1359375
13 0.11953125 0.38203125 0.2390625 0.1111328125
13 0.47578125 0.50546875 0.25 0.125
13 0.36640625 0.6375 0.238671875 0.094140625
13 0.196875 0.9125 0.290625 0.175
13 0.06875 0.6328125 0.1375 0.140625
13 0.6046875 0.9296875 0.2908203125 0.140625
13 0.8875 0.9515625 0.225 0.096875
13 0.63671875 0.759375 0.220703125 0.153125
13 0.93671875 0.66640625 0.1265625 0.1580078125
13 0.73515625 0.5125 0.235546875 0.10078125
13 0.8359375 0.40625 0.2125 0.0783203125