15 0.090902871875 0 0.08023255781250001 0.00232558125 0 0.0424418609375 0 1 1 1 1 0.1302099796875 0.7941860468749999 0.00232558125 0.7810533515625 0 0.090902871875 0
2 0.64453125 0.23984375 0.288671875 0.3078125
2 0.275 0.23203125 0.265234375 0.284375
2 0.11015625 0.4625 0.2203125 0.353125
2 0.2265625 0.871875 0.290625 0.2560546875
2 0.49921875 0.78125 0.3830078125 0.4375
2 0.83359375 0.71953125 0.3328125 0.4392578125
2 0.925 0.40703125 0.15 0.2234375
0 0.57421875 0.2609375 0.0798828125 0.2376953125
0 0.27890625 0.40234375 0.413671875 0.191796875
0 0.64609375 0.63203125 0.1169921875 0.1828125
0 0.50625 0.46875 0.1529296875 0.181640625
0 0.71953125 0.478125 0.30625 0.2154296875
19 0.87578125 0.45078125 0.121875 0.1076171875
19 0.91640625 0.75078125 0.1671875 0.0888671875
19 0.81171875 0.6953125 0.1 0.1375
19 0.4484375 0.80078125 0.1654296875 0.0734375
19 0.2703125 0.7265625 0.1560546875 0.1314453125
19 0.06640625 0.74765625 0.1328125 0.1513671875
19 0.31171875 0.26484375 0.0951171875 0.0826171875
19 0.40234375 0.26875 0.1125 0.1154296875
19 0.42578125 0.1640625 0.1451171875 0.0658203125
19 0.2015625 0.3 0.075 0.055859375
19 0.42734375 0.55234375 0.094921875 0.109375
19 0.5609375 0.58203125 0.0814453125 0.071875