15 0 0 0 0.9663179140624999 0.001101321875 0.9669603531250001 0.0809471359375 1 0.8915355578125 1 1 0.9203582750000001 1 0.1469429984375 0.9129955953125 0.07048458125 0.799559471875 0 0 0
2 0.54375 0.1546875 0.2720703125 0.2908203125
2 0.19453125 0.146875 0.2513671875 0.2689453125
2 0.071875 0.365625 0.1435546875 0.3345703125
2 0.14921875 0.7625 0.2763671875 0.259375
2 0.4078125 0.67890625 0.3625 0.4357421875
2 0.77421875 0.61015625 0.4142578125 0.4171875
2 0.86953125 0.31171875 0.2609375 0.2109375
0 0.478125 0.17421875 0.075390625 0.225
0 0.1984375 0.3078125 0.3908203125 0.18125
0 0.54609375 0.52578125 0.1107421875 0.1732421875
0 0.41328125 0.371875 0.14375 0.1720703125
0 0.61484375 0.3796875 0.2892578125 0.203125
19 0.76328125 0.3546875 0.114453125 0.10234375
19 0.803125 0.63984375 0.156640625 0.0828125
19 0.70234375 0.5859375 0.0951171875 0.1310546875
19 0.35859375 0.6859375 0.15625 0.0689453125
19 0.18984375 0.615625 0.148046875 0.125
19 0.0296875 0.63515625 0.059375 0.142578125
19 0.22890625 0.178125 0.0892578125 0.078125
19 0.315625 0.18203125 0.1064453125 0.1080078125
19 0.3375 0.0828125 0.1375 0.0625
19 0.125 0.21171875 0.0716796875 0.0517578125
19 0.3390625 0.45 0.0904296875 0.103125
19 0.465625 0.478125 0.078125 0.0685546875
19 0.9546875 0.59453125 0.090625 0.1048828125