15 0.2548828125 0 0.1025390625 0.033203125 0.0009765625 0.083984375 0.0009765625 0.8984375 0.0947265625 0.953125 0.2080078125 1 0.8603515625 1 1 0.8974609375 1 0.2431640625 0.9033203125 0.158203125 0.7021484375 0.033203125 0.5146484375 0 0.2548828125 0
2 0.5765625 0.2328125 0.2421875 0.25859375
2 0.265625 0.22578125 0.22265625 0.2390625
2 0.121875 0.4203125 0.1984375 0.29765625
2 0.22578125 0.771875 0.24453125 0.2296875
2 0.45546875 0.69765625 0.321875 0.3859375
2 0.78046875 0.63671875 0.36796875 0.36953125
2 0.87578125 0.375 0.2484375 0.1875
0 0.5171875 0.25 0.06796875 0.2
0 0.26953125 0.36875 0.346875 0.1609375
0 0.57734375 0.56171875 0.09765625 0.153125
0 0.46015625 0.425 0.12734375 0.153125
0 0.6390625 0.4328125 0.25703125 0.18046875
19 0.77109375 0.41015625 0.10234375 0.08984375
19 0.80625 0.66328125 0.13984375 0.0734375
19 0.71640625 0.615625 0.084375 0.115625
19 0.41171875 0.70390625 0.13828125 0.06171875
19 0.2625 0.64140625 0.13046875 0.1109375
19 0.08046875 0.659375 0.13359375 0.1265625
19 0.296875 0.25390625 0.0796875 0.06875
19 0.3734375 0.25703125 0.09453125 0.09609375
19 0.39296875 0.16875 0.121875 0.05546875
19 0.2046875 0.2828125 0.06328125 0.046875
19 0.39453125 0.4953125 0.0796875 0.09140625
19 0.50625 0.51953125 0.06875 0.06015625
19 0.9484375 0.6234375 0.09453125 0.09296875