12 0.7109375 0.40234375 0.17421875 0.09921875
12 0.90625 0.63359375 0.1875 0.103125
15 1 0.5829326921875 0.8443509609375001 0.5889423078125 0.7692307703125 0.533353365625 0.8112980765625 0.5093149046875001 1 0.5378605765625 0.9990234375 0.171875 0.7470703125 0.083984375 0.4130859375 0.041015625 0.0009765625 0.017578125 0 0.5107421875 0.142728365625 0.5243389421875 0 0.6655649046875001 0 1 0.5739182703125 1 1 1 1 0.5829326921875
9 0.3234375 0.8296875 0.25703125 0.17890625
1 0.8484375 0.7953125 0.303125 0.18203125
1 0.69140625 0.66171875 0.09609375 0.05546875
1 0.94609375 0.67890625 0.1078125 0.078125
1 0.97890625 0.71640625 0.04140625 0.05390625
12 0.671875 0.875 0.2046875 0.25
12 0.33671875 0.6546875 0.1984375 0.05546875
12 0.203125 0.87734375 0.10546875 0.21640625
12 0.0921875 0.90859375 0.184375 0.0734375
12 0.50546875 0.74453125 0.1640625 0.13984375
12 0.07109375 0.778125 0.1421875 0.115625
12 0.4328125 0.55078125 0.06015625 0.09765625
6 0.30546875 0.65859375 0.09765625 0.040625
6 0.14765625 0.6703125 0.20859375 0.0453125
6 0.22109375 0.553125 0.2640625 0.1265625
6 0.7078125 0.72578125 0.071875 0.06640625
6 0.61484375 0.565625 0.2375 0.13671875
6 0.63984375 0.45859375 0.10546875 0.08125
1 0.61171875 0.52734375 0.12890625 0.13515625
1 0.471875 0.45078125 0.084375 0.06640625
1 0.209375 0.22734375 0.17578125 0.10703125
1 0.36015625 0.2203125 0.08828125 0.0796875
1 0.42421875 0.22421875 0.0703125 0.05390625
1 0.90078125 0.4265625 0.19765625 0.15
1 0.090625 0.2484375 0.09453125 0.12734375
6 0.21015625 0.2453125 0.06015625 0.05859375
6 0.36640625 0.16796875 0.0359375 0.0296875
6 0.51171875 0.17890625 0.13671875 0.1109375
6 0.4421875 0.18359375 0.046875 0.0359375
12 0.38125 0.284375 0.14453125 0.1125
12 0.1609375 0.33046875 0.10546875 0.1109375
12 0.11328125 0.45625 0.1484375 0.0703125
12 0.034375 0.303125 0.05390625 0.08984375
12 0.02109375 0.23515625 0.0421875 0.109375
12 0.640625 0.23125 0.13984375 0.08125
12 0.82109375 0.3171875 0.1484375 0.06328125
12 0.94765625 0.371875 0.1046875 0.04921875
12 0.5703125 0.38828125 0.0734375 0.05234375
12 0.5171875 0.41640625 0.06875 0.084375
12 0.32578125 0.4890625 0.13203125 0.06171875
1 0.2796875 0.3421875 0.08125 0.08984375
1 0.32109375 0.3234375 0.05546875 0.0703125
1 0.546875 0.3 0.08984375 0.11875
1 0.4640625 0.353125 0.05078125 0.078125
1 0.50234375 0.31796875 0.0765625 0.0796875
1 0.778125 0.25 0.09609375 0.06484375
1 0.91640625 0.30625 0.0484375 0.0484375
1 0.89921875 0.2484375 0.10078125 0.05859375
6 0.4109375 0.31328125 0.0734375 0.05859375
6 0.3609375 0.37265625 0.10546875 0.06875
6 0.23203125 0.45 0.05859375 0.05859375
6 0.41328125 0.4671875 0.0328125 0.05703125