12 0.70390625 0.42109375 0.1826171875 0.1044921875
12 0.9046875 0.66171875 0.190625 0.1078125
15 1 0.177913084375 0.741836734375 0.08785613125 0.3928571421875 0.042958171875 0 0.020615587499999997 0 0.537468375 0.11036106718750001 0.54798171875 0 0.6571810921875 0 1 1 1 1 0.609442596875 0.8434850859375 0.6154856453125 0.7649921515625 0.557400871875 0.80894819375 0.5322831328125 1 0.5611842796875 1 0.177913084375
9 0.29921875 0.8671875 0.26875 0.187109375
1 0.84375 0.8296875 0.3125 0.1904296875
1 0.68359375 0.69140625 0.1013671875 0.0578125
1 0.94609375 0.7078125 0.1078125 0.08125
1 0.98046875 0.74765625 0.0390625 0.0548828125
12 0.6625 0.890625 0.212890625 0.21875
12 0.3125 0.68359375 0.2064453125 0.0578125
12 0.17109375 0.90078125 0.1107421875 0.1982421875
12 0.0765625 0.94921875 0.153125 0.0767578125
12 0.48984375 0.778125 0.1705078125 0.1466796875
12 0.05546875 0.81328125 0.110546875 0.1203125
12 0.41328125 0.575 0.0625 0.102734375
6 0.28046875 0.68828125 0.1017578125 0.0421875
6 0.115625 0.7 0.2185546875 0.046875
6 0.1921875 0.57734375 0.27734375 0.132421875
6 0.70078125 0.75859375 0.075 0.06875
6 0.603125 0.59140625 0.2470703125 0.1423828125
6 0.6296875 0.47890625 0.1095703125 0.0857421875
1 0.6 0.55078125 0.1345703125 0.1419921875
1 0.45390625 0.47109375 0.0888671875 0.06875
1 0.18046875 0.2375 0.183203125 0.112109375
1 0.3375 0.2296875 0.0935546875 0.0841796875
1 0.4046875 0.23359375 0.07265625 0.05625
1 0.8984375 0.44375 0.203125 0.15625
1 0.05625 0.26015625 0.099609375 0.133203125
6 0.18125 0.25703125 0.0625 0.0609375
6 0.34453125 0.17578125 0.0375 0.03125
6 0.49609375 0.18671875 0.1423828125 0.1169921875
6 0.4234375 0.19140625 0.047265625 0.0375
12 0.36015625 0.29765625 0.151171875 0.117578125
12 0.12890625 0.3453125 0.1107421875 0.1158203125
12 0.0796875 0.4765625 0.1560546875 0.072265625
12 0.0125 0.31640625 0.024609375 0.09375
12 0.63046875 0.24140625 0.1455078125 0.0857421875
12 0.81953125 0.33125 0.1548828125 0.065625
12 0.94765625 0.3875 0.1044921875 0.053125
12 0.55703125 0.40546875 0.0765625 0.0546875
12 0.5015625 0.43515625 0.071875 0.088671875
12 0.3015625 0.5109375 0.137890625 0.06484375
1 0.253125 0.3578125 0.0845703125 0.0939453125
1 0.29609375 0.33828125 0.0578125 0.0734375
1 0.5328125 0.31328125 0.0939453125 0.1236328125
1 0.44609375 0.36875 0.053125 0.08125
1 0.48671875 0.33203125 0.0796875 0.0830078125
1 0.77421875 0.26171875 0.1013671875 0.0671875
1 0.91875 0.3203125 0.05 0.05
1 0.90078125 0.26015625 0.1048828125 0.0609375
6 0.390625 0.32734375 0.075390625 0.0609375
6 0.33828125 0.3890625 0.1107421875 0.071875
6 0.20390625 0.4703125 0.0609375 0.059765625
6 0.39296875 0.48828125 0.034375 0.059375