12 0.70546875 0.36640625 0.1953125 0.111328125
12 0.91015625 0.62578125 0.1796875 0.1169921875
15 0 0 0 0.4967128328125 0.068151146875 0.5032051265625 0 0.5706388953125 0 1 1 1 1 0.5701799984375 0.8559379203124999 0.575742240625 0.77159244375 0.5133265859375 0.818825909375 0.48633603281250004 1 0.513742940625 1 0.0971287234375 0.7467105265625 0.0087719296875 0.6785287078125 0 0 0
9 0.27109375 0.846875 0.2888671875 0.2001953125
1 0.84375 0.80546875 0.3125 0.2046875
1 0.68359375 0.6578125 0.1078125 0.0625
1 0.95390625 0.67578125 0.0921875 0.0875
1 0.99140625 0.71796875 0.0171875 0.059375
12 0.6609375 0.87734375 0.230859375 0.2453125
12 0.2859375 0.64921875 0.2220703125 0.0625
12 0.13359375 0.88828125 0.11875 0.2234375
12 0.05703125 0.934375 0.1140625 0.0841796875
12 0.47578125 0.75 0.1830078125 0.1564453125
12 0.034375 0.78828125 0.0685546875 0.1296875
12 0.39375 0.5328125 0.068359375 0.109375
6 0.2515625 0.65390625 0.109375 0.0453125
6 0.0953125 0.665625 0.190625 0.0501953125
6 0.15625 0.53515625 0.296875 0.1419921875
6 0.70234375 0.72890625 0.08125 0.073828125
6 0.59765625 0.54921875 0.266796875 0.153125
6 0.6265625 0.42890625 0.1185546875 0.0919921875
1 0.59453125 0.50625 0.1453125 0.15078125
1 0.4375 0.4203125 0.0939453125 0.0748046875
1 0.14296875 0.1703125 0.1982421875 0.1189453125
1 0.31171875 0.16171875 0.0986328125 0.0890625
1 0.384375 0.165625 0.0783203125 0.062109375
1 0.903125 0.3921875 0.1935546875 0.1658203125
1 0.03046875 0.1921875 0.0609375 0.14375
6 0.14375 0.190625 0.068359375 0.065625
6 0.31953125 0.103125 0.040625 0.033984375
6 0.48203125 0.11484375 0.153125 0.125
6 0.4046875 0.1203125 0.0529296875 0.040625
12 0.33671875 0.234375 0.161328125 0.12578125
12 0.08828125 0.2859375 0.1173828125 0.125
12 0.059375 0.42578125 0.11875 0.079296875
12 0.62734375 0.17421875 0.1576171875 0.0919921875
12 0.8296875 0.2703125 0.166015625 0.0716796875
12 0.95625 0.33125 0.0875 0.0564453125
12 0.5484375 0.35078125 0.08359375 0.059375
12 0.48828125 0.38203125 0.0767578125 0.0951171875
12 0.27421875 0.46328125 0.1484375 0.0701171875
1 0.221875 0.29921875 0.0908203125 0.1015625
1 0.26796875 0.278125 0.0625 0.078515625
1 0.521875 0.25078125 0.100390625 0.1330078125
1 0.42890625 0.3109375 0.0576171875 0.0875
1 0.471875 0.27109375 0.087109375 0.0890625
1 0.78203125 0.1953125 0.1078125 0.0720703125
1 0.93671875 0.25859375 0.0544921875 0.0544921875
1 0.9171875 0.19375 0.1126953125 0.065625
6 0.36953125 0.26640625 0.0828125 0.065625
6 0.3125 0.3328125 0.1185546875 0.0779296875
6 0.16875 0.41953125 0.065625 0.065625
6 0.371875 0.4390625 0.0373046875 0.065234375