15 1 0.128798859375 0.792600896875 0.060995306250000006 0.35762331875000003 0.0475423921875 0.1894618828125 0.060995306250000006 0.167040359375 0.0654796109375 0 0.18888493906249998 0 0.9092646453125001 0.1804932734375 0.9713092078125 0.316844171875 0.996875 0.445014709375 0.996875 0.8127802687499999 0.9600984453124999 0.906950671875 0.9331926156250001 1 0.887228490625 1 0.128798859375
17 0.55703125 0.33515625 0.58125 0.4140625
9 0.83984375 0.75625 0.1080078125 0.0876953125
9 0.71328125 0.79453125 0.1828125 0.0919921875
9 0.3625 0.68046875 0.146875 0.0736328125
9 0.478125 0.64609375 0.0748046875 0.0767578125
9 0.3 0.6109375 0.171484375 0.075390625
9 0.1953125 0.5078125 0.0908203125 0.053125
9 0.23359375 0.54765625 0.092578125 0.073828125
9 0.0703125 0.53359375 0.1248046875 0.0951171875
9 0.159375 0.40078125 0.0935546875 0.1015625
9 0.88984375 0.2140625 0.073828125 0.04765625
9 0.96953125 0.27578125 0.0607421875 0.0892578125
9 0.64609375 0.665625 0.0828125 0.081640625
9 0.546875 0.6765625 0.0748046875 0.0935546875
9 0.234375 0.81171875 0.11875 0.15
9 0.059375 0.4109375 0.103125 0.0751953125
9 0.9609375 0.58046875 0.078125 0.0625