15 1 0.2169062796875 0.989669421875 0.2037060953125 0.9039256203124999 0.1613507234375 0.8171487609374999 0.136557334375 0.46720041874999996 0.1015625 0.3660468296875 0.1015625 0.23450413281250002 0.12622675625 0 0.2068375515625 0 0.796849965625 0.2221074375 0.9609375 0.2427685953125 0.9650697312500001 0.3864282109375 0.9765625 0.42695418281249997 0.9765625 0.79855371875 0.9650697312500001 1 0.89921229375 1 0.2169062796875
17 0.52421875 0.36640625 0.5359375 0.38125
9 0.784375 0.7546875 0.1 0.08125
9 0.66796875 0.78984375 0.16875 0.084375
9 0.34453125 0.68515625 0.1357421875 0.0673828125
9 0.45078125 0.653125 0.067578125 0.071875
9 0.28671875 0.6203125 0.157421875 0.07109375
9 0.18984375 0.52578125 0.084375 0.0486328125
9 0.22578125 0.5625 0.0859375 0.0685546875
9 0.075 0.55 0.112890625 0.0875
9 0.1578125 0.42734375 0.08515625 0.09375
9 0.83046875 0.25546875 0.0673828125 0.0451171875
9 0.92734375 0.3140625 0.1 0.083984375
9 0.96796875 0.409375 0.0640625 0.090625
9 0.60546875 0.671875 0.0765625 0.075390625
9 0.5140625 0.68125 0.0685546875 0.087109375
9 0.2265625 0.80546875 0.109375 0.1388671875
9 0.065625 0.4359375 0.094140625 0.071484375
9 0.90078125 0.59375 0.08125 0.056640625