15 0 0.8662109375 0.0126953125 0.875 0.2158203125 0.94140625 0.5947265625 0.953125 0.7412109375 0.94140625 0.7607421875 0.9375 1 0.7607421875 0.9990234375 0.234375 0.7490234375 0.1484375 0.6240234375 0.125 0.5302734375 0.125 0.1982421875 0.158203125 0.1162109375 0.181640625 0.03515625 0.2216796875 0 0.2666015625 0 0.8662109375
17 0.5203125 0.37578125 0.50625 0.3609375
9 0.7671875 0.74296875 0.09453125 0.0765625
9 0.65625 0.77578125 0.159375 0.0796875
9 0.35078125 0.6765625 0.12734375 0.06484375
9 0.4515625 0.646875 0.06484375 0.06796875
9 0.296875 0.615625 0.1484375 0.06640625
9 0.2046875 0.5265625 0.0796875 0.046875
9 0.2390625 0.5609375 0.08125 0.06484375
9 0.09609375 0.54921875 0.1078125 0.0828125
9 0.17421875 0.43359375 0.08125 0.08828125
9 0.8109375 0.2703125 0.06484375 0.0421875
9 0.90234375 0.32578125 0.09453125 0.078125
9 0.95546875 0.41640625 0.0890625 0.0859375
9 0.59765625 0.6640625 0.071875 0.071875
9 0.51171875 0.6734375 0.06484375 0.08125
9 0.23984375 0.790625 0.10390625 0.13046875
9 0.0875 0.44140625 0.08984375 0.06640625
9 0.8765625 0.590625 0.0765625 0.05390625