6 0.37421875 0.71796875 0.116796875 0.04375
15 1 0.42927226718749995 0.008926146875 0.42927226718749995 0 0.4428963875 0 0.8183072515625 0.12303149531249999 0.9056502203125 0.21358267656250002 0.9469888031249999 0.5110522125 0.996875 0.6479946062499999 0.996875 0.67224409375 0.9962014031249999 0.8395669296875001 0.9725793546875 1 0.900188821875 1 0.42927226718749995
11 0.8984375 0.79453125 0.10390625 0.096875
11 0.63125 0.8828125 0.0783203125 0.0810546875
11 0.67421875 0.7703125 0.05625 0.04765625
11 0.67109375 0.7265625 0.0984375 0.05234375
11 0.81875 0.70625 0.0845703125 0.04375
11 0.71328125 0.67734375 0.0736328125 0.0357421875
11 0.746875 0.640625 0.0716796875 0.0375
11 0.7515625 0.59140625 0.0685546875 0.0515625
11 0.65703125 0.57421875 0.0638671875 0.046875
11 0.57890625 0.6265625 0.0642578125 0.059765625
11 0.53671875 0.765625 0.1267578125 0.0751953125
11 0.14375 0.78359375 0.0689453125 0.0701171875
11 0.06953125 0.87421875 0.103125 0.0611328125
11 0.09296875 0.65546875 0.0736328125 0.0669921875
11 0.21640625 0.6390625 0.0763671875 0.053125
11 0.05546875 0.6046875 0.0390625 0.0314453125
11 0.01875 0.63203125 0.0375 0.03125
11 0.26015625 0.6859375 0.0669921875 0.0283203125
11 0.21875 0.7203125 0.055859375 0.0216796875
11 0.3140625 0.653125 0.0716796875 0.05625
11 0.421875 0.678125 0.10625 0.084765625
11 0.41796875 0.59296875 0.0921875 0.0578125
11 0.51328125 0.53203125 0.0767578125 0.0611328125
11 0.440625 0.54453125 0.0685546875 0.0330078125
11 0.5109375 0.61171875 0.046875 0.05
11 0.29140625 0.5921875 0.032421875 0.022265625
11 0.5 0.6578125 0.040625 0.0345703125
11 0.53828125 0.69921875 0.0578125 0.0421875
6 0.39921875 0.7640625 0.090625 0.040234375
6 0.5234375 0.83828125 0.1341796875 0.0546875
6 0.525 0.91328125 0.0814453125 0.0673828125