6 0.37890625 0.71171875 0.1171875 0.0451171875
15 0.996875 0.4204737109375 0.00281091875 0.4204737109375 0.001134671875 0.423032190625 0.001134671875 0.82360741875 0.115221975 0.9046006953125 0.2064918140625 0.9462673625000001 0.525936259375 0.9998387890625 0.668793403125 0.9958705359375 0.837444196875 0.9720610125 0.996875 0.9001227234375 0.996875 0.4204737109375
11 0.90703125 0.7890625 0.1048828125 0.0970703125
11 0.63828125 0.878125 0.0796875 0.08125
11 0.68125 0.76484375 0.05625 0.0486328125
11 0.678125 0.7203125 0.0998046875 0.052734375
11 0.82734375 0.7 0.0857421875 0.0439453125
11 0.72109375 0.6703125 0.075 0.0345703125
11 0.7546875 0.634375 0.071875 0.0376953125
11 0.759375 0.584375 0.06875 0.050390625
11 0.6640625 0.5671875 0.06484375 0.047265625
11 0.58515625 0.61953125 0.065625 0.0609375
11 0.54296875 0.76015625 0.128125 0.0765625
11 0.146875 0.778125 0.06953125 0.06953125
11 0.071875 0.86875 0.1033203125 0.0625
11 0.0953125 0.6484375 0.075 0.06640625
11 0.21953125 0.6328125 0.0765625 0.053125
11 0.0578125 0.59765625 0.040234375 0.032421875
11 0.01953125 0.62578125 0.0390625 0.0328125
11 0.2640625 0.6796875 0.066015625 0.0283203125
11 0.22265625 0.7140625 0.0546875 0.0216796875
11 0.31796875 0.64609375 0.071875 0.05625
11 0.42734375 0.67109375 0.1076171875 0.0857421875
11 0.4234375 0.5859375 0.0935546875 0.058984375
11 0.51953125 0.52421875 0.078125 0.0625
11 0.44609375 0.53671875 0.06875 0.0330078125
11 0.51640625 0.6046875 0.0482421875 0.05
11 0.2953125 0.58515625 0.0314453125 0.0232421875
11 0.50625 0.65078125 0.0408203125 0.0357421875
11 0.54453125 0.69296875 0.0578125 0.0423828125
6 0.4046875 0.75859375 0.0908203125 0.0392578125
6 0.5296875 0.8328125 0.134375 0.053515625
6 0.53125 0.90859375 0.0814453125 0.06875