6 0.3734375 0.7140625 0.115625 0.04375
15 1 0.6123046875 0.8720703125 0.521484375 0.7822265625 0.48046875 0.4677734375 0.427734375 0.3271484375 0.431640625 0.1611328125 0.455078125 0.0009765625 0.52734375 0.0009765625 1 0.9814453125 1 1 0.9716796875 1 0.6123046875
11 0.89296875 0.790625 0.10390625 0.09609375
11 0.628125 0.878125 0.078125 0.0796875
11 0.67109375 0.76640625 0.05546875 0.0484375
11 0.66796875 0.72265625 0.09765625 0.05078125
11 0.8140625 0.70234375 0.084375 0.04375
11 0.71015625 0.6734375 0.0734375 0.034375
11 0.74296875 0.6375 0.0703125 0.0375
11 0.74765625 0.5890625 0.06796875 0.05078125
11 0.65390625 0.571875 0.06328125 0.046875
11 0.5765625 0.6234375 0.06484375 0.06015625
11 0.53515625 0.76171875 0.1265625 0.075
11 0.14453125 0.7796875 0.06875 0.06875
11 0.0703125 0.86875 0.10234375 0.06171875
11 0.09375 0.65234375 0.0734375 0.06640625
11 0.21640625 0.6359375 0.075 0.05234375
11 0.05703125 0.6015625 0.0390625 0.03125
11 0.01953125 0.63046875 0.0390625 0.03125
11 0.26015625 0.6828125 0.06640625 0.02890625
11 0.21953125 0.71640625 0.05390625 0.02109375
11 0.31328125 0.65 0.0703125 0.05546875
11 0.4203125 0.67421875 0.10546875 0.084375
11 0.4171875 0.590625 0.09140625 0.05703125
11 0.51171875 0.5296875 0.0765625 0.06171875
11 0.4390625 0.5421875 0.06796875 0.0328125
11 0.50859375 0.609375 0.046875 0.04921875
11 0.290625 0.58984375 0.03125 0.02265625
11 0.4984375 0.6546875 0.040625 0.034375
11 0.53671875 0.6953125 0.05703125 0.0421875
6 0.3984375 0.76015625 0.08984375 0.0390625
6 0.52109375 0.83359375 0.13203125 0.05390625
6 0.52265625 0.9078125 0.08125 0.06796875