15 0.3962099796875 0.80625 0.424001984375 0.80625 0.641464359375 0.7788223140625 0.8875 0.6892612234375 0.8875 0.6875462531250001 0.8315470046875 0.5970041312500001 0.722042871875 0.5391528921875001 0.5443569218750001 0.4709710734375 0.3852660125 0.4668388421875 0.209646178125 0.514359503125 0.0691503109375 0.6073347109375 0.018530474999999998 0.6620867765625 0.00200155 0.7178719 0.060885846875 0.7746900828125 0.3962099796875 0.80625
15 0.5734375 0.8550297 0.3057287453125 0.8550297 0.44682933281250004 0.9996577999999999 0.5077797453125 0.9211454031249999 0.5734375 0.8554876453125001 0.5734375 0.8550297
15 0.5894324203125 0 0.39225206875 0.034917356249999996 0.35402892812500003 0.09173553749999999 0.35402892812500003 0.12479338749999999 0.4328591859375 0.14426255625 0.52980769375 0.1649237140625 0.5797333499999999 0.2 0.5986135296875 0.2 0.6019628109374999 0.19090909218750002 0.6203125 0.0310046640625 0.6203125 0.0016504718750000001 0.5939049703125 0 0.5894324203125 0
7 0.4765625 0.6390625 0.184375 0.102734375
7 0.36796875 0.5453125 0.1890625 0.1248046875
7 0.68671875 0.9296875 0.1953125 0.115234375
7 0.43046875 0.95234375 0.1015625 0.0953125
7 0.4671875 0.0765625 0.124609375 0.07734375
17 0.6390625 0.6421875 0.165234375 0.0564453125
17 0.6375 0.6875 0.068359375 0.16953125
17 0.428125 0.74375 0.162890625 0.106640625
17 0.20625 0.79296875 0.4125 0.1234375
17 0.31171875 0.63828125 0.1765625 0.071875
7 0.10859375 0.71328125 0.08125 0.055078125
17 0.54609375 0.82265625 0.0796875 0.0875
17 0.1375 0.9359375 0.275 0.128125
17 0.340625 0.98828125 0.087109375 0.023046875
17 0.45234375 0.1296875 0.1236328125 0.103125
17 0.5765625 0.0171875 0.084375 0.034375
17 0.59296875 0.1390625 0.096875 0.0685546875