15 0.737336190625 0.721547378125 0.8441910281249999 0.6650957656250001 0.8984375 0.5773151109375 0.8984375 0.57494226875 0.6587071578125 0.4876764109375 0.43491683593749997 0.4594506046875 0.0921748984375 0.49170866875 0.034715221875 0.5471522171875 0.0508442546875 0.6015877015625 0.1002394171875 0.6550151203125 0.2373361890625 0.7457409265625 0.4087071578125 0.7921118953125 0.563949090625 0.7880796359375 0.737336190625 0.721547378125
15 0.4582652078125 0.996875 0.6109375 0.8403859 0.6109375 0.838797884375 0.310977146875 0.838797884375 0.395654565625 0.9234753031249999 0.452635909375 0.996875 0.4582652078125 0.996875
15 0.6036544953125 0 0.549197425 0.038259925 0.454594446875 0.058421215625 0.3776713703125 0.077419353125 0.3776713703125 0.10967741875 0.4149697578125 0.1651209671875 0.6031101859375 0.1984375 0.6238407031250001 0.1984375 0.6375 0.1975837953125 0.6375 0.168829196875 0.619606853125 0.012903224999999999 0.6148530359375 0 0.6036544953125 0
7 0.496875 0.628125 0.180859375 0.0998046875
7 0.390625 0.5359375 0.184375 0.1216796875
7 0.70234375 0.91171875 0.190625 0.1111328125
7 0.45390625 0.94296875 0.0986328125 0.1080078125
7 0.48828125 0.07890625 0.1205078125 0.0736328125
17 0.65625 0.63125 0.159375 0.0560546875
17 0.6546875 0.675 0.0658203125 0.165625
17 0.45 0.73046875 0.159375 0.1048828125
17 0.23046875 0.7796875 0.4125 0.121484375
17 0.33671875 0.62734375 0.171875 0.0701171875
7 0.13828125 0.7 0.079296875 0.053515625
17 0.565625 0.80703125 0.0779296875 0.0857421875
17 0.15 0.92421875 0.3 0.1390625
17 0.36484375 0.97890625 0.084375 0.0421875
17 0.47421875 0.13046875 0.1205078125 0.1013671875
17 0.596875 0.0203125 0.0814453125 0.040234375
17 0.6109375 0.13984375 0.0939453125 0.0669921875