15 0.6533203125 0.767578125 0.88671875 0.6826171875 0.8330078125 0.595703125 0.7294921875 0.541015625 0.5615234375 0.4765625 0.4111328125 0.47265625 0.2451171875 0.517578125 0.1123046875 0.60546875 0.064453125 0.6572265625 0.048828125 0.7099609375 0.1044921875 0.763671875 0.4365234375 0.794921875 0.6533203125 0.767578125
15 0.46875 0.83984375 0.3125 1 0.611328125 0.9990234375 0.5263671875 0.9140625 0.46875 0.83984375
15 0.6364182703125 0.1337890625 0.6364182703125 0.1025390625 0.5618990390625 0.08413461562499999 0.4702524046875 0.06460336562499999 0.4088792078125 0.021484375 0.4020432703125 0.0400390625 0.3815354578125 0.21875 0.4127854578125 0.220703125 0.6002854578125 0.1875 0.6364182703125 0.1337890625
7 0.49765625 0.63515625 0.17421875 0.09609375
7 0.39453125 0.546875 0.17890625 0.1171875
7 0.69609375 0.91015625 0.18515625 0.1078125
7 0.45546875 0.940625 0.09609375 0.10546875
7 0.48828125 0.10390625 0.1171875 0.071875
17 0.6515625 0.63828125 0.1546875 0.05390625
17 0.65 0.68125 0.06484375 0.1609375
17 0.4515625 0.734375 0.1546875 0.10234375
17 0.2390625 0.7828125 0.4 0.1171875
17 0.3421875 0.634375 0.16640625 0.06796875
7 0.14921875 0.70546875 0.0765625 0.05234375
17 0.56328125 0.809375 0.075 0.0828125
17 0.15390625 0.92421875 0.3078125 0.13515625
17 0.36953125 0.97578125 0.08125 0.040625
17 0.475 0.15390625 0.1171875 0.09765625
17 0.59453125 0.04765625 0.0796875 0.0375
17 0.6078125 0.16328125 0.09140625 0.06484375