15 1 0.4802422453125 0.8602272734374999 0.4141335234375 0.44659090937499996 0.33458806874999997 0.2352272734375 0.3527698875 0 0.5383855890625 0 0.7693734234375 0.1625 0.8686789765625 0.2420454546875 0.9027698859375001 0.39431818125 0.9436789765625001 0.7554945625 0.9671875 0.788352278125 0.9671875 1 0.935440340625 1 0.4802422453125
13 0.46484375 0.4515625 0.0951171875 0.0529296875
13 0.5703125 0.38359375 0.0935546875 0.0517578125
13 0.75546875 0.375 0.103125 0.04296875
13 0.86171875 0.475 0.1015625 0.0658203125
13 0.9796875 0.4921875 0.040625 0.056640625
13 0.9875 0.603125 0.025 0.0529296875
13 0.8109375 0.53359375 0.097265625 0.082421875
13 0.8234375 0.6125 0.1091796875 0.0345703125
13 0.80390625 0.67109375 0.059375 0.0609375
13 0.8640625 0.725 0.1126953125 0.0376953125
13 0.26640625 0.8015625 0.1267578125 0.0970703125
13 0.2015625 0.6515625 0.1126953125 0.103515625
13 0.02265625 0.70078125 0.0453125 0.075
13 0.2625 0.55234375 0.0783203125 0.0673828125
13 0.3546875 0.5234375 0.102734375 0.0529296875
13 0.22890625 0.45390625 0.1080078125 0.0765625
13 0.6703125 0.46796875 0.059765625 0.0357421875