15 1 0.4736328125 0.9306640625 0.443359375 0.7353515625 0.4140625 0.4052734375 0.435546875 0.2744140625 0.470703125 0.2060546875 0.5 0.0654296875 0.5859375 0.015625 0.6435546875 0 0.6767578125 0 0.7314453125 0.2685546875 0.943359375 0.4501953125 0.958984375 0.8056640625 0.890625 0.9501953125 0.822265625 0.9853515625 0.794921875 1 0.7802734375 1 0.4736328125
13 0.465625 0.515625 0.08125 0.0453125
13 0.55625 0.45703125 0.0796875 0.0453125
13 0.715625 0.44921875 0.08828125 0.0359375
13 0.80703125 0.53515625 0.0875 0.05703125
13 0.93515625 0.55078125 0.08828125 0.04921875
13 0.953125 0.646875 0.09375 0.04375
13 0.76328125 0.58515625 0.084375 0.0703125
13 0.7734375 0.65390625 0.09296875 0.0296875
13 0.75703125 0.70390625 0.05078125 0.05234375
13 0.809375 0.75 0.09765625 0.0328125
13 0.2953125 0.815625 0.109375 0.084375
13 0.23984375 0.68671875 0.09765625 0.08984375
13 0.0671875 0.73125 0.0796875 0.06484375
13 0.2921875 0.6015625 0.06796875 0.05859375
13 0.37109375 0.5765625 0.0875 0.0453125
13 0.26328125 0.5171875 0.09296875 0.06640625
13 0.6421875 0.52890625 0.05234375 0.0296875