15 1 0.6345949421875 0.7429435484375 0.4317540328125 0.5554435484375 0.415625 0.1885080640625 0.48618951718750003 0.039314515625000004 0.5567540328125 0.00302419375 0.5849798390625 0 0.5880040328125 0 0.9219147546875 0.05947580625 0.947883065625 0.2506720421875 0.9765625 0.2850943921875 0.9765625 0.601814515625 0.95594758125 0.7368951609375001 0.919657259375 0.807459678125 0.8894153234375001 0.9526209671875 0.8007056453124999 1 0.7458946078124999 1 0.6345949421875
13 0.4609375 0.51953125 0.083984375 0.046875
13 0.5546875 0.459375 0.0814453125 0.046875
13 0.71875 0.4515625 0.0908203125 0.0375
13 0.8125 0.53984375 0.0904296875 0.0580078125
13 0.9453125 0.55625 0.091015625 0.050390625
13 0.95625 0.653125 0.0875 0.046875
13 0.76796875 0.5921875 0.086328125 0.072265625
13 0.77890625 0.6625 0.095703125 0.03125
13 0.76171875 0.71484375 0.051953125 0.054296875
13 0.81484375 0.76171875 0.101171875 0.034375
13 0.284375 0.8296875 0.1126953125 0.0873046875
13 0.22734375 0.696875 0.1013671875 0.0935546875
13 0.04921875 0.7421875 0.0826171875 0.0658203125
13 0.28125 0.609375 0.0689453125 0.0595703125
13 0.36328125 0.58359375 0.0892578125 0.046875
13 0.2515625 0.52109375 0.0966796875 0.0673828125
13 0.64296875 0.53359375 0.0544921875 0.03125