15 0 0 0 1 0.98739694375 1 1 0.9853180890625 1 0.135804709375 0.9732905984375 0.1111111109375 0.849358975 0.0427350421875 0.7224893156250001 0 0 0
13 0.7734375 0.784375 0.409765625 0.315625
13 0.91015625 0.4078125 0.1796875 0.2001953125
13 0.75859375 0.31484375 0.2392578125 0.1169921875
13 0.5453125 0.29453125 0.2970703125 0.0953125
13 0.18125 0.4515625 0.334765625 0.175390625
13 0.08125 0.27109375 0.1625 0.0984375
13 0.34921875 0.21953125 0.1609375 0.116796875
13 0.25625 0.09765625 0.1498046875 0.1142578125
13 0.63125 0.1609375 0.1783203125 0.1033203125
13 0.9765625 0.1015625 0.046875 0.09140625
13 0.6328125 0.01796875 0.1029296875 0.0359375
13 0.81640625 0.01484375 0.1109375 0.0296875
13 0.8984375 0.20078125 0.153515625 0.0984375