15 1 0.07105308906249999 0.9760177859375 0.05 0.0006822234375 0.05 0 0.0511165453125 0 0.864612675 0.0375 0.9 0.0829545453125 0.9272727265625 0.2420454546875 0.975 0.6852272734375 1 0.8670454546874999 0.94318181875 0.9193181812500001 0.915909090625 1 0.8635749390624999 1 0.07105308906249999
2 0.828125 0.528125 0.293359375 0.190625
2 0.51171875 0.72890625 0.3580078125 0.39375
2 0.128125 0.621875 0.25625 0.1625
2 0.23984375 0.33125 0.244921875 0.20625
2 0.55 0.24375 0.231640625 0.175
2 0.5203125 0.49140625 0.147265625 0.1484375
0 0.128125 0.446875 0.1966796875 0.250390625
0 0.27265625 0.25390625 0.2921875 0.0890625
0 0.64140625 0.2140625 0.1734375 0.2591796875
0 0.94375 0.378125 0.1125 0.234375
0 0.6765625 0.6015625 0.197265625 0.109765625
0 0.5109375 0.46796875 0.0970703125 0.1080078125
0 0.37578125 0.678125 0.3732421875 0.2123046875
0 0.2140625 0.803125 0.10390625 0.07578125