15 0 0 0 1 1 1 1 0.1092966734375 0.8777533046875 0.041850220312500006 0.7535104625 0 0 0
13 0.7640625 0.80625 0.422265625 0.325
13 0.90625 0.41875 0.1875 0.2064453125
13 0.7484375 0.32265625 0.2470703125 0.1203125
13 0.5296875 0.3015625 0.306640625 0.09765625
13 0.16328125 0.4625 0.326171875 0.180859375
13 0.0671875 0.27734375 0.134375 0.1015625
13 0.3265625 0.22421875 0.1658203125 0.1203125
13 0.23125 0.0984375 0.1533203125 0.11875
13 0.6171875 0.16328125 0.184375 0.1076171875
13 0.97421875 0.1015625 0.0515625 0.09375
13 0.61875 0.01796875 0.1060546875 0.0357421875
13 0.8078125 0.0140625 0.115625 0.028125
13 0.89296875 0.2046875 0.159375 0.102734375