15 1 0.2763671875 0.97265625 0.2294921875 0.9033203125 0.1640625 0.8642578125 0.140625 0.7275390625 0.099609375 0.3466796875 0.078125 0.1904296875 0.126953125 0.1455078125 0.150390625 0.0732421875 0.197265625 0.0078125 0.2626953125 0 0.2802734375 0 0.8095703125 0.1279296875 0.921875 0.1494140625 0.935546875 0.3681640625 1 0.8428485578125 1 0.9224759609375001 0.9149639421875 1 0.7880859375 1 0.2763671875
2 0.78828125 0.4890625 0.25078125 0.1640625
2 0.51640625 0.66171875 0.3078125 0.33828125
2 0.17734375 0.571875 0.240625 0.13984375
2 0.2828125 0.3203125 0.21015625 0.17734375
2 0.54921875 0.24453125 0.2 0.15
2 0.5234375 0.4578125 0.12734375 0.12734375
0 0.1859375 0.41953125 0.16796875 0.21640625
0 0.31015625 0.253125 0.25078125 0.0765625
0 0.62734375 0.21953125 0.1484375 0.22265625
0 0.909375 0.3609375 0.13984375 0.2015625
0 0.65703125 0.55234375 0.16953125 0.09453125
0 0.515625 0.4375 0.084375 0.09296875
0 0.39921875 0.61796875 0.3203125 0.18203125
0 0.26015625 0.72578125 0.08984375 0.06640625