15 1 0.1319519203125 0.9598623859375 0.10591671250000001 0.9071100921875 0.07839377656249999 0.723623853125 0.0210543265625 0.276376146875 0.046283684375 0.1158256875 0.094448821875 0.069954128125 0.1219717578125 0 0.1879848078125 0 0.9260908656250001 0.0451594015625 1 0.9940374750000001 1 1 0.9947657218750001 1 0.1319519203125
2 0.79453125 0.503125 0.2951171875 0.193359375
2 0.475 0.70625 0.362109375 0.396875
2 0.10859375 0.59765625 0.2171875 0.1640625
2 0.20078125 0.3046875 0.246875 0.208984375
2 0.5140625 0.21640625 0.234375 0.1765625
2 0.484375 0.46640625 0.15 0.15
0 0.09296875 0.42109375 0.1859375 0.2546875
0 0.23359375 0.2265625 0.2951171875 0.0904296875
0 0.60546875 0.18671875 0.175 0.2609375
0 0.92734375 0.35234375 0.1453125 0.2359375
0 0.64140625 0.57734375 0.1986328125 0.1109375
0 0.47421875 0.4421875 0.0984375 0.109375
0 0.3375 0.6546875 0.3751953125 0.2126953125
0 0.17421875 0.78125 0.1048828125 0.0779296875