15 0 0.8818359375 0.0947265625 0.9921875 0.1103515625 1 1 0.9990234375 0.9990234375 0 0.3662109375 0.0078125 0.1806640625 0.0703125 0.0673828125 0.1328125 0.015625 0.1806640625 0 0.2001953125 0 0.8818359375
13 0.75 0.7484375 0.37578125 0.28828125
13 0.89609375 0.40390625 0.2078125 0.1828125
13 0.7359375 0.31953125 0.21953125 0.10703125
13 0.54140625 0.30078125 0.271875 0.0875
13 0.20859375 0.44375 0.30625 0.1609375
13 0.1 0.28125 0.18515625 0.08984375
13 0.36171875 0.23203125 0.146875 0.10703125
13 0.27734375 0.1203125 0.13671875 0.10546875
13 0.61953125 0.178125 0.1640625 0.09453125
13 0.95703125 0.125 0.0859375 0.084375
13 0.62109375 0.03203125 0.0921875 0.0640625
13 0.78984375 0.0296875 0.10078125 0.05859375
13 0.8640625 0.21484375 0.14140625 0.08984375