15 0.3388671875 0.9250814328124999 0.5751953125 0.9609120515624999 0.6689453125 0.9478827359374999 0.7314453125 0.869706840625 0.826171875 0.6368078171875 0.828125 0.5423452765625 0.818359375 0.441368078125 0.7626953125 0.3127035828125 0.6865234375 0.2247557 0.5654296875 0.12703583125 0.3720703125 0.1824104234375 0.2587890625 0.2638436484375 0.181640625 0.359934853125 0.1328125 0.5912052125 0.140625 0.6726384359375001 0.22265625 0.8289902281250001 0.3134765625 0.9087947875 0.3388671875 0.9250814328124999
13 0.47265625 0.35 0.071875 0.10703125
13 0.5609375 0.3828125 0.059375 0.08359375
13 0.50625 0.42109375 0.075 0.07578125
13 0.5609375 0.47421875 0.06796875 0.06953125
13 0.5328125 0.55390625 0.08984375 0.08046875
13 0.65 0.54296875 0.11640625 0.14609375
13 0.44375 0.78046875 0.09375 0.13359375
13 0.5578125 0.7265625 0.09453125 0.13203125
13 0.42734375 0.64609375 0.08828125 0.13515625
13 0.340625 0.73515625 0.06796875 0.11796875
13 0.28515625 0.65625 0.0828125 0.053125
13 0.2890625 0.54296875 0.11171875 0.09296875
13 0.28125 0.41015625 0.06328125 0.09140625
13 0.36640625 0.41328125 0.09140625 0.08515625