15 0.6114768484375 0.996875 0.6266187624999999 0.996875 0.7648545 0.8855647671875 0.8543040421875 0.78251133125 0.9196710140625 0.631747971875 0.9296875 0.5284023125 0.9296875 0.44338324062499995 0.9288453265625 0.40274033749999993 0.8238299296875 0.1451067515625 0.257131228125 0.1451067515625 0.2201297296875 0.1775495 0.1237994546875 0.36075560625 0.1146251421875 0.456175453125 0.1719645921875 0.7271678203125 0.262560921875 0.8397632406250001 0.3955884453125 0.9351830874999999 0.6114768484375 0.996875
13 0.5140625 0.40625 0.084375 0.1251953125
13 0.6171875 0.4453125 0.0689453125 0.097265625
13 0.553125 0.48984375 0.087890625 0.0890625
13 0.61796875 0.5515625 0.0796875 0.0814453125
13 0.584375 0.6453125 0.10625 0.0939453125
13 0.721875 0.63203125 0.1373046875 0.1705078125
13 0.48046875 0.91015625 0.1107421875 0.15625
13 0.6140625 0.84765625 0.1123046875 0.1546875
13 0.4609375 0.753125 0.1033203125 0.156640625
13 0.359375 0.8578125 0.080859375 0.1376953125
13 0.29375 0.76484375 0.096875 0.0611328125
13 0.2984375 0.63203125 0.13125 0.109375
13 0.28828125 0.4765625 0.0736328125 0.1064453125
13 0.3890625 0.48046875 0.106640625 0.1