15 0.1606026796875 0.8785447765625 0.264397321875 0.9699626859375 0.2934151796875 0.988619403125 0.35802176406249997 0.9984375 0.683649553125 0.9984375 0.7420758937499999 0.9251865671875 0.8503348203125001 0.658395521875 0.8515625 0.5988805671875 0.8515625 0.539776121875 0.84140625 0.43451492500000005 0.7777901796875 0.287126865625 0.6907366078125 0.186380596875 0.5523437515625 0.0744402984375 0.3313616078125 0.13787313437499998 0.20189732187499998 0.231156715625 0.1137276796875 0.34123134374999997 0.0579241078125 0.606156715625 0.0668526796875 0.6994402984375 0.1606026796875 0.8785447765625
13 0.446875 0.3296875 0.0814453125 0.1220703125
13 0.546875 0.36796875 0.0685546875 0.0955078125
13 0.48515625 0.41171875 0.0859375 0.0861328125
13 0.54765625 0.471875 0.076953125 0.08046875
13 0.51484375 0.56328125 0.103125 0.0921875
13 0.6484375 0.55078125 0.133984375 0.1671875
13 0.4140625 0.82265625 0.106640625 0.153125
13 0.54375 0.76171875 0.1091796875 0.1513671875
13 0.39453125 0.66953125 0.101171875 0.1546875
13 0.29609375 0.77109375 0.0767578125 0.1357421875
13 0.23203125 0.68046875 0.0951171875 0.0607421875
13 0.23671875 0.55078125 0.1267578125 0.10625
13 0.22734375 0.39921875 0.073046875 0.1046875
13 0.325 0.40234375 0.1033203125 0.0982421875