15 0.7935894578125 1 0.8678111875000001 0.9121290156249999 0.9014246328125 0.853469796875 0.949743959375 0.7612910265624999 0.97495404375 0.657939071875 0.9765625 0.538176490625 0.9765625 0.497062675 0.9665506828125 0.40654242343749997 0.9224330359374999 0.2948105796875 0.828945640625 0.19006197656249998 0.73860950625 0.1118496859375 0.58104648125 0.0336373953125 0.4655002625 0.0112910265625 0.33944984218749996 0.0112910265625 0.2218027828125 0.0336373953125 0.11465992656249999 0.0978832046875 0.000164128125 0.21816736250000002 0.000164128125 0.9334440125000001 0.061554559375 1 0.7935894578125 1
7 0.253125 0.55625 0.053125 0.06875
7 0.0453125 0.32578125 0.0501953125 0.0857421875
7 0.453125 0.071875 0.0595703125 0.03125
7 0.29140625 0.22421875 0.040625 0.085546875
7 0.41328125 0.29765625 0.016796875 0.0265625
7 0.60390625 0.50390625 0.0578125 0.0703125
7 0.48671875 0.671875 0.0421875 0.0873046875
7 0.65234375 0.734375 0.059375 0.1
7 0.65625 0.52578125 0.0564453125 0.0609375
7 0.86328125 0.390625 0.114453125 0.106640625
7 0.79609375 0.23046875 0.0361328125 0.0517578125
7 0.33125 0.3390625 0.0623046875 0.0751953125
7 0.24765625 0.403125 0.0486328125 0.0625
7 0.04609375 0.70703125 0.0921875 0.1794921875
7 0.35390625 0.8390625 0.0673828125 0.1095703125
7 0.23671875 0.796875 0.0513671875 0.062890625
7 0.278125 0.940625 0.04296875 0.052734375
7 0.5828125 0.61484375 0.040625 0.125
7 0.3859375 0.5 0.087109375 0.081640625
7 0.478125 0.121875 0.105859375 0.0720703125
7 0.54296875 0.41953125 0.034375 0.0517578125