15 1 0.437387328125 0.9658119656249999 0.35031249999999997 0.8707264953125 0.24316964218749998 0.778846153125 0.16316964218750002 0.6185897437500001 0.0831696421875 0.5010683765625 0.060312500000000005 0.37286324843749996 0.060312500000000005 0.25320512812499996 0.0831696421875 0.14423076875000002 0.148883928125 0 0.30126487968750004 0 0.9599125000000001 0.0235042734375 0.9988839281249999 0.024527925 1 0.8949205921875001 1 0.9102564109375001 0.981741071875 0.9444444437499999 0.9217410718749999 0.99358974375 0.8274553578124999 1 0.8010267859375 1 0.437387328125
7 0.28515625 0.6171875 0.0544921875 0.071484375
7 0.0734375 0.38203125 0.052734375 0.0875
7 0.48828125 0.121875 0.061328125 0.031640625
7 0.32421875 0.27734375 0.041796875 0.0875
7 0.4484375 0.353125 0.0158203125 0.025390625
7 0.6421875 0.5640625 0.059375 0.071875
7 0.5234375 0.7359375 0.0435546875 0.090234375
7 0.69140625 0.79921875 0.0607421875 0.1017578125
7 0.6953125 0.5859375 0.05859375 0.0625
7 0.90546875 0.4484375 0.1171875 0.109375
7 0.8375 0.284375 0.0375 0.0533203125
7 0.36484375 0.3953125 0.0625 0.077734375
7 0.27890625 0.4609375 0.05 0.065234375
7 0.075 0.77265625 0.096875 0.1828125
7 0.38828125 0.90703125 0.06875 0.1125
7 0.26875 0.86328125 0.050390625 0.065625
7 0.31015625 0.99140625 0.0423828125 0.0171875
7 0.6203125 0.67734375 0.0408203125 0.128125
7 0.4203125 0.56015625 0.087890625 0.084375
7 0.5140625 0.1734375 0.1064453125 0.0748046875
7 0.5796875 0.47734375 0.034765625 0.054296875