15 0.7880859375 0.9895833328125001 0.859375 0.9049479171874999 0.890625 0.8502604171874999 0.935546875 0.7643229171875 0.958984375 0.66796875 0.9609375 0.5221354171875 0.951171875 0.43359375 0.91015625 0.3294270828125 0.8232421875 0.23177083281250002 0.7392578125 0.1588541671875 0.5927734375 0.0859375 0.4853515625 0.06510416718749999 0.3681640625 0.06510416718749999 0.2587890625 0.0859375 0.1591796875 0.1458333328125 0.0009765625 0.3125 0 0.83984375 0.048828125 0.9205729171874999 0.1123046875 0.9895833328125001 0.7880859375 0.9895833328125001
7 0.2875 0.57265625 0.04921875 0.0640625
7 0.09453125 0.35859375 0.046875 0.0796875
7 0.47421875 0.121875 0.05625 0.02890625
7 0.3234375 0.26328125 0.03828125 0.0796875
7 0.4375 0.3328125 0.01484375 0.02421875
7 0.6140625 0.525 0.05390625 0.065625
7 0.50546875 0.68125 0.0390625 0.08125
7 0.659375 0.7390625 0.05546875 0.09375
7 0.66328125 0.54453125 0.053125 0.05703125
7 0.85546875 0.41875 0.10703125 0.09921875
7 0.79296875 0.26953125 0.034375 0.04921875
7 0.3609375 0.3703125 0.0578125 0.0703125
7 0.2828125 0.43046875 0.04609375 0.05859375
7 0.09609375 0.71484375 0.08828125 0.1671875
7 0.38203125 0.8375 0.06328125 0.10234375
7 0.27265625 0.79765625 0.046875 0.059375
7 0.31171875 0.93125 0.0390625 0.04921875
7 0.59453125 0.628125 0.03828125 0.11640625
7 0.4109375 0.52109375 0.08046875 0.0765625
7 0.496875 0.16875 0.09765625 0.0671875
7 0.55703125 0.44609375 0.03203125 0.04921875