15 0 0.7073138328125 0.11376404531249999 0.7888284546875 0.4603711 0.9984375 0.6164809765625 0.9984375 0.7247191015625 0.8869297203125001 0.9466292140625001 0.6000098890625 1 0.5092925890625 0.9058988765624999 0.47870187187499996 0.6615168546875 0.4365077796875 0.43117977500000004 0.42595925625 0.21769662968749998 0.47026305312499994 0.0154494375 0.552541534375 0 0.5629548203125 0 0.7073138328125
13 0.5203125 0.50390625 0.109765625 0.0859375
13 0.7109375 0.5328125 0.1033203125 0.0689453125
13 0.85625 0.571875 0.125 0.0966796875
13 0.87421875 0.6515625 0.1107421875 0.0658203125
13 0.7390625 0.6140625 0.128515625 0.077734375
13 0.575 0.5828125 0.13046875 0.096484375
13 0.659375 0.684375 0.1341796875 0.075
13 0.77578125 0.73203125 0.125 0.0828125
13 0.5078125 0.68671875 0.052734375 0.0701171875
13 0.5359375 0.78984375 0.10859375 0.075
13 0.6953125 0.81171875 0.1439453125 0.1048828125
13 0.625 0.896875 0.150390625 0.09375
13 0.53125 0.9046875 0.04453125 0.096484375
1 0.4109375 0.8890625 0.128515625 0.1001953125
1 0.13125 0.66328125 0.23125 0.1044921875
1 0.32890625 0.5328125 0.203125 0.0720703125
1 0.34375 0.6390625 0.0998046875 0.1001953125
1 0.37890625 0.73125 0.1125 0.058984375
1 0.225 0.7578125 0.1560546875 0.1001953125