15 0.56640625 1 0.7135416671875 0.8486328125 0.9192708328125001 0.5830078125 0.96875 0.4990234375 0.8815104171874999 0.470703125 0.6549479171875 0.431640625 0.44140625 0.421875 0.24348958281250002 0.462890625 0.05598958281250001 0.5390625 0.0052083328125 0.5732421875 0.0026041671875 0.6455078125 0.0338541671875 0.6767578125 0.1471354171875 0.7578125 0.5481770828125 1 0.56640625 1
13 0.5234375 0.49375 0.10234375 0.0796875
13 0.70078125 0.5203125 0.09609375 0.06484375
13 0.83515625 0.55625 0.11640625 0.08828125
13 0.85234375 0.63046875 0.10234375 0.06171875
13 0.72734375 0.5953125 0.1203125 0.0703125
13 0.575 0.5671875 0.1203125 0.08828125
13 0.653125 0.6609375 0.12421875 0.06875
13 0.7609375 0.70546875 0.11640625 0.0765625
13 0.5125 0.66328125 0.0484375 0.06484375
13 0.5390625 0.75859375 0.1 0.06875
13 0.6859375 0.77890625 0.134375 0.09765625
13 0.62109375 0.8578125 0.140625 0.0875
13 0.53359375 0.86484375 0.0421875 0.08828125
1 0.42265625 0.85 0.1203125 0.09296875
1 0.16328125 0.64140625 0.2140625 0.09609375
1 0.346875 0.5203125 0.18828125 0.06796875
1 0.3609375 0.61875 0.0921875 0.09296875
1 0.39296875 0.7046875 0.10390625 0.05390625
1 0.25078125 0.72890625 0.14453125 0.09296875