15 1 0.8528391624999999 0.9794117640625 0.8179446578125 0.7470588234375 0.5183851875000001 0.647352940625 0.41596227968750005 0.4470588234375 0.41596227968750005 0.107352940625 0.6208080953125 0 0.69750818125 0 0.8645390328125 0.0044117640625 0.8675041296874999 0.21617647031249998 0.9534072140625 0.4397058828125 0.9996627203124999 0.680882353125 0.9886495046875 0.93676470625 0.9445966406249999 1 0.924098909375 1 0.8528391624999999
13 0.5328125 0.496875 0.115625 0.0904296875
13 0.7328125 0.52734375 0.1091796875 0.0732421875
13 0.884375 0.56796875 0.13125 0.1
13 0.90390625 0.6515625 0.115625 0.0689453125
13 0.7625 0.6125 0.13671875 0.08046875
13 0.590625 0.58046875 0.137109375 0.1
13 0.67890625 0.6859375 0.140625 0.078125
13 0.80078125 0.7359375 0.13125 0.0873046875
13 0.5203125 0.68828125 0.0533203125 0.0732421875
13 0.55 0.79609375 0.1126953125 0.078125
13 0.71640625 0.81875 0.1515625 0.109765625
13 0.6421875 0.9078125 0.1591796875 0.097265625
13 0.54375 0.915625 0.047265625 0.1
1 0.41875 0.89921875 0.137109375 0.1046875
1 0.12578125 0.6640625 0.2421875 0.108984375
1 0.3328125 0.52734375 0.2125 0.0765625
1 0.3484375 0.63828125 0.1033203125 0.1046875
1 0.384375 0.73515625 0.1185546875 0.0609375
1 0.22421875 0.7625 0.1625 0.105859375