15 1 0.1416015625 0.9677734375 0.111328125 0.8759765625 0.06640625 0.6689453125 0.00390625 0.3876953125 0.017578125 0.2529296875 0.056640625 0.0927734375 0.158203125 0.0234375 0.2353515625 0 0.2646484375 0 0.7861328125 0.1806640625 0.90625 0.259915865625 0.8173076921875 0.35306490468749996 0.6355168265625 0.4867788453125 0.318509615625 0.4972956734375 0.318509615625 0.7767427890625 0.8067908656249999 0.8969350953124999 0.7887620203125 1 0.6962890625 1 0.1416015625
12 0.05703125 0.5671875 0.1078125 0.1546875
12 0.16015625 0.21875 0.09765625 0.05234375
9 0.825 0.271875 0.09921875 0.0484375
9 0.859375 0.634375 0.15625 0.084375
0 0.68359375 0.04765625 0.10234375 0.05546875
0 0.74296875 0.084375 0.0765625 0.06875
0 0.8140625 0.10625 0.09921875 0.04921875
0 0.91015625 0.14765625 0.1078125 0.09140625
0 0.61484375 0.11015625 0.10546875 0.10390625
0 0.62734375 0.1734375 0.1546875 0.10078125
0 0.69921875 0.17265625 0.1125 0.13828125
0 0.646875 0.23125 0.1484375 0.09609375
0 0.95 0.209375 0.1 0.05546875
0 0.91640625 0.2546875 0.14453125 0.109375
0 0.8078125 0.20859375 0.115625 0.08984375
0 0.64453125 0.3984375 0.13828125 0.1265625
0 0.71171875 0.5328125 0.19375 0.13359375
0 0.8203125 0.38203125 0.06640625 0.09765625
0 0.928125 0.3921875 0.1234375 0.084375
0 0.8484375 0.490625 0.2421875 0.125
0 0.88984375 0.4234375 0.1578125 0.08984375
0 0.86640625 0.56328125 0.10703125 0.10546875
11 0.47734375 0.040625 0.0765625 0.05703125
11 0.43671875 0.16328125 0.046875 0.04375
11 0.23671875 0.11875 0.0859375 0.06328125
11 0.29765625 0.22578125 0.0875 0.06484375
11 0.09921875 0.215625 0.10234375 0.046875
11 0.2015625 0.35859375 0.10546875 0.06171875
11 0.24765625 0.4984375 0.078125 0.075
11 0.02734375 0.51953125 0.05390625 0.09609375
9 0.02265625 0.36796875 0.0453125 0.06640625
4 0.3953125 0.05625 0.09921875 0.04375
4 0.471875 0.09921875 0.1171875 0.08125
4 0.10625 0.25859375 0.13671875 0.05078125
4 0.33125 0.26875 0.09765625 0.071875
4 0.246875 0.2734375 0.10078125 0.08984375
4 0.35859375 0.396875 0.18203125 0.14140625
4 0.08203125 0.51796875 0.121875 0.14453125
4 0.221875 0.665625 0.2421875 0.1984375
11 0.21015625 0.690625 0.13515625 0.115625
16 0.109375 0.6453125 0.21875 0.1734375
16 0.190625 0.4140625 0.38125 0.115625
16 0.34296875 0.3078125 0.16640625 0.0359375
16 0.2 0.290625 0.06875 0.040625
16 0.225 0.20390625 0.1140625 0.03125
16 0.41953125 0.09453125 0.21953125 0.02734375
16 0.26015625 0.14375 0.0453125 0.0375
9 0.5625 0.27578125 0.0765625 0.08828125
9 0.66640625 0.29765625 0.12734375 0.02734375
9 0.81015625 0.3046875 0.05703125 0.02734375
9 0.7328125 0.34609375 0.0734375 0.05234375
12 0.30234375 0.0703125 0.06875 0.05390625
12 0.45703125 0.0921875 0.08984375 0.0703125
12 0.33984375 0.08984375 0.05390625 0.0453125
12 0.34140625 0.14140625 0.06875 0.02109375
12 0.290625 0.1765625 0.1609375 0.05859375
12 0.04296875 0.31484375 0.06484375 0.0765625
12 0.0953125 0.37265625 0.10703125 0.05078125
12 0.1953125 0.54296875 0.13203125 0.10390625