15 0.8247215484374999 0 0.7438461546874999 0.09076442343749999 0.6484615375 0.2769182703125 0.5115384625 0.6015336546875 0.5007692296874999 0.6015336546875 0.214615384375 0.1015336546875 0.0915384625 0.11999519218750002 0 0.20212627656249998 0 0.795839015625 0.019 0.8136875 0.11299999999999999 0.8596875 0.27758984375 0.909375 0.614078125 0.909375 0.751 0.8696875000000001 0.915 0.7656875000000001 0.986 0.6866875 1 0.6691874999999999 1 0.1160388515625 0.8254700203124999 0 0.8247215484374999 0
12 0.05078125 0.56015625 0.1015625 0.1578125
12 0.15390625 0.20546875 0.1 0.054296875
9 0.834375 0.26015625 0.100390625 0.0486328125
9 0.8703125 0.63125 0.1595703125 0.087109375
0 0.68984375 0.03046875 0.1046875 0.0576171875
0 0.75078125 0.06796875 0.078125 0.070703125
0 0.82421875 0.090625 0.1015625 0.0501953125
0 0.92265625 0.13359375 0.1109375 0.09375
0 0.61953125 0.0953125 0.1078125 0.10625
0 0.63203125 0.159375 0.1580078125 0.103125
0 0.70625 0.15859375 0.115625 0.1419921875
0 0.65234375 0.21875 0.1517578125 0.099609375
0 0.9546875 0.19609375 0.0904296875 0.05625
0 0.9265625 0.24140625 0.146875 0.1109375
0 0.8171875 0.19609375 0.11875 0.0921875
0 0.65 0.38984375 0.1408203125 0.1294921875
0 0.71875 0.52734375 0.19921875 0.136328125
0 0.8296875 0.3734375 0.068359375 0.1
0 0.9375 0.38203125 0.125 0.0859375
0 0.85859375 0.484375 0.2482421875 0.1279296875
0 0.9015625 0.415625 0.1623046875 0.093359375
0 0.8765625 0.55859375 0.109375 0.1078125
11 0.4765625 0.02578125 0.078125 0.0515625
11 0.43671875 0.14921875 0.0482421875 0.0451171875
11 0.23203125 0.10390625 0.0875 0.064453125
11 0.29453125 0.21328125 0.0890625 0.0669921875
11 0.09140625 0.203125 0.1046875 0.0470703125
11 0.19609375 0.34921875 0.1078125 0.063671875
11 0.24375 0.49296875 0.080859375 0.0765625
11 0.021875 0.51328125 0.04375 0.0982421875
9 0.01796875 0.3578125 0.0359375 0.0685546875
4 0.39453125 0.03984375 0.1015625 0.0451171875
4 0.4734375 0.08359375 0.121484375 0.0828125
4 0.0984375 0.246875 0.1404296875 0.0529296875
4 0.32890625 0.25703125 0.1 0.0736328125
4 0.24296875 0.26171875 0.103125 0.0921875
4 0.35703125 0.38828125 0.1859375 0.1451171875
4 0.07421875 0.5125 0.125 0.1470703125
4 0.2171875 0.66328125 0.2470703125 0.203125
11 0.20546875 0.6890625 0.1388671875 0.11875
16 0.10703125 0.64296875 0.2140625 0.178125
16 0.18984375 0.4046875 0.3796875 0.118359375
16 0.34140625 0.29765625 0.170703125 0.036328125
16 0.19453125 0.2796875 0.0705078125 0.0408203125
16 0.22109375 0.190625 0.1171875 0.0314453125
16 0.41953125 0.07890625 0.225 0.0267578125
16 0.25625 0.12890625 0.0466796875 0.0388671875
9 0.56640625 0.2640625 0.078125 0.090625
9 0.67265625 0.28671875 0.1298828125 0.0267578125
9 0.81953125 0.29453125 0.0580078125 0.0267578125
9 0.73984375 0.33671875 0.075 0.0544921875
12 0.29921875 0.0546875 0.0705078125 0.0560546875
12 0.4578125 0.0765625 0.091015625 0.0720703125
12 0.3375 0.07421875 0.0560546875 0.0455078125
12 0.3390625 0.1265625 0.0716796875 0.021875
12 0.2875 0.1625 0.1654296875 0.0595703125
12 0.03359375 0.3046875 0.0669921875 0.078125
12 0.0875 0.36328125 0.109375 0.0517578125
12 0.18984375 0.53828125 0.1357421875 0.10625