15 1 0.17378435625 0.9860465109375 0.148837209375 0.959302325 0.1313953484375 0.894186046875 0.10813953437499998 0.6972979671874999 0.0796875 0.6706613265625 0.0796875 0.48255813906249995 0.0848837203125 0.3732558140625 0.1313953484375 0.294186046875 0.12906976718750002 0.18720930156249999 0.189534884375 0.10813953437499998 0.20813953437500002 0.05 0.210465115625 0 0.235465115625 0 0.8251403375 0.015116279687500001 0.8313953484375001 0.04302325625 0.85697674375 0.12906976718750002 0.889534884375 0.159302325 0.9151162796874999 0.2290697671875 0.908139534375 0.28953488437499997 0.9337209296875001 0.45419694687499995 0.9703125 0.47427326406250003 0.9703125 0.5872093015625001 0.9662790703124999 0.8546511625000001 0.9151162796874999 0.9639534890625001 0.8779069765624999 1 0.8873929 1 0.17378435625
2 0.7265625 0.3046875 0.2404296875 0.1625
2 0.43046875 0.3046875 0.238671875 0.230859375
2 0.7515625 0.54140625 0.2251953125 0.171875
2 0.36171875 0.6390625 0.221875 0.246484375
2 0.13046875 0.54140625 0.2294921875 0.1142578125
2 0.14453125 0.36875 0.205078125 0.105859375
2 0.36796875 0.40234375 0.1298828125 0.1076171875
0 0.78046875 0.41640625 0.2 0.0794921875
0 0.51640625 0.54765625 0.1984375 0.1125
0 0.3875 0.47265625 0.149609375 0.0798828125
0 0.1890625 0.615625 0.14765625 0.091015625