15 1 0.2978515625 0.9677734375 0.2734375 0.9111328125 0.25 0.8876953125 0.228515625 0.8154296875 0.201171875 0.7900390625 0.1796875 0.7314453125 0.185546875 0.6806640625 0.1640625 0.5400390625 0.1328125 0.4306640625 0.13671875 0.2060546875 0.1796875 0.1142578125 0.2109375 0.0771484375 0.201171875 0.0576171875 0.2109375 0 0.2705078125 0 0.7509765625 0.0244140625 0.76171875 0.0634765625 0.765625 0.095703125 0.8232421875 0.1181640625 0.837890625 0.1728515625 0.857421875 0.341796875 0.8818359375 0.5185546875 0.876953125 0.6103515625 0.837890625 0.6767578125 0.83984375 0.7666015625 0.7890625 0.8330078125 0.7734375 0.8818359375 0.771484375 0.9326171875 0.74609375 0.9375 0.7333984375 0.9794921875 0.701171875 1 0.6728515625 1 0.2978515625
2 0.69375 0.321875 0.2015625 0.13671875
2 0.4453125 0.321875 0.2 0.19375
2 0.71484375 0.52109375 0.1890625 0.14453125
2 0.3875 0.603125 0.1859375 0.20546875
2 0.19375 0.52109375 0.1921875 0.09609375
2 0.2046875 0.3765625 0.17265625 0.08828125
2 0.39296875 0.40390625 0.109375 0.08984375
0 0.7390625 0.41640625 0.16796875 0.06640625
0 0.5171875 0.5265625 0.16640625 0.09453125
0 0.409375 0.46328125 0.125 0.06796875
0 0.24296875 0.58359375 0.125 0.0765625