15 1 0.2740131578125 0.9682017546875 0.26085526406250004 0.9418859656249999 0.23673245625 0.8607456140625 0.206030703125 0.8322368421874999 0.1819078953125 0.76644736875 0.1884868421875 0.709429825 0.16436403593749999 0.5515350875 0.1292763171875 0.4287280703125 0.13366228125 0.1765350875 0.1819078953125 0.07346491250000001 0.2169956140625 0.0317982453125 0.206030703125 0.009868420312499999 0.2169956140625 0 0.22719855781249998 0 0.8381578953125001 0.01644736875 0.8398026328125001 0.0526315796875 0.9044956140625 0.0778508765625 0.9209429828125 0.1392543859375 0.9428728078124999 0.31832455312499996 0.96875 0.38451759218750003 0.96875 0.52741228125 0.9648026328125001 0.63048245625 0.9209429828125 0.705043859375 0.923135965625 0.8059210531250001 0.866118421875 0.88048245625 0.8485745625 0.9353070171875 0.8463815796875 0.9923245609375 0.8178728078124999 0.9978070171875 0.803618421875 1 0.801935434375 1 0.2740131578125
2 0.72421875 0.3421875 0.2263671875 0.153125
2 0.4453125 0.3421875 0.2248046875 0.2185546875
2 0.7484375 0.565625 0.2125 0.1623046875
2 0.38046875 0.6578125 0.209375 0.23125
2 0.1625 0.565625 0.215625 0.106640625
2 0.17578125 0.403125 0.19375 0.0998046875
2 0.3859375 0.434375 0.122265625 0.100390625
0 0.775 0.44765625 0.187890625 0.0736328125
0 0.5265625 0.571875 0.1875 0.10625
0 0.4046875 0.50078125 0.140234375 0.076171875
0 0.21796875 0.6359375 0.1392578125 0.084765625