15 0.63125 0.7165971765625 0.63125 0.6954686734375 0.5883841875 0.6685305859375 0.3025593609375 0.607007890625 0.2059950015625 0.6205833859375 0.121501015625 0.7472876734375 0.1275364328125 0.8785167796875 0.21283800312499998 0.9984375 0.4618328140625 0.9984375 0.5681116921875 0.9169806421875 0.616393875 0.803852025 0.63125 0.7165971765625
11 0.32265625 0.6734375 0.0517578125 0.0470703125
11 0.328125 0.7234375 0.0625 0.04609375
11 0.33203125 0.84296875 0.0548828125 0.0484375
11 0.40625 0.7890625 0.05 0.046875
11 0.46875 0.81953125 0.055859375 0.0486328125
11 0.46875 0.73984375 0.0779296875 0.0296875
11 0.3875 0.66171875 0.0435546875 0.0361328125
11 0.54765625 0.7546875 0.040625 0.0279296875
11 0.33203125 0.96953125 0.046875 0.048046875
11 0.3828125 0.94140625 0.040625 0.054296875
11 0.4328125 0.9390625 0.0466796875 0.059765625
11 0.4859375 0.9234375 0.0375 0.072265625
11 0.2421875 0.7484375 0.028125 0.028125