15 0.2730695984375 0.905509996875 0.3921585703125 0.9968367046875001 0.5747617 0.9908805515625 0.6594471109375 0.8717587203124999 0.664740075 0.7566077828125 0.5906401890625 0.6454272859375 0.5059547796875 0.6335150578125 0.25529094531249996 0.6875000015625 0.21484840312500003 0.7129296125 0.2307268921875 0.8062418796875 0.2730695984375 0.905509996875
11 0.39140625 0.69140625 0.04609375 0.0421875
11 0.39609375 0.7359375 0.05546875 0.03984375
11 0.39921875 0.840625 0.0484375 0.04296875
11 0.46484375 0.79296875 0.04375 0.04140625
11 0.51953125 0.8203125 0.04765625 0.04375
11 0.51953125 0.75 0.06796875 0.0265625
11 0.4484375 0.68125 0.0375 0.03203125
11 0.58828125 0.76328125 0.03515625 0.02421875
11 0.4 0.9515625 0.04140625 0.04140625
11 0.44453125 0.9265625 0.0359375 0.04765625
11 0.4875 0.925 0.03984375 0.05390625
11 0.534375 0.9109375 0.03359375 0.06484375
11 0.32109375 0.7578125 0.025 0.025