15 0.1996854265625 0.5114076328125 0.13110135625 0.5291067484374999 0.0802164 0.5468058625000001 0.024906665624999998 0.5733545359375001 0.0005703828125 0.59131703125 0.0005703828125 0.867677746875 0.014950914062500001 0.8797704640624999 0.12446418749999999 0.932867809375 0.170924365625 0.9450359515625 0.27822525 0.96494745625 0.3457031265625 0.9660536515624999 0.4308801171875 0.9594164812500001 0.45366270000000003 0.9703125 0.46501543749999996 0.9703125 0.5923845421875 0.9516731187499999 0.7428270203125 0.9107439156250001 0.7937119734375 0.8875138265625001 0.8600836578125 0.844372234375 0.8932694968750001 0.8100801984375 0.906543834375 0.7768943578124999 0.9140625 0.74212053125 0.9140625 0.7229224140625 0.9098624171875 0.6817616156249999 0.887738525 0.639726215625 0.8600836578125 0.61207135 0.8202606484375 0.5877350671875 0.7605261343749999 0.5589740046875 0.6853048953124999 0.5302129421874999 0.5514553390625 0.500345684375 0.439729675 0.491496128125 0.2726942765625 0.500345684375 0.1996854265625 0.5114076328125
7 0.55859375 0.8703125 0.1640625 0.050390625
7 0.1671875 0.8421875 0.0935546875 0.0404296875
7 0.2796875 0.77734375 0.247265625 0.1265625
7 0.72890625 0.81640625 0.1392578125 0.0388671875
7 0.49375 0.81015625 0.1 0.0796875
7 0.55703125 0.8828125 0.1611328125 0.0533203125
7 0.60234375 0.7546875 0.1703125 0.108984375
7 0.73125 0.64609375 0.093359375 0.0171875
7 0.8234375 0.7 0.0654296875 0.0435546875
7 0.65703125 0.55625 0.1205078125 0.046875
7 0.5 0.55078125 0.0748046875 0.0734375
7 0.421875 0.5671875 0.066015625 0.053125
7 0.30078125 0.6109375 0.103125 0.078515625
7 0.31953125 0.553125 0.1234375 0.0375
7 0.09609375 0.6109375 0.13125 0.0501953125
7 0.02734375 0.69140625 0.0546875 0.0671875
7 0.2390625 0.62734375 0.1935546875 0.0888671875
11 0.2875 0.8609375 0.0658203125 0.0404296875
11 0.37890625 0.85859375 0.075 0.073046875
11 0.4 0.79453125 0.068359375 0.035546875
11 0.484375 0.76171875 0.046484375 0.029296875
11 0.77578125 0.7359375 0.0638671875 0.0435546875
11 0.85390625 0.76484375 0.0609375 0.0390625
11 0.66015625 0.6578125 0.051953125 0.02109375
11 0.66484375 0.61484375 0.0576171875 0.025
11 0.5875 0.58203125 0.0908203125 0.0421875
11 0.46796875 0.603125 0.046875 0.0435546875
11 0.36171875 0.621875 0.042578125 0.044140625
11 0.4171875 0.51640625 0.040234375 0.0390625
11 0.3890625 0.5984375 0.052734375 0.0283203125
11 0.3359375 0.696875 0.0439453125 0.0466796875
11 0.2171875 0.65703125 0.059375 0.0390625
11 0.0921875 0.634375 0.0376953125 0.025
11 0.1015625 0.7296875 0.047265625 0.0216796875
19 0.1984375 0.5515625 0.0658203125 0.0498046875
19 0.10703125 0.77578125 0.0861328125 0.0625
19 0.07734375 0.67265625 0.0763671875 0.0455078125
19 0.4703125 0.69765625 0.071484375 0.0640625
19 0.74765625 0.684375 0.0830078125 0.05625
19 0.7703125 0.61484375 0.071484375 0.0390625