15 0.2432619109375 0.523561825 0.17646426875000001 0.5491021 0.1234190828125 0.574642375 0.088055625 0.5962533750000001 0.0634976671875 0.620811334375 0.0438513015625 0.6581394281249999 0.0390625 0.7050696750000001 0.0390625 0.7068409296875 0.0467982578125 0.7426188 0.058586075 0.772088346875 0.088055625 0.8025402140625 0.1469947203125 0.8408506265625 0.1921813609375 0.8614793078125 0.3257766453125 0.8978250843750001 0.44660179375000003 0.9155068156249999 0.46919511406250003 0.9047013140625 0.54483361875 0.9105952234375 0.604755034375 0.9096129046874999 0.7000399078124999 0.8919311765625 0.7412972734375 0.8811256734375 0.838546784375 0.8339743984375 0.8817687859375001 0.797628621875 0.8994505171875 0.7730706656249999 0.9043621078124999 0.759318209375 0.90829138125 0.721007796875 0.8994505171875 0.695467521875 0.9132029734374999 0.6728742015625 0.9140625 0.6591217609375 0.9140625 0.656911528125 0.8974858796875 0.6237582890625 0.8709632859375 0.5923241015625 0.82970591875 0.5618722359375 0.78059000625 0.5382965984375 0.7354033656250001 0.5225795062499999 0.6744996328124999 0.5068624140625 0.6096666265625 0.49703923124999994 0.4613365671875 0.48918068437500006 0.3621224234375 0.49703923124999994 0.2432619109375 0.523561825
7 0.59765625 0.8265625 0.145703125 0.04609375
7 0.25078125 0.80078125 0.0828125 0.0357421875
7 0.35 0.74296875 0.2189453125 0.1125
7 0.74921875 0.778125 0.123828125 0.034375
7 0.540625 0.77265625 0.087890625 0.0705078125
7 0.596875 0.83671875 0.14375 0.048046875
7 0.6375 0.7234375 0.1501953125 0.096484375
7 0.7515625 0.62734375 0.0814453125 0.015625
7 0.83359375 0.675 0.0578125 0.0375
7 0.6859375 0.546875 0.108984375 0.0408203125
7 0.54609375 0.5421875 0.065625 0.0654296875
7 0.47734375 0.55703125 0.059375 0.0482421875
7 0.36953125 0.5953125 0.0921875 0.0716796875
7 0.3859375 0.54453125 0.109375 0.0330078125
7 0.1875 0.5953125 0.1158203125 0.046484375
7 0.115625 0.66875 0.071875 0.059375
7 0.3140625 0.61015625 0.1716796875 0.078125
11 0.35703125 0.81796875 0.058203125 0.035546875
11 0.4390625 0.815625 0.066015625 0.0654296875
11 0.45703125 0.75859375 0.060546875 0.03125
11 0.5328125 0.72890625 0.040625 0.0263671875
11 0.79140625 0.70625 0.05625 0.037890625
11 0.86015625 0.7328125 0.0546875 0.034375
11 0.68828125 0.63671875 0.046875 0.0173828125
11 0.69296875 0.59921875 0.0513671875 0.021875
11 0.62421875 0.5703125 0.08125 0.0375
11 0.51796875 0.58828125 0.041796875 0.0375
11 0.4234375 0.60546875 0.037890625 0.0390625
11 0.47265625 0.51171875 0.035546875 0.034375
11 0.44765625 0.584375 0.0455078125 0.0251953125
11 0.40078125 0.671875 0.0392578125 0.040625
11 0.29453125 0.63671875 0.0517578125 0.0357421875
11 0.184375 0.61640625 0.033984375 0.023046875
11 0.1921875 0.70078125 0.0435546875 0.01875
19 0.27890625 0.54296875 0.058203125 0.04375
19 0.196875 0.7421875 0.0779296875 0.0560546875
19 0.17109375 0.65078125 0.0673828125 0.0419921875
19 0.51953125 0.67265625 0.0625 0.0576171875
19 0.765625 0.66015625 0.0748046875 0.05
19 0.7859375 0.59921875 0.0625 0.035546875