15 1 0.25653041718749997 0.9732142859374999 0.2340649796875 0.9126984125 0.19835069375 0.8244047625 0.16263640937499999 0.7926587296875 0.15668402812499999 0.728174603125 0.13485863125 0.6636904765625 0.12493799531250001 0.5744047625 0.12791418593749998 0.515873015625 0.12196180625 0.44940476250000005 0.12692212187500002 0.41865079375 0.12096974062500002 0.3963045890625 0.1203125 0.37973089375 0.1203125 0.3234126984375 0.12394593125 0.2678571421875 0.13485863125 0.1795634921875 0.16164434375 0.0674603171875 0.21124751874999997 0 0.255929028125 0 0.747733409375 0.0416666671875 0.7816840265625 0.0892857140625 0.8084697421874999 0.209325396875 0.8580729171874999 0.2539682546875 0.8709697421874999 0.322420634375 0.8848586296875001 0.5302084218750001 0.8875 0.56332773125 0.8875 0.6369047625 0.8838665671875001 0.7142857140625 0.8709697421874999 0.846230159375 0.8332713296875 0.953373015625 0.7806919640625 1 0.7441217796874999 1 0.5118427578125 0.9990079359375 0.5108506937499999 0.9990079359375 0.500930059375 1 0.4993427578125 1 0.25653041718749997
13 0.19921875 0.26953125 0.105078125 0.0671875
13 0.18125 0.378125 0.128125 0.0716796875
13 0.07109375 0.4578125 0.1421875 0.0939453125
13 0.1453125 0.5875 0.1529296875 0.0841796875
13 0.28828125 0.4375 0.1232421875 0.0623046875
13 0.3765625 0.57109375 0.168359375 0.094921875
13 0.43828125 0.68359375 0.1625 0.0921875
13 0.65 0.6765625 0.169140625 0.0814453125
13 0.81953125 0.56796875 0.153125 0.0951171875
13 0.6453125 0.5203125 0.1501953125 0.0814453125
13 0.50546875 0.4359375 0.0890625 0.053125
13 0.68984375 0.39609375 0.1453125 0.051171875
13 0.9296875 0.45078125 0.1404296875 0.0859375
13 0.59453125 0.328125 0.145703125 0.08046875
13 0.478125 0.25078125 0.125390625 0.0607421875
13 0.65 0.2328125 0.0716796875 0.0716796875
13 0.865625 0.31796875 0.11875 0.053125
7 0.303125 0.7484375 0.30625 0.0935546875
7 0.05390625 0.60859375 0.0736328125 0.1
7 0.0421875 0.35625 0.0564453125 0.0966796875
7 0.94609375 0.615625 0.073828125 0.068359375
7 0.81953125 0.43359375 0.103125 0.0484375
7 0.70078125 0.59140625 0.0798828125 0.0390625
7 0.6859375 0.7625 0.0998046875 0.055859375
7 0.56875 0.434375 0.062890625 0.046484375
11 0.25234375 0.66484375 0.10625 0.065625
11 0.221875 0.5109375 0.093359375 0.0470703125
11 0.05 0.5265625 0.0875 0.040625
11 0.12421875 0.3265625 0.0609375 0.0404296875
11 0.2140625 0.33125 0.0533203125 0.0373046875
11 0.27734375 0.3 0.071875 0.053125
11 0.35078125 0.28125 0.0580078125 0.0533203125
11 0.396875 0.40390625 0.068359375 0.0576171875
11 0.36171875 0.4859375 0.098046875 0.059765625
11 0.49140625 0.49375 0.0828125 0.074609375
11 0.4890625 0.60546875 0.08125 0.0515625
11 0.53828125 0.753125 0.0890625 0.0685546875
11 0.62734375 0.62734375 0.096875 0.0892578125
11 0.678125 0.446875 0.0998046875 0.0623046875
11 0.859375 0.4984375 0.0904296875 0.0533203125
11 0.94921875 0.534375 0.0705078125 0.055859375
11 0.9625 0.37578125 0.062109375 0.0419921875
11 0.678125 0.446875 0.094140625 0.053125
11 0.821875 0.3625 0.0591796875 0.074609375
11 0.70546875 0.34375 0.0609375 0.0341796875
11 0.459375 0.3328125 0.0654296875 0.040234375
11 0.39453125 0.21875 0.046875 0.028125
11 0.55625 0.20546875 0.059375 0.0375
11 0.715625 0.25 0.0470703125 0.034375
11 0.75546875 0.29453125 0.065625 0.0517578125
11 0.79140625 0.25546875 0.071875 0.030078125
11 0.70546875 0.340625 0.0642578125 0.0345703125