15 0.5336610984375 0.3062642625 0.47686596718749996 0.308292659375 0.41094304687500005 0.32147724375000003 0.3764602875 0.336690225 0.36124730625 0.3488606109375 0.261855825 0.3985563515625 0.1989755015625 0.4350675078125 0.1492797609375 0.4766496578125 0.11378280468749999 0.524317 0.10161241875 0.56184235625 0.099584021875 0.60241030625 0.10566921250000001 0.6379072640625 0.114797003125 0.6571770406249999 0.139137771875 0.6926739984375 0.1573933515625 0.7119437750000001 0.248671240625 0.7748241 0.2811256015625 0.79003708125 0.4687523765625 0.824519840625 0.5549592734375 0.8265482375 0.6360951765625 0.8204630453125 0.7060748921875 0.8062642625 0.753742234375 0.7920654796875 0.8663183 0.7393271421875001 0.9373122140625 0.6815178125 0.9728091734375001 0.6267510781250001 0.9796875 0.6061160953125 0.9796875 0.5589917718749999 0.9738233718749999 0.5192460062500001 0.9596245890624999 0.4746212609375 0.943397409375 0.444195296875 0.9160140421875 0.41376933281249995 0.8886306734374999 0.392471159375 0.836906534375 0.3650877921875 0.787210796875 0.344803815625 0.7324440609375 0.32857663593750003 0.6127686046874999 0.3103210578125 0.5336610984375 0.3062642625
13 0.73203125 0.39921875 0.1 0.0484375
13 0.54921875 0.70234375 0.0794921875 0.0513671875
13 0.72734375 0.6859375 0.1080078125 0.059765625
13 0.7078125 0.565625 0.1001953125 0.044140625
13 0.84453125 0.50859375 0.0984375 0.0359375
13 0.49296875 0.4453125 0.063671875 0.022265625
13 0.4953125 0.50234375 0.072265625 0.0296875
13 0.21328125 0.5578125 0.092578125 0.053125
13 0.26328125 0.46796875 0.0986328125 0.05
13 0.30625 0.40234375 0.078125 0.03125
13 0.421875 0.37421875 0.075390625 0.0330078125
13 0.490625 0.44296875 0.074609375 0.0265625
13 0.56875 0.36640625 0.0845703125 0.0236328125
13 0.62265625 0.4734375 0.0828125 0.03515625
12 0.81171875 0.59453125 0.10625 0.055078125
12 0.29921875 0.6421875 0.1048828125 0.0748046875
12 0.43203125 0.5375 0.0546875 0.0654296875
12 0.43203125 0.47578125 0.0611328125 0.0455078125
12 0.44296875 0.59921875 0.0892578125 0.0486328125
12 0.559375 0.60625 0.105859375 0.074609375
12 0.590625 0.503125 0.06875 0.034765625
12 0.65625 0.4078125 0.04453125 0.041015625
12 0.70078125 0.4625 0.0546875 0.0435546875
12 0.36328125 0.4875 0.053125 0.021875
16 0.4890625 0.40234375 0.097265625 0.0328125
16 0.3046875 0.4203125 0.1123046875 0.0314453125
16 0.5 0.70390625 0.0564453125 0.0921875
16 0.584375 0.625 0.118359375 0.0685546875
16 0.8421875 0.528125 0.133984375 0.0623046875
16 0.696875 0.5015625 0.1439453125 0.0345703125
16 0.60703125 0.43125 0.0919921875 0.0373046875
16 0.734375 0.396875 0.0404296875 0.049609375
6 0.7953125 0.45234375 0.146484375 0.0671875
6 0.35859375 0.67890625 0.0265625 0.0919921875
6 0.446875 0.640625 0.155859375 0.021875
6 0.52421875 0.496875 0.041796875 0.06875
6 0.5109375 0.459375 0.103125 0.05078125
6 0.375 0.40859375 0.128125 0.023046875
6 0.375 0.59296875 0.04921875 0.070703125
6 0.30703125 0.53671875 0.0515625 0.0890625
6 0.2171875 0.6296875 0.0279296875 0.0779296875
6 0.22734375 0.52421875 0.083203125 0.0171875
6 0.2265625 0.5125 0.071875 0.015625
6 0.26484375 0.56171875 0.0111328125 0.0703125
6 0.421875 0.4375 0.0685546875 0.0314453125
6 0.60625 0.5546875 0.071875 0.0533203125