15 1 0.0706316078125 0.9628770296875 0.055615574999999993 0.9257540609375001 0.04865501875 0.8503480281250001 0.023132976562499998 0.7749419953125 0.011532046875 0.6705336421875 0.015012326562500001 0.6020881671875 0.008051770312500001 0.5243619484375001 0.0138522328125 0.488399071875 0.006891675 0.46658208125 0.00625 0.4409204765625 0.00625 0.3770301625 0.01037195625 0.31206496562499997 0.023132976562499998 0.20881670468750002 0.05445548125000001 0.07772621874999999 0.1124601203125 0 0.1639411234375 0 0.7407577937500001 0.0475638046875 0.7795134874999999 0.103248259375 0.8108359921874999 0.2436194890625 0.86884063125 0.295823665625 0.8839218390625 0.3758700703125 0.9001631390625 0.6088699203125 0.903125 0.6601498875 0.903125 0.7436194890625 0.89900304375 0.834106728125 0.8839218390625 0.9883990718750001 0.8398383109375 1 0.8341452640625 1 0.0706316078125
13 0.06484375 0.18046875 0.1234375 0.078125
13 0.059375 0.3078125 0.118359375 0.083984375
13 0.0453125 0.55234375 0.090625 0.0982421875
13 0.16875 0.3765625 0.1435546875 0.0720703125
13 0.271875 0.53359375 0.196875 0.1109375
13 0.34453125 0.66484375 0.1892578125 0.1078125
13 0.59140625 0.65703125 0.1984375 0.0955078125
13 0.78984375 0.5296875 0.1794921875 0.109765625
13 0.5859375 0.4734375 0.177734375 0.0966796875
13 0.4234375 0.375 0.103515625 0.0625
13 0.6390625 0.32890625 0.169140625 0.059375
13 0.91875 0.39296875 0.1625 0.1013671875
13 0.5265625 0.24921875 0.171484375 0.0923828125
13 0.390625 0.15859375 0.1470703125 0.0703125
13 0.59140625 0.1375 0.0828125 0.081640625
13 0.84453125 0.2375 0.1388671875 0.0625
7 0.18671875 0.740625 0.3578125 0.1091796875
7 0.93828125 0.58515625 0.0875 0.0796875
7 0.78984375 0.37265625 0.1203125 0.057421875
7 0.6515625 0.55703125 0.09375 0.0455078125
7 0.63359375 0.75703125 0.1169921875 0.0640625
7 0.496875 0.3734375 0.0748046875 0.0533203125
11 0.12734375 0.64296875 0.123828125 0.0765625
11 0.09140625 0.4625 0.1078125 0.0560546875
11 0.08203125 0.253125 0.0625 0.043359375
11 0.15546875 0.215625 0.084375 0.0625
11 0.2421875 0.19453125 0.0685546875 0.0638671875
11 0.29609375 0.3375 0.0794921875 0.0658203125
11 0.2546875 0.43359375 0.1154296875 0.0703125
11 0.40703125 0.44296875 0.096875 0.0859375
11 0.40390625 0.5734375 0.0953125 0.0595703125
11 0.4609375 0.74609375 0.103515625 0.0796875
11 0.565625 0.59921875 0.112890625 0.1046875
11 0.62421875 0.3875 0.115625 0.0720703125
11 0.83671875 0.4484375 0.1046875 0.0625
11 0.94140625 0.490625 0.0828125 0.062890625
11 0.95703125 0.30546875 0.070703125 0.0484375
11 0.62421875 0.38828125 0.1111328125 0.0625
11 0.79296875 0.2890625 0.06875 0.084765625
11 0.65625 0.26796875 0.0716796875 0.0390625
11 0.36875 0.2546875 0.075 0.046484375
11 0.29375 0.121875 0.0560546875 0.0341796875
11 0.48203125 0.10546875 0.0701171875 0.04375
11 0.66875 0.1578125 0.05625 0.040625
11 0.715625 0.21015625 0.075390625 0.0609375
11 0.75703125 0.16484375 0.0830078125 0.0359375
11 0.65703125 0.26328125 0.076171875 0.041796875