15 0.3466796875 0.4970703125 0.251953125 0.5146484375 0.2109375 0.525390625 0.1142578125 0.572265625 0.0712890625 0.6083984375 0.0537109375 0.6328125 0.048828125 0.646484375 0.044921875 0.6845703125 0.0537109375 0.7099609375 0.0400390625 0.732421875 0.0390625 0.748046875 0.0556640625 0.78125 0.08203125 0.8125 0.123046875 0.8427734375 0.171875 0.8662109375 0.216796875 0.8818359375 0.27734375 0.8974609375 0.341796875 0.9072265625 0.4892578125 0.9150390625 0.587890625 0.9072265625 0.7060546875 0.880859375 0.7724609375 0.85546875 0.8251953125 0.830078125 0.8603515625 0.80859375 0.884765625 0.7841796875 0.904296875 0.7470703125 0.9091796875 0.69921875 0.9013671875 0.6630859375 0.8896484375 0.6337890625 0.8603515625 0.603515625 0.8017578125 0.5654296875 0.7568359375 0.544921875 0.6240234375 0.5087890625 0.50390625 0.4912109375 0.4814453125 0.501953125 0.40625 0.49609375 0.3466796875 0.4970703125
7 0.59453125 0.8265625 0.1453125 0.0453125
7 0.24921875 0.8015625 0.08203125 0.03515625
7 0.3484375 0.74375 0.21875 0.11171875
7 0.7453125 0.778125 0.1234375 0.03359375
7 0.5375 0.77265625 0.08828125 0.0703125
7 0.59375 0.83671875 0.14296875 0.04765625
7 0.63359375 0.7234375 0.15 0.0953125
7 0.746875 0.628125 0.08125 0.015625
7 0.82890625 0.67578125 0.05703125 0.0375
7 0.68125 0.54921875 0.10703125 0.04140625
7 0.54296875 0.54375 0.065625 0.06484375
7 0.47421875 0.55859375 0.05859375 0.046875
7 0.3671875 0.596875 0.09140625 0.0703125
7 0.38359375 0.54609375 0.109375 0.0328125
7 0.18671875 0.596875 0.115625 0.04453125
7 0.11484375 0.66953125 0.07109375 0.059375
7 0.3125 0.6109375 0.1703125 0.07734375
11 0.35546875 0.81796875 0.05859375 0.03515625
11 0.4359375 0.815625 0.06640625 0.0640625
11 0.4546875 0.759375 0.06015625 0.03125
11 0.5296875 0.7296875 0.040625 0.02578125
11 0.78671875 0.70703125 0.05546875 0.03828125
11 0.85546875 0.7328125 0.05390625 0.034375
11 0.684375 0.63828125 0.04609375 0.01796875
11 0.68828125 0.60078125 0.05 0.021875
11 0.6203125 0.571875 0.08046875 0.0375
11 0.51484375 0.58984375 0.04140625 0.0375
11 0.42109375 0.60703125 0.03828125 0.0390625
11 0.4703125 0.51328125 0.03515625 0.034375
11 0.4453125 0.5859375 0.0453125 0.02578125
11 0.3984375 0.67265625 0.0390625 0.040625
11 0.29296875 0.6375 0.05234375 0.034375
11 0.1828125 0.61796875 0.03359375 0.02265625
11 0.190625 0.7015625 0.04296875 0.01875
19 0.27734375 0.54453125 0.05859375 0.04375
19 0.19609375 0.7421875 0.0765625 0.05546875
19 0.16953125 0.6515625 0.0671875 0.040625
19 0.51640625 0.6734375 0.06171875 0.05703125
19 0.7609375 0.66171875 0.0734375 0.05
19 0.78125 0.60078125 0.0625 0.03515625