15 1 0.3990065453125 0.9770704859375 0.37982062656250004 0.9075637593750001 0.3394618828125 0.7976982890625 0.284529146875 0.780882146875 0.27107623125 0.742765553125 0.2542600890625 0.669895596875 0.239686096875 0.60868481875 0.2375 0.6060222921875 0.2375 0.5196713843749999 0.24192825 0.3873843890625 0.262107621875 0.3268462734375 0.28004484218750003 0.2719135359375 0.3024663671875 0.2147386484375 0.332735425 0.1844695890625 0.356278025 0.15420053125 0.38991031249999997 0.1362633109375 0.42354260000000005 0.12056824375 0.47286995468750004 0.1104785578125 0.5412556046875 0.111599634375 0.5614349765625 0.12168932031249999 0.591704034375 0.1609269890625 0.6522421515625 0.239402325 0.7161434984375 0.3638417875 0.7744394609375 0.41653236875 0.7901345281250001 0.4938866296875 0.8058295953125001 0.5828253546875 0.8125 0.5859549859375 0.8125 0.6788642078125 0.8103139 0.8862633109375 0.7721973078125 0.9221377515625001 0.7553811640625 1 0.7017427265625 1 0.3990065453125
13 0.809375 0.33984375 0.1095703125 0.0544921875
13 0.60703125 0.67578125 0.0861328125 0.05625
13 0.80390625 0.65703125 0.1203125 0.0671875
13 0.78203125 0.52421875 0.1111328125 0.05
13 0.9328125 0.46171875 0.108984375 0.0390625
13 0.54453125 0.39140625 0.0701171875 0.025
13 0.54765625 0.4546875 0.080078125 0.03359375
13 0.23515625 0.515625 0.103125 0.058984375
13 0.29140625 0.41640625 0.1107421875 0.0548828125
13 0.33828125 0.34375 0.0861328125 0.034375
13 0.465625 0.3125 0.084375 0.0375
13 0.5421875 0.3890625 0.08125 0.028515625
13 0.628125 0.3046875 0.0939453125 0.027734375
13 0.68828125 0.42265625 0.0919921875 0.0392578125
12 0.89765625 0.55625 0.1171875 0.062109375
12 0.33046875 0.60859375 0.1171875 0.0826171875
12 0.47734375 0.49296875 0.0609375 0.071875
12 0.47734375 0.425 0.0673828125 0.0501953125
12 0.48984375 0.5609375 0.0986328125 0.053515625
12 0.61796875 0.56953125 0.115625 0.08125
12 0.653125 0.45546875 0.075390625 0.0390625
12 0.725 0.34921875 0.05 0.0453125
12 0.77421875 0.41015625 0.0607421875 0.046875
12 0.4015625 0.4375 0.0591796875 0.0248046875
16 0.540625 0.34375 0.109375 0.037109375
16 0.33671875 0.3640625 0.1236328125 0.0345703125
16 0.553125 0.67734375 0.0625 0.1017578125
16 0.64609375 0.590625 0.129296875 0.075
16 0.92890625 0.4828125 0.1421875 0.06875
16 0.7703125 0.453125 0.159375 0.03828125
16 0.67109375 0.37578125 0.1013671875 0.040625
16 0.81171875 0.3375 0.04375 0.053125
6 0.8796875 0.39921875 0.159765625 0.0736328125
6 0.39609375 0.64921875 0.0296875 0.1013671875
6 0.49375 0.60703125 0.1716796875 0.0236328125
6 0.57890625 0.4484375 0.045703125 0.07734375
6 0.56484375 0.40625 0.1140625 0.056640625
6 0.41484375 0.35078125 0.1419921875 0.025
6 0.41484375 0.5546875 0.053125 0.078515625
6 0.3390625 0.4921875 0.056640625 0.09765625
6 0.23984375 0.5953125 0.0298828125 0.084765625
6 0.25078125 0.478125 0.0921875 0.01875
6 0.25 0.465625 0.08046875 0.01796875
6 0.29296875 0.5203125 0.0138671875 0.0779296875
6 0.46640625 0.3828125 0.0763671875 0.034765625
6 0.66953125 0.5125 0.0796875 0.059375