15 0.3349609375 0.333984375 0.2265625 0.384765625 0.158203125 0.4404296875 0.1240234375 0.4931640625 0.115234375 0.51953125 0.1142578125 0.537109375 0.123046875 0.5966796875 0.13671875 0.6396484375 0.15234375 0.6689453125 0.1787109375 0.6982421875 0.205078125 0.71875 0.2548828125 0.7451171875 0.302734375 0.7646484375 0.35546875 0.7802734375 0.470703125 0.7978515625 0.546875 0.8017578125 0.6015625 0.7998046875 0.6650390625 0.787109375 0.6982421875 0.7724609375 0.712890625 0.7607421875 0.80859375 0.712890625 0.869140625 0.677734375 0.9169921875 0.6376953125 0.951171875 0.591796875 0.962890625 0.5556640625 0.96484375 0.5166015625 0.958984375 0.482421875 0.9501953125 0.4638671875 0.9267578125 0.4296875 0.9091796875 0.4111328125 0.8212890625 0.3505859375 0.7900390625 0.3359375 0.609375 0.302734375 0.5263671875 0.30078125 0.4482421875 0.306640625 0.380859375 0.3203125 0.3349609375 0.333984375
13 0.7234375 0.38984375 0.09609375 0.046875
13 0.546875 0.68203125 0.07578125 0.0484375
13 0.71953125 0.66640625 0.1046875 0.05859375
13 0.7 0.55078125 0.096875 0.04375
13 0.83125 0.49609375 0.09453125 0.034375
13 0.49296875 0.43515625 0.0609375 0.021875
13 0.49609375 0.48984375 0.0703125 0.02890625
13 0.2234375 0.54296875 0.08984375 0.05078125
13 0.27265625 0.45703125 0.09609375 0.0484375
13 0.31328125 0.39375 0.075 0.0296875
13 0.42421875 0.36640625 0.0734375 0.03203125
13 0.490625 0.4328125 0.07109375 0.02578125
13 0.565625 0.35859375 0.08203125 0.0234375
13 0.61796875 0.46171875 0.0796875 0.034375
12 0.8 0.578125 0.1015625 0.053125
12 0.30625 0.62421875 0.1015625 0.07109375
12 0.434375 0.5234375 0.053125 0.0625
12 0.434375 0.46328125 0.059375 0.04375
12 0.4453125 0.5828125 0.0859375 0.04765625
12 0.55703125 0.58984375 0.10078125 0.07109375
12 0.5875 0.490625 0.065625 0.034375
12 0.65 0.3984375 0.04375 0.03984375
12 0.69296875 0.4515625 0.05234375 0.04140625
12 0.36796875 0.475 0.0515625 0.02109375
16 0.4890625 0.39296875 0.0953125 0.03125
16 0.31171875 0.4109375 0.1078125 0.03046875
16 0.5 0.68359375 0.0546875 0.0890625
16 0.58125 0.6078125 0.1125 0.065625
16 0.8296875 0.5140625 0.128125 0.059375
16 0.68984375 0.4890625 0.1390625 0.03359375
16 0.603125 0.42109375 0.0875 0.0359375
16 0.725 0.3875 0.03828125 0.04609375
6 0.784375 0.44140625 0.13984375 0.06484375
6 0.36328125 0.659375 0.02578125 0.0875
6 0.4484375 0.62265625 0.14921875 0.02109375
6 0.52265625 0.484375 0.03984375 0.06640625
6 0.5109375 0.44765625 0.1 0.05
6 0.3796875 0.39921875 0.1234375 0.021875
6 0.3796875 0.5765625 0.046875 0.06875
6 0.3140625 0.52265625 0.05 0.08515625
6 0.228125 0.61171875 0.0265625 0.075
6 0.2375 0.51015625 0.08046875 0.01640625
6 0.23671875 0.49921875 0.06953125 0.01484375
6 0.2734375 0.546875 0.01171875 0.06796875
6 0.425 0.4265625 0.065625 0.03125
6 0.60234375 0.53984375 0.06953125 0.0515625