15 1 0.2685546875 0.947265625 0.2255859375 0.900390625 0.19921875 0.7822265625 0.150390625 0.73828125 0.1376953125 0.6708984375 0.1240234375 0.4404296875 0.12109375 0.361328125 0.125 0.28515625 0.1376953125 0.1552734375 0.1748046875 0.0498046875 0.2265625 0 0.265625 0 0.4873046875 0.0048828125 0.4921875 0.0048828125 0.501953125 0 0.509765625 0 0.7392578125 0.0302734375 0.7646484375 0.08984375 0.7998046875 0.1767578125 0.8349609375 0.2080078125 0.8408203125 0.271484375 0.8623046875 0.3349609375 0.8720703125 0.4228515625 0.869140625 0.48046875 0.875 0.5458984375 0.8701171875 0.576171875 0.8759765625 0.609375 0.876953125 0.669921875 0.873046875 0.724609375 0.8623046875 0.8115234375 0.8359375 0.921875 0.787109375 0.9970703125 0.7373046875 1 0.734375 1 0.2685546875
13 0.2 0.26796875 0.10390625 0.065625
13 0.1828125 0.37578125 0.1265625 0.0703125
13 0.071875 0.45390625 0.14375 0.09296875
13 0.146875 0.58125 0.15 0.08203125
13 0.2875 0.43359375 0.1203125 0.0609375
13 0.37421875 0.565625 0.165625 0.09296875
13 0.4359375 0.67578125 0.16015625 0.090625
13 0.64375 0.66875 0.1671875 0.08125
13 0.8109375 0.5625 0.15078125 0.09296875
13 0.6390625 0.51484375 0.1484375 0.08046875
13 0.5015625 0.43203125 0.0875 0.05234375
13 0.68359375 0.39296875 0.14296875 0.05
13 0.92421875 0.446875 0.14609375 0.08515625
13 0.5890625 0.3265625 0.14375 0.07890625
13 0.47421875 0.24921875 0.12421875 0.059375
13 0.64375 0.23203125 0.06953125 0.06953125
13 0.85625 0.31640625 0.11640625 0.05234375
7 0.30234375 0.73984375 0.3015625 0.09140625
7 0.05703125 0.60234375 0.07265625 0.0984375
7 0.0453125 0.35390625 0.05625 0.0953125
7 0.93515625 0.60859375 0.0734375 0.0671875
7 0.81015625 0.4296875 0.10078125 0.0484375
7 0.69375 0.58515625 0.07890625 0.03828125
7 0.67890625 0.753125 0.09765625 0.05390625
7 0.5640625 0.43046875 0.0625 0.0453125
11 0.25234375 0.6578125 0.1046875 0.0640625
11 0.22265625 0.50546875 0.090625 0.046875
11 0.053125 0.521875 0.0859375 0.03984375
11 0.1265625 0.325 0.06015625 0.0390625
11 0.2140625 0.3296875 0.053125 0.0359375
11 0.2765625 0.29765625 0.07109375 0.05234375
11 0.34921875 0.2796875 0.05703125 0.053125
11 0.39453125 0.4 0.06640625 0.05625
11 0.359375 0.48125 0.09609375 0.059375
11 0.4875 0.4890625 0.08125 0.071875
11 0.48515625 0.59921875 0.0796875 0.05078125
11 0.53359375 0.74453125 0.0875 0.0671875
11 0.621875 0.62109375 0.09609375 0.08828125
11 0.67109375 0.4421875 0.09765625 0.0609375
11 0.85 0.49375 0.08828125 0.053125
11 0.93828125 0.52890625 0.0703125 0.05390625
11 0.95078125 0.3734375 0.059375 0.04140625
11 0.67109375 0.44296875 0.09453125 0.05234375
11 0.81328125 0.36015625 0.0578125 0.07265625
11 0.6984375 0.34140625 0.059375 0.0328125
11 0.45625 0.33046875 0.06328125 0.03828125
11 0.3921875 0.21875 0.04609375 0.028125
11 0.55078125 0.2046875 0.05859375 0.0375
11 0.70859375 0.24921875 0.046875 0.034375
11 0.74765625 0.29296875 0.0640625 0.0515625
11 0.7828125 0.2546875 0.0703125 0.03046875
11 0.6984375 0.3375 0.0640625 0.034375