15 0.25086751406249996 0.8759162765624999 0.38311246875 0.9492603453124999 0.41683518125 0.96875 0.4262064921875 0.96875 0.44727079375 0.9510067078125 0.5860625234375 0.8968716859375 0.804724896875 0.7239891859375 0.8328125 0.647365390625 0.8328125 0.6386102046875 0.806034134375 0.3852091640625 0.756278596875 0.177400790625 0.6096308546875 0.018488553125 0.3975153546875 0.020234814062500002 0.15659398125 0.1477139375 0.10029166875 0.2751928609375 0.12124143125 0.5860323562499999 0.1029104390625 0.6174655390625 0.14350042968750001 0.6663616734375 0.25086751406249996 0.8759162765624999
5 0.4796875 0.2375 0.084375 0.1126953125
5 0.328125 0.31875 0.093359375 0.100390625
5 0.4 0.53125 0.093359375 0.099609375
5 0.41015625 0.43671875 0.0861328125 0.075
5 0.55859375 0.3828125 0.0859375 0.121484375
5 0.6890625 0.4421875 0.0751953125 0.0998046875
5 0.62734375 0.65078125 0.06875 0.09375
5 0.30703125 0.72265625 0.0798828125 0.1109375
5 0.51796875 0.73359375 0.092578125 0.0890625
5 0.3703125 0.6046875 0.034765625 0.0498046875
9 0.20390625 0.45078125 0.040625 0.046875
9 0.2015625 0.49921875 0.028515625 0.0482421875
9 0.31640625 0.56953125 0.0267578125 0.075
9 0.35703125 0.2265625 0.067578125 0.055859375
9 0.4015625 0.321875 0.0310546875 0.059375
9 0.21953125 0.33515625 0.0984375 0.0826171875
9 0.51875 0.5125 0.06875 0.05625
9 0.47109375 0.35703125 0.071875 0.090625
9 0.5609375 0.26484375 0.0470703125 0.0419921875
9 0.39296875 0.71328125 0.0548828125 0.0736328125
7 0.6578125 0.3375 0.096875 0.094140625
7 0.5234375 0.621875 0.128515625 0.1060546875
7 0.29375 0.4328125 0.0783203125 0.0970703125
7 0.2140625 0.6125 0.0408203125 0.1435546875
7 0.28671875 0.5796875 0.0234375 0.155859375
7 0.46796875 0.815625 0.1625 0.112890625
7 0.60625 0.5125 0.075390625 0.074609375