15 0.233882 0.1848463515625 0.18771204375 0.26865924375 0.200537009375 0.33194654843750004 0.1729633609375 0.43286411406249997 0.1761696515625 0.6492381578125 0.2351644765625 0.7817994406250001 0.3236567640625 0.8912694406250001 0.324939240625 0.94600434375 0.378804059375 0.9596881343750001 0.394194078125 0.9254787875 0.5301387 0.9545566796875 0.610935928125 0.9579775625 0.7930505078125 0.7903518421875 0.8494802796875 0.6569353390625 0.8392204640625 0.43628509375 0.7599358671875 0.1435897453125 0.612218503125 0.063403196875 0.4198440109375 0.0805078703125 0.3236567640625 0.08221834375 0.233882 0.1848463515625
2 0.4421875 0.57421875 0.153125 0.096875
2 0.4109375 0.33828125 0.0671875 0.1625
2 0.58359375 0.2578125 0.12421875 0.1171875
2 0.6171875 0.409375 0.0640625 0.10859375
2 0.2953125 0.40390625 0.0796875 0.10234375
2 0.41875 0.6828125 0.0671875 0.11640625
2 0.65234375 0.55234375 0.06953125 0.15859375
2 0.4828125 0.33203125 0.06796875 0.103125
2 0.53359375 0.46640625 0.10546875 0.08671875
2 0.71015625 0.25234375 0.05078125 0.084375
2 0.4140625 0.18125 0.0484375 0.05859375
2 0.71796875 0.62890625 0.0375 0.05625
2 0.32734375 0.61171875 0.07734375 0.0390625
2 0.4171875 0.4828125 0.0546875 0.0671875
17 0.75546875 0.4578125 0.16171875 0.046875
17 0.53515625 0.775 0.146875 0.2328125
17 0.2859375 0.5140625 0.0625 0.1046875
17 0.31796875 0.30625 0.0578125 0.06875
17 0.4890625 0.1140625 0.134375 0.0734375
17 0.46484375 0.24140625 0.08359375 0.071875
17 0.46328125 0.4140625 0.034375 0.05390625
17 0.546875 0.62734375 0.02890625 0.06171875
17 0.546875 0.371875 0.05390625 0.08046875
7 0.7484375 0.55 0.10234375 0.1078125
7 0.34765625 0.74296875 0.0796875 0.1640625
7 0.4921875 0.17265625 0.09921875 0.03203125
7 0.65 0.73359375 0.06796875 0.12421875