15 0.433569940625 0 0.27907943125 0.0837850359375 0.1924660078125 0.403237984375 0.1812578015625 0.6440596125 0.2429037734375 0.789672775 0.44185247343749995 0.9726224875 0.530118353125 0.968888875 0.6786292859375 0.937152740625 0.694968225 0.9734375 0.6995866125 0.9734375 0.754285828125 0.959554703125 0.75568685625 0.8998160484375 0.8523590999999999 0.7803385296875 0.9168072296875 0.635658771875 0.91875 0.50467465625 0.91875 0.3938004734375 0.8901874265625 0.2893610265625 0.9041978953124999 0.2202881265625 0.8537601265625 0.1288132359375 0.75568685625 0.016803190625 0.6506083484375 0.0149363484375 0.48246392499999996 0 0.433569940625 0
2 0.475 0.55390625 0.16796875 0.105078125
2 0.440625 0.29609375 0.074609375 0.1767578125
2 0.6296875 0.20859375 0.13515625 0.128125
2 0.66640625 0.37421875 0.0703125 0.11875
2 0.31484375 0.36796875 0.0875 0.1111328125
2 0.44921875 0.671875 0.0734375 0.127734375
2 0.7046875 0.5296875 0.0751953125 0.172265625
2 0.5203125 0.2890625 0.0748046875 0.1125
2 0.57578125 0.43671875 0.114453125 0.094921875
2 0.76796875 0.20234375 0.0548828125 0.0921875
2 0.44453125 0.125 0.051953125 0.06328125
2 0.7765625 0.61328125 0.0408203125 0.0609375
2 0.35 0.5953125 0.084375 0.041015625
2 0.44765625 0.4546875 0.059375 0.072265625
17 0.81796875 0.4265625 0.1765625 0.0501953125
17 0.5765625 0.77265625 0.1595703125 0.2544921875
17 0.3046875 0.48828125 0.068359375 0.1140625
17 0.3390625 0.26171875 0.062890625 0.075
17 0.5265625 0.0515625 0.1466796875 0.078515625
17 0.50078125 0.190625 0.0919921875 0.078125
17 0.4984375 0.3796875 0.0375 0.059375
17 0.58984375 0.6125 0.03125 0.0685546875
17 0.58984375 0.33359375 0.059375 0.0888671875
7 0.81015625 0.52734375 0.111328125 0.117578125
7 0.37265625 0.7375 0.0875 0.1783203125
7 0.5296875 0.115625 0.1091796875 0.0345703125
7 0.70234375 0.72734375 0.075 0.1357421875