15 0.23803400468749997 0.006485231249999999 0.111280596875 0.1439684171875 0.0577408359375 0.3677920984375 0.028153009375 0.6480419093750001 0.0591496453125 0.7326811046875 0.29444268125 0.9188872578125 0.44379040156249994 0.9771943390625 0.47056017499999997 0.9997647687500001 0.5128283734375 0.9753133875 0.6551313953125 0.8963168625 0.770664428125 0.6706123765625 0.81434154375 0.6179479296875 0.7946163640624999 0.584092265625 0.817159490625 0.24929709375 0.756575028125 0.11199366718749999 0.5573630406250001 0.006485231249999999 0.23803400468749997 0.006485231249999999
5 0.43671875 0.24296875 0.090625 0.121875
5 0.27421875 0.33046875 0.1 0.1080078125
5 0.3515625 0.559375 0.0998046875 0.10625
5 0.3625 0.45703125 0.0935546875 0.0798828125
5 0.521875 0.39921875 0.093359375 0.1294921875
5 0.66328125 0.46328125 0.08125 0.1076171875
5 0.59609375 0.68828125 0.073828125 0.101171875
5 0.2515625 0.765625 0.0873046875 0.11875
5 0.47890625 0.77734375 0.1 0.0953125
5 0.31953125 0.63828125 0.0390625 0.053125
9 0.140625 0.47265625 0.04375 0.05
9 0.13828125 0.525 0.032421875 0.05078125
9 0.26171875 0.6 0.0296875 0.0810546875
9 0.3046875 0.23046875 0.07265625 0.060546875
9 0.353125 0.33359375 0.03203125 0.0640625
9 0.1578125 0.3484375 0.10625 0.0876953125
9 0.4796875 0.5390625 0.072265625 0.059765625
9 0.428125 0.371875 0.077734375 0.097265625
9 0.52421875 0.271875 0.0513671875 0.0439453125
9 0.34375 0.7546875 0.0595703125 0.078515625
7 0.62890625 0.35078125 0.1046875 0.101953125
7 0.484375 0.65703125 0.1404296875 0.1140625
7 0.23671875 0.453125 0.085546875 0.10546875
7 0.1515625 0.64609375 0.044140625 0.154296875
7 0.2296875 0.6109375 0.025390625 0.168359375
7 0.42421875 0.865625 0.175 0.121875
7 0.5734375 0.5390625 0.083984375 0.078515625