15 0.146672190625 0.3199732625 0.106914815625 0.3678664015625 0.1248697875 0.3986548 0.1043497640625 0.7031181015625 0.1594971578125 0.8279820718750001 0.3954765546875 0.9528462390625 0.6032409671875001 0.9545566796875 0.74688055 0.7989041796875 0.7956154609375 0.5953585421875001 0.82254796875 0.340498884375 0.7943330828125 0.2635278546875 0.5801560875 0.0941916609375 0.4442113671875 0.041167103125 0.4198440109375 0.020641514062499998 0.38136911093750003 0.042877642187499995 0.251836875 0.11471721718750001 0.146672190625 0.3199732625
5 0.47578125 0.23515625 0.0828125 0.1109375
5 0.328125 0.31484375 0.09140625 0.09921875
5 0.39765625 0.5234375 0.08984375 0.096875
5 0.4078125 0.43046875 0.08515625 0.0734375
5 0.55390625 0.37734375 0.084375 0.1171875
5 0.68125 0.4359375 0.07421875 0.096875
5 0.6203125 0.63984375 0.06796875 0.09140625
5 0.30703125 0.7109375 0.07890625 0.10859375
5 0.5140625 0.72109375 0.09140625 0.08671875
5 0.36875 0.5953125 0.03515625 0.0484375
9 0.20625 0.44453125 0.03984375 0.04609375
9 0.20390625 0.49140625 0.02890625 0.046875
9 0.31640625 0.56015625 0.0265625 0.0734375
9 0.35546875 0.22421875 0.06640625 0.0546875
9 0.4 0.31796875 0.0296875 0.05859375
9 0.221875 0.33125 0.09609375 0.08046875
9 0.51484375 0.5046875 0.0671875 0.05546875
9 0.46796875 0.35234375 0.0703125 0.0890625
9 0.55546875 0.2625 0.046875 0.040625
9 0.39140625 0.70078125 0.0546875 0.07265625
7 0.65078125 0.33359375 0.0953125 0.09296875
7 0.51875 0.61171875 0.12734375 0.10390625
7 0.29375 0.4265625 0.07734375 0.0953125
7 0.21640625 0.60234375 0.040625 0.13984375
7 0.2875 0.5703125 0.0234375 0.15234375
7 0.46484375 0.8015625 0.159375 0.1109375
7 0.6 0.5046875 0.075 0.071875