15 0.6578204765625 0.980474634375 0.7675076875 0.9785240937499999 0.8698824171874999 0.8614921578124999 0.9225323671875 0.765916053125 0.90790740625 0.6937463187499999 0.9359375 0.591158196875 0.9359375 0.34830476718750003 0.9356947437500001 0.3319225515625 0.86841994375 0.1807561765625 0.7791567640625 0.0703325390625 0.3416065875 0.0703325390625 0.23223412031250001 0.1710034375 0.16788437812499998 0.3231450640625 0.1795841703125 0.5747637671875 0.269996428125 0.9085391625 0.43844605468750003 0.9999799640625 0.6578204765625 0.980474634375
2 0.475 0.653125 0.1748046875 0.1095703125
2 0.4390625 0.38359375 0.077734375 0.1857421875
2 0.6359375 0.2921875 0.14140625 0.133984375
2 0.675 0.46484375 0.074609375 0.1234375
2 0.30703125 0.45859375 0.0919921875 0.1169921875
2 0.44765625 0.7765625 0.0765625 0.133984375
2 0.7140625 0.62734375 0.0783203125 0.18125
2 0.521875 0.3765625 0.078125 0.11640625
2 0.5796875 0.53046875 0.121484375 0.0984375
2 0.78046875 0.28515625 0.0578125 0.0955078125
2 0.44296875 0.2046875 0.0546875 0.0658203125
2 0.7890625 0.71484375 0.0435546875 0.0640625
2 0.34375 0.69609375 0.0876953125 0.0451171875
2 0.44609375 0.5484375 0.0625 0.077734375
17 0.8328125 0.51953125 0.184375 0.053125
17 0.58046875 0.87421875 0.1671875 0.2515625
17 0.296875 0.584375 0.071484375 0.11875
17 0.3328125 0.346875 0.0658203125 0.078125
17 0.528125 0.128125 0.153125 0.0841796875
17 0.5015625 0.2734375 0.096484375 0.0814453125
17 0.4984375 0.4703125 0.040234375 0.0623046875
17 0.59375 0.7140625 0.031640625 0.0716796875
17 0.59375 0.421875 0.0623046875 0.093359375
7 0.82421875 0.625 0.116796875 0.122265625
7 0.3671875 0.84453125 0.090625 0.1861328125
7 0.53203125 0.19453125 0.113671875 0.0359375
7 0.71171875 0.834375 0.078125 0.1408203125